season,date,game_id,play_id,neutral,half,home,away,home_name,away_name,home_timeouts,away_timeouts,home_score,away_score,score_diff,team_id,event_team,game_secs_remaining,half_secs_remaining,play_length,desc,shot_outcome,free_throw,three_pt,shot_desc,loc_x,loc_y,shooter_id,shooter,assist,substitution,poss_before,poss_after,poss_number,sub_error,home_1,home_2,home_3,home_4,home_5,away_1,away_2,away_3,away_4,away_5
2012-13,2013-02-02,1257691,1,0,1,Pittsburgh,Syracuse,Panthers,Orange,4,4,0,0,0,1570,Pittsburgh,NA,NA,NA,Starting Lineup - Tray Woodall,NA,FALSE,FALSE,NA,NA,NA,NA,NA,NA,1,NA,NA,NA,NA,Tray Woodall,Lamar Patterson,Talib Zanna,Steven Adams,James Robinson,Brandon Triche,C.J. Fair,Michael Carter-Williams,Rakeem Christmas,Jerami Grant
2012-13,2013-02-02,1257691,1,0,1,Pittsburgh,Syracuse,Panthers,Orange,4,4,0,0,0,1570,Pittsburgh,NA,NA,NA,Starting Lineup - Lamar Patterson,NA,FALSE,FALSE,NA,NA,NA,NA,NA,NA,1,NA,NA,NA,NA,Tray Woodall,Lamar Patterson,Talib Zanna,Steven Adams,James Robinson,Brandon Triche,C.J. Fair,Michael Carter-Williams,Rakeem Christmas,Jerami Grant
2012-13,2013-02-02,1257691,1,0,1,Pittsburgh,Syracuse,Panthers,Orange,4,4,0,0,0,1570,Pittsburgh,NA,NA,NA,Starting Lineup - Talib Zanna,NA,FALSE,FALSE,NA,NA,NA,NA,NA,NA,1,NA,NA,NA,NA,Tray Woodall,Lamar Patterson,Talib Zanna,Steven Adams,James Robinson,Brandon Triche,C.J. Fair,Michael Carter-Williams,Rakeem Christmas,Jerami Grant
2012-13,2013-02-02,1257691,1,0,1,Pittsburgh,Syracuse,Panthers,Orange,4,4,0,0,0,1633,Syracuse,NA,NA,NA,Starting Lineup - Brandon Triche,NA,FALSE,FALSE,NA,NA,NA,NA,NA,NA,1,NA,NA,NA,NA,Tray Woodall,Lamar Patterson,Talib Zanna,Steven Adams,James Robinson,Brandon Triche,C.J. Fair,Michael Carter-Williams,Rakeem Christmas,Jerami Grant
2012-13,2013-02-02,1257691,1,0,1,Pittsburgh,Syracuse,Panthers,Orange,4,4,0,0,0,1633,Syracuse,NA,NA,NA,Starting Lineup - C.J. Fair,NA,FALSE,FALSE,NA,NA,NA,NA,NA,NA,1,NA,NA,NA,NA,Tray Woodall,Lamar Patterson,Talib Zanna,Steven Adams,James Robinson,Brandon Triche,C.J. Fair,Michael Carter-Williams,Rakeem Christmas,Jerami Grant
2012-13,2013-02-02,1257691,1,0,1,Pittsburgh,Syracuse,Panthers,Orange,4,4,0,0,0,1633,Syracuse,NA,NA,NA,Starting Lineup - Michael Carter-Williams,NA,FALSE,FALSE,NA,NA,NA,NA,NA,NA,1,NA,NA,NA,NA,Tray Woodall,Lamar Patterson,Talib Zanna,Steven Adams,James Robinson,Brandon Triche,C.J. Fair,Michael Carter-Williams,Rakeem Christmas,Jerami Grant
2012-13,2013-02-02,1257691,1,0,1,Pittsburgh,Syracuse,Panthers,Orange,4,4,0,0,0,1633,Syracuse,NA,NA,NA,Starting Lineup - Rakeem Christmas,NA,FALSE,FALSE,NA,NA,NA,NA,NA,NA,1,NA,NA,NA,NA,Tray Woodall,Lamar Patterson,Talib Zanna,Steven Adams,James Robinson,Brandon Triche,C.J. Fair,Michael Carter-Williams,Rakeem Christmas,Jerami Grant
2012-13,2013-02-02,1257691,1,0,1,Pittsburgh,Syracuse,Panthers,Orange,4,4,0,0,0,1570,Pittsburgh,NA,NA,NA,Starting Lineup - Steven Adams,NA,FALSE,FALSE,NA,NA,NA,NA,NA,NA,1,NA,NA,NA,NA,Tray Woodall,Lamar Patterson,Talib Zanna,Steven Adams,James Robinson,Brandon Triche,C.J. Fair,Michael Carter-Williams,Rakeem Christmas,Jerami Grant
2012-13,2013-02-02,1257691,1,0,1,Pittsburgh,Syracuse,Panthers,Orange,4,4,0,0,0,1570,Pittsburgh,NA,NA,NA,Starting Lineup - James Robinson,NA,FALSE,FALSE,NA,NA,NA,NA,NA,NA,1,NA,NA,NA,NA,Tray Woodall,Lamar Patterson,Talib Zanna,Steven Adams,James Robinson,Brandon Triche,C.J. Fair,Michael Carter-Williams,Rakeem Christmas,Jerami Grant
2012-13,2013-02-02,1257691,1,0,1,Pittsburgh,Syracuse,Panthers,Orange,4,4,0,0,0,1633,Syracuse,NA,NA,NA,Starting Lineup - Jerami Grant,NA,FALSE,FALSE,NA,NA,NA,NA,NA,NA,1,NA,NA,NA,NA,Tray Woodall,Lamar Patterson,Talib Zanna,Steven Adams,James Robinson,Brandon Triche,C.J. Fair,Michael Carter-Williams,Rakeem Christmas,Jerami Grant
2012-13,2013-02-02,1257691,2,0,1,Pittsburgh,Syracuse,Panthers,Orange,4,4,0,0,0,NA,NA,2400,1200,NA,Start of the 1st Half,NA,FALSE,FALSE,NA,NA,NA,NA,NA,NA,0,NA,Syracuse,1,NA,Tray Woodall,Lamar Patterson,Talib Zanna,Steven Adams,James Robinson,Brandon Triche,C.J. Fair,Michael Carter-Williams,Rakeem Christmas,Jerami Grant
2012-13,2013-02-02,1257691,4,0,1,Pittsburgh,Syracuse,Panthers,Orange,4,4,0,0,0,1633,Syracuse,2374,1174,26,Jerami Grant misses a jump shot from 11 feet out.,missed,FALSE,FALSE,Jump Shot,35.3,9.95,699826,Jerami Grant,NA,0,Syracuse,Syracuse,1,NA,Tray Woodall,Lamar Patterson,Talib Zanna,Steven Adams,James Robinson,Brandon Triche,C.J. Fair,Michael Carter-Williams,Rakeem Christmas,Jerami Grant
2012-13,2013-02-02,1257691,5,0,1,Pittsburgh,Syracuse,Panthers,Orange,4,4,0,0,0,1570,Pittsburgh,2374,1174,0,Lamar Patterson with a defensive rebound.,NA,FALSE,FALSE,NA,NA,NA,NA,NA,NA,0,Syracuse,Pittsburgh,1,NA,Tray Woodall,Lamar Patterson,Talib Zanna,Steven Adams,James Robinson,Brandon Triche,C.J. Fair,Michael Carter-Williams,Rakeem Christmas,Jerami Grant
2012-13,2013-02-02,1257691,6.5,0,1,Pittsburgh,Syracuse,Panthers,Orange,4,4,0,0,0,1570,Pittsburgh,2347,1147,27,Lamar Patterson with a turnover - Lost Ball,NA,FALSE,FALSE,NA,NA,NA,NA,NA,NA,0,Pittsburgh,Syracuse,2,NA,Tray Woodall,Lamar Patterson,Talib Zanna,Steven Adams,James Robinson,Brandon Triche,C.J. Fair,Michael Carter-Williams,Rakeem Christmas,Jerami Grant
2012-13,2013-02-02,1257691,7,0,1,Pittsburgh,Syracuse,Panthers,Orange,4,4,0,0,0,1633,Syracuse,2336,1136,11,Lamar Patterson steals the ball from Brandon Triche.,NA,FALSE,FALSE,NA,NA,NA,NA,NA,NA,0,Syracuse,Pittsburgh,3,NA,Tray Woodall,Lamar Patterson,Talib Zanna,Steven Adams,James Robinson,Brandon Triche,C.J. Fair,Michael Carter-Williams,Rakeem Christmas,Jerami Grant
2012-13,2013-02-02,1257691,8,0,1,Pittsburgh,Syracuse,Panthers,Orange,4,4,2,0,2,1570,Pittsburgh,2330,1130,6,Tray Woodall makes a jump shot from 13 feet out. James Robinson with the assist.,made,FALSE,FALSE,Jump Shot,13.399999999999999,10.049999999999997,462985,Tray Woodall,James Robinson,0,Pittsburgh,Syracuse,4,NA,Tray Woodall,Lamar Patterson,Talib Zanna,Steven Adams,James Robinson,Brandon Triche,C.J. Fair,Michael Carter-Williams,Rakeem Christmas,Jerami Grant
2012-13,2013-02-02,1257691,11,0,1,Pittsburgh,Syracuse,Panthers,Orange,4,4,2,0,2,1633,Syracuse,2304,1104,26,C.J. Fair misses a jump shot from 18 feet out.,missed,FALSE,FALSE,Jump Shot,12.5,18.05,552005,C.J. Fair,NA,0,Syracuse,Syracuse,5,NA,Tray Woodall,Lamar Patterson,Talib Zanna,Steven Adams,James Robinson,Brandon Triche,C.J. Fair,Michael Carter-Williams,Rakeem Christmas,Jerami Grant
2012-13,2013-02-02,1257691,12,0,1,Pittsburgh,Syracuse,Panthers,Orange,4,4,2,0,2,1570,Pittsburgh,2304,1104,0,Talib Zanna with a defensive rebound.,NA,FALSE,FALSE,NA,NA,NA,NA,NA,NA,0,Syracuse,Pittsburgh,5,NA,Tray Woodall,Lamar Patterson,Talib Zanna,Steven Adams,James Robinson,Brandon Triche,C.J. Fair,Michael Carter-Williams,Rakeem Christmas,Jerami Grant
2012-13,2013-02-02,1257691,13,0,1,Pittsburgh,Syracuse,Panthers,Orange,4,4,2,0,2,1570,Pittsburgh,2278,1078,26,Jerami Grant blocks a Talib Zanna layup.,missed,FALSE,FALSE,Layup Shot,26,6.25,504906,Talib Zanna,NA,0,Pittsburgh,Pittsburgh,6,NA,Tray Woodall,Lamar Patterson,Talib Zanna,Steven Adams,James Robinson,Brandon Triche,C.J. Fair,Michael Carter-Williams,Rakeem Christmas,Jerami Grant
2012-13,2013-02-02,1257691,14,0,1,Pittsburgh,Syracuse,Panthers,Orange,4,4,2,0,2,1570,Pittsburgh,2278,1078,0,Steven Adams with an offensive rebound.,NA,FALSE,FALSE,NA,NA,NA,NA,NA,NA,0,Pittsburgh,Pittsburgh,6,NA,Tray Woodall,Lamar Patterson,Talib Zanna,Steven Adams,James Robinson,Brandon Triche,C.J. Fair,Michael Carter-Williams,Rakeem Christmas,Jerami Grant
2012-13,2013-02-02,1257691,15,0,1,Pittsburgh,Syracuse,Panthers,Orange,4,4,2,0,2,1570,Pittsburgh,2273,1073,5,C.J. Fair steals the ball from Steven Adams.,NA,FALSE,FALSE,NA,NA,NA,NA,NA,NA,0,Pittsburgh,Syracuse,6,NA,Tray Woodall,Lamar Patterson,Talib Zanna,Steven Adams,James Robinson,Brandon Triche,C.J. Fair,Michael Carter-Williams,Rakeem Christmas,Jerami Grant
2012-13,2013-02-02,1257691,16,0,1,Pittsburgh,Syracuse,Panthers,Orange,4,4,2,0,2,1633,Syracuse,2267,1067,6,Jerami Grant misses a jump shot from 14 feet out.,missed,FALSE,FALSE,Jump Shot,38,9.55,699826,Jerami Grant,NA,0,Syracuse,Syracuse,7,NA,Tray Woodall,Lamar Patterson,Talib Zanna,Steven Adams,James Robinson,Brandon Triche,C.J. Fair,Michael Carter-Williams,Rakeem Christmas,Jerami Grant
2012-13,2013-02-02,1257691,17,0,1,Pittsburgh,Syracuse,Panthers,Orange,4,4,2,0,2,1633,Syracuse,2267,1067,0,Brandon Triche with an offensive rebound.,NA,FALSE,FALSE,NA,NA,NA,NA,NA,NA,0,Syracuse,Syracuse,7,NA,Tray Woodall,Lamar Patterson,Talib Zanna,Steven Adams,James Robinson,Brandon Triche,C.J. Fair,Michael Carter-Williams,Rakeem Christmas,Jerami Grant
2012-13,2013-02-02,1257691,18,0,1,Pittsburgh,Syracuse,Panthers,Orange,4,4,2,2,0,1633,Syracuse,2261,1061,6,Brandon Triche makes a layup.,made,FALSE,FALSE,Layup Shot,25,5.25,513430,Brandon Triche,NA,0,Syracuse,Pittsburgh,7,NA,Tray Woodall,Lamar Patterson,Talib Zanna,Steven Adams,James Robinson,Brandon Triche,C.J. Fair,Michael Carter-Williams,Rakeem Christmas,Jerami Grant
2012-13,2013-02-02,1257691,19,0,1,Pittsburgh,Syracuse,Panthers,Orange,4,4,2,2,0,1570,Pittsburgh,2248,1048,13,C.J. Fair steals the ball from Talib Zanna.,NA,FALSE,FALSE,NA,NA,NA,NA,NA,NA,0,Pittsburgh,Syracuse,8,NA,Tray Woodall,Lamar Patterson,Talib Zanna,Steven Adams,James Robinson,Brandon Triche,C.J. Fair,Michael Carter-Williams,Rakeem Christmas,Jerami Grant
2012-13,2013-02-02,1257691,20,0,1,Pittsburgh,Syracuse,Panthers,Orange,4,4,2,2,0,1633,Syracuse,2242,1042,6,Michael Carter-Williams misses a 3-point jump shot from 24 feet out.,missed,FALSE,TRUE,Jump Shot,29.8,28.45,609790,Michael Carter-Williams,NA,0,Syracuse,Syracuse,9,NA,Tray Woodall,Lamar Patterson,Talib Zanna,Steven Adams,James Robinson,Brandon Triche,C.J. Fair,Michael Carter-Williams,Rakeem Christmas,Jerami Grant
2012-13,2013-02-02,1257691,21,0,1,Pittsburgh,Syracuse,Panthers,Orange,4,4,2,2,0,1570,Pittsburgh,2242,1042,0,Tray Woodall with a defensive rebound.,NA,FALSE,FALSE,NA,NA,NA,NA,NA,NA,0,Syracuse,Pittsburgh,9,NA,Tray Woodall,Lamar Patterson,Talib Zanna,Steven Adams,James Robinson,Brandon Triche,C.J. Fair,Michael Carter-Williams,Rakeem Christmas,Jerami Grant
2012-13,2013-02-02,1257691,23,0,1,Pittsburgh,Syracuse,Panthers,Orange,4,4,2,2,0,1570,Pittsburgh,2231,1031,11,James Robinson misses a 3-point jump shot from 23 feet out.,missed,FALSE,TRUE,Jump Shot,22.4,28.450000000000003,679480,James Robinson,NA,0,Pittsburgh,Pittsburgh,10,NA,Tray Woodall,Lamar Patterson,Talib Zanna,Steven Adams,James Robinson,Brandon Triche,C.J. Fair,Michael Carter-Williams,Rakeem Christmas,Jerami Grant
2012-13,2013-02-02,1257691,24,0,1,Pittsburgh,Syracuse,Panthers,Orange,4,4,2,2,0,1570,Pittsburgh,2231,1031,0,Steven Adams with an offensive rebound.,NA,FALSE,FALSE,NA,NA,NA,NA,NA,NA,0,Pittsburgh,Pittsburgh,10,NA,Tray Woodall,Lamar Patterson,Talib Zanna,Steven Adams,James Robinson,Brandon Triche,C.J. Fair,Michael Carter-Williams,Rakeem Christmas,Jerami Grant
2012-13,2013-02-02,1257691,26,0,1,Pittsburgh,Syracuse,Panthers,Orange,4,4,2,2,0,1570,Pittsburgh,2226,1026,5,Steven Adams misses a layup.,missed,FALSE,FALSE,Layup Shot,26,6.25,679478,Steven Adams,NA,0,Pittsburgh,Pittsburgh,10,NA,Tray Woodall,Lamar Patterson,Talib Zanna,Steven Adams,James Robinson,Brandon Triche,C.J. Fair,Michael Carter-Williams,Rakeem Christmas,Jerami Grant
2012-13,2013-02-02,1257691,27,0,1,Pittsburgh,Syracuse,Panthers,Orange,4,4,2,2,0,1633,Syracuse,2226,1026,0,Jerami Grant with a defensive rebound.,NA,FALSE,FALSE,NA,NA,NA,NA,NA,NA,0,Pittsburgh,Syracuse,10,NA,Tray Woodall,Lamar Patterson,Talib Zanna,Steven Adams,James Robinson,Brandon Triche,C.J. Fair,Michael Carter-Williams,Rakeem Christmas,Jerami Grant
2012-13,2013-02-02,1257691,30,0,1,Pittsburgh,Syracuse,Panthers,Orange,4,4,2,2,0,1633,Syracuse,2211,1011,15,Lamar Patterson steals the ball from Brandon Triche.,NA,FALSE,FALSE,NA,NA,NA,NA,NA,NA,0,Syracuse,Pittsburgh,11,NA,Tray Woodall,Lamar Patterson,Talib Zanna,Steven Adams,James Robinson,Brandon Triche,C.J. Fair,Michael Carter-Williams,Rakeem Christmas,Jerami Grant
2012-13,2013-02-02,1257691,33,0,1,Pittsburgh,Syracuse,Panthers,Orange,4,4,2,2,0,1570,Pittsburgh,2208,1008,3,James Robinson misses a layup.,missed,FALSE,FALSE,Layup Shot,26,6.25,679480,James Robinson,NA,0,Pittsburgh,Syracuse,12,NA,Tray Woodall,Lamar Patterson,Talib Zanna,Steven Adams,James Robinson,Brandon Triche,C.J. Fair,Michael Carter-Williams,Rakeem Christmas,Jerami Grant
2012-13,2013-02-02,1257691,37,0,1,Pittsburgh,Syracuse,Panthers,Orange,4,4,2,4,-2,1633,Syracuse,2194,994,14,C.J. Fair makes a layup.,made,FALSE,FALSE,Layup Shot,26,6.25,552005,C.J. Fair,NA,0,Syracuse,Pittsburgh,13,NA,Tray Woodall,Lamar Patterson,Talib Zanna,Steven Adams,James Robinson,Brandon Triche,C.J. Fair,Michael Carter-Williams,Rakeem Christmas,Jerami Grant
2012-13,2013-02-02,1257691,38,0,1,Pittsburgh,Syracuse,Panthers,Orange,4,4,2,4,-2,1570,Pittsburgh,2174,974,20,Jerami Grant blocks a Steven Adams layup.,missed,FALSE,FALSE,Layup Shot,25,5.25,679478,Steven Adams,NA,0,Pittsburgh,Pittsburgh,14,NA,Tray Woodall,Lamar Patterson,Talib Zanna,Steven Adams,James Robinson,Brandon Triche,C.J. Fair,Michael Carter-Williams,Rakeem Christmas,Jerami Grant
2012-13,2013-02-02,1257691,39,0,1,Pittsburgh,Syracuse,Panthers,Orange,4,4,2,4,-2,1570,Pittsburgh,2174,974,0,Talib Zanna with an offensive rebound.,NA,FALSE,FALSE,NA,NA,NA,NA,NA,NA,0,Pittsburgh,Pittsburgh,14,NA,Tray Woodall,Lamar Patterson,Talib Zanna,Steven Adams,James Robinson,Brandon Triche,C.J. Fair,Michael Carter-Williams,Rakeem Christmas,Jerami Grant
2012-13,2013-02-02,1257691,43,0,1,Pittsburgh,Syracuse,Panthers,Orange,4,4,2,4,-2,1570,Pittsburgh,2156,956,18,Lamar Patterson misses a 3-point jump shot from 23 feet out.,missed,FALSE,TRUE,Jump Shot,8.799999999999997,21.849999999999994,504905,Lamar Patterson,NA,0,Pittsburgh,Pittsburgh,14,NA,Tray Woodall,Lamar Patterson,Talib Zanna,Steven Adams,James Robinson,Brandon Triche,C.J. Fair,Michael Carter-Williams,Rakeem Christmas,Jerami Grant
2012-13,2013-02-02,1257691,44,0,1,Pittsburgh,Syracuse,Panthers,Orange,4,4,2,4,-2,1633,Syracuse,2156,956,0,Michael Carter-Williams with a defensive rebound.,NA,FALSE,FALSE,NA,NA,NA,NA,NA,NA,0,Pittsburgh,Syracuse,14,NA,Tray Woodall,Lamar Patterson,Talib Zanna,Steven Adams,James Robinson,Brandon Triche,C.J. Fair,Michael Carter-Williams,Rakeem Christmas,Jerami Grant
2012-13,2013-02-02,1257691,48,0,1,Pittsburgh,Syracuse,Panthers,Orange,4,4,2,4,-2,1633,Syracuse,2145,945,11,C.J. Fair misses a jump shot from 17 feet out.,missed,FALSE,FALSE,Jump Shot,30.4,21.85,552005,C.J. Fair,NA,0,Syracuse,Syracuse,15,NA,Tray Woodall,Lamar Patterson,Talib Zanna,Steven Adams,James Robinson,Brandon Triche,C.J. Fair,Michael Carter-Williams,Rakeem Christmas,Jerami Grant
2012-13,2013-02-02,1257691,49,0,1,Pittsburgh,Syracuse,Panthers,Orange,4,4,2,4,-2,1570,Pittsburgh,2145,945,0,Talib Zanna with a defensive rebound.,NA,FALSE,FALSE,NA,NA,NA,NA,NA,NA,0,Syracuse,Pittsburgh,15,NA,Tray Woodall,Lamar Patterson,Talib Zanna,Steven Adams,James Robinson,Brandon Triche,C.J. Fair,Michael Carter-Williams,Rakeem Christmas,Jerami Grant
2012-13,2013-02-02,1257691,50,0,1,Pittsburgh,Syracuse,Panthers,Orange,4,4,2,4,-2,1633,Syracuse,2142,942,3,Personal foul committed by Rakeem Christmas.,NA,FALSE,FALSE,NA,NA,NA,NA,NA,NA,0,Pittsburgh,Pittsburgh,16,NA,Tray Woodall,Lamar Patterson,Talib Zanna,Steven Adams,James Robinson,Brandon Triche,C.J. Fair,Michael Carter-Williams,Rakeem Christmas,Jerami Grant
2012-13,2013-02-02,1257691,51,0,1,Pittsburgh,Syracuse,Panthers,Orange,4,4,2,4,-2,NA,NA,2142,942,0,Official's timeout.,NA,FALSE,FALSE,NA,NA,NA,NA,NA,NA,0,NA,NA,NA,NA,Tray Woodall,Lamar Patterson,Talib Zanna,Steven Adams,James Robinson,Brandon Triche,C.J. Fair,Michael Carter-Williams,Rakeem Christmas,Jerami Grant
2012-13,2013-02-02,1257691,56,0,1,Pittsburgh,Syracuse,Panthers,Orange,4,4,2,4,-2,1570,Pittsburgh,2142,942,0,Substitution: Durand Johnson in for James Robinson.,NA,FALSE,FALSE,NA,NA,NA,NA,NA,NA,1,NA,NA,NA,NA,Tray Woodall,Lamar Patterson,Talib Zanna,Steven Adams,Durand Johnson,Brandon Triche,C.J. Fair,Michael Carter-Williams,Rakeem Christmas,Jerami Grant
2012-13,2013-02-02,1257691,57,0,1,Pittsburgh,Syracuse,Panthers,Orange,4,4,2,4,-2,1570,Pittsburgh,2142,942,0,Substitution: Trey Zeigler in for Steven Adams.,NA,FALSE,FALSE,NA,NA,NA,NA,NA,NA,1,NA,NA,NA,NA,Tray Woodall,Lamar Patterson,Talib Zanna,Trey Zeigler,Durand Johnson,Brandon Triche,C.J. Fair,Michael Carter-Williams,Rakeem Christmas,Jerami Grant
2012-13,2013-02-02,1257691,58,0,1,Pittsburgh,Syracuse,Panthers,Orange,4,4,2,4,-2,1570,Pittsburgh,2142,942,0,Substitution: Dante Taylor in for Lamar Patterson.,NA,FALSE,FALSE,NA,NA,NA,NA,NA,NA,1,NA,NA,NA,NA,Tray Woodall,Dante Taylor,Talib Zanna,Trey Zeigler,Durand Johnson,Brandon Triche,C.J. Fair,Michael Carter-Williams,Rakeem Christmas,Jerami Grant
2012-13,2013-02-02,1257691,72,0,1,Pittsburgh,Syracuse,Panthers,Orange,4,4,2,4,-2,1633,Syracuse,2120,920,22,Substitution: Trevor Cooney in for Brandon Triche.,NA,FALSE,FALSE,NA,NA,NA,NA,NA,NA,1,NA,NA,NA,NA,Tray Woodall,Dante Taylor,Talib Zanna,Trey Zeigler,Durand Johnson,Trevor Cooney,C.J. Fair,Michael Carter-Williams,Rakeem Christmas,Jerami Grant
2012-13,2013-02-02,1257691,75,0,1,Pittsburgh,Syracuse,Panthers,Orange,4,4,4,4,0,1570,Pittsburgh,2106,906,14,Dante Taylor dunks. Trey Zeigler with the assist.,made,FALSE,FALSE,Dunk Shot,25,5.25,504904,Dante Taylor,Trey Zeigler,0,Pittsburgh,Syracuse,16,NA,Tray Woodall,Dante Taylor,Talib Zanna,Trey Zeigler,Durand Johnson,Trevor Cooney,C.J. Fair,Michael Carter-Williams,Rakeem Christmas,Jerami Grant
2012-13,2013-02-02,1257691,77,0,1,Pittsburgh,Syracuse,Panthers,Orange,4,4,4,4,0,1633,Syracuse,2092,892,14,Jerami Grant misses a jump shot from 14 feet out.,missed,FALSE,FALSE,Jump Shot,27.6,19.25,699826,Jerami Grant,NA,0,Syracuse,Syracuse,17,NA,Tray Woodall,Dante Taylor,Talib Zanna,Trey Zeigler,Durand Johnson,Trevor Cooney,C.J. Fair,Michael Carter-Williams,Rakeem Christmas,Jerami Grant
2012-13,2013-02-02,1257691,78,0,1,Pittsburgh,Syracuse,Panthers,Orange,4,4,4,4,0,1570,Pittsburgh,2092,892,0,Trey Zeigler with a defensive rebound.,NA,FALSE,FALSE,NA,NA,NA,NA,NA,NA,0,Syracuse,Pittsburgh,17,NA,Tray Woodall,Dante Taylor,Talib Zanna,Trey Zeigler,Durand Johnson,Trevor Cooney,C.J. Fair,Michael Carter-Williams,Rakeem Christmas,Jerami Grant
2012-13,2013-02-02,1257691,80,0,1,Pittsburgh,Syracuse,Panthers,Orange,4,4,4,4,0,1570,Pittsburgh,2081,881,11,Durand Johnson misses a 3-point jump shot from 24 feet out.,missed,FALSE,TRUE,Jump Shot,17,28.25,601517,Durand Johnson,NA,0,Pittsburgh,Syracuse,18,NA,Tray Woodall,Dante Taylor,Talib Zanna,Trey Zeigler,Durand Johnson,Trevor Cooney,C.J. Fair,Michael Carter-Williams,Rakeem Christmas,Jerami Grant
2012-13,2013-02-02,1257691,82,0,1,Pittsburgh,Syracuse,Panthers,Orange,4,4,4,4,0,1570,Pittsburgh,2078,878,3,Personal foul committed by Talib Zanna.,NA,FALSE,FALSE,NA,NA,NA,NA,NA,NA,0,Syracuse,Syracuse,19,NA,Tray Woodall,Dante Taylor,Talib Zanna,Trey Zeigler,Durand Johnson,Trevor Cooney,C.J. Fair,Michael Carter-Williams,Rakeem Christmas,Jerami Grant
2012-13,2013-02-02,1257691,83,0,1,Pittsburgh,Syracuse,Panthers,Orange,4,4,4,4,0,1633,Syracuse,2078,878,0,Substitution: Baye-Moussa Keita in for Rakeem Christmas.,NA,FALSE,FALSE,NA,NA,NA,NA,NA,NA,1,NA,NA,NA,NA,Tray Woodall,Dante Taylor,Talib Zanna,Trey Zeigler,Durand Johnson,Trevor Cooney,C.J. Fair,Michael Carter-Williams,Baye-Moussa Keita,Jerami Grant
2012-13,2013-02-02,1257691,84,0,1,Pittsburgh,Syracuse,Panthers,Orange,4,4,4,4,0,1570,Pittsburgh,2078,878,0,Substitution: J.J. Moore in for Talib Zanna.,NA,FALSE,FALSE,NA,NA,NA,NA,NA,NA,1,NA,NA,NA,NA,Tray Woodall,Dante Taylor,J.J. Moore,Trey Zeigler,Durand Johnson,Trevor Cooney,C.J. Fair,Michael Carter-Williams,Baye-Moussa Keita,Jerami Grant
2012-13,2013-02-02,1257691,86,0,1,Pittsburgh,Syracuse,Panthers,Orange,4,4,4,4,0,1633,Syracuse,2069,869,9,Tray Woodall steals the ball from Michael Carter-Williams.,NA,FALSE,FALSE,NA,NA,NA,NA,NA,NA,0,Syracuse,Pittsburgh,19,NA,Tray Woodall,Dante Taylor,J.J. Moore,Trey Zeigler,Durand Johnson,Trevor Cooney,C.J. Fair,Michael Carter-Williams,Baye-Moussa Keita,Jerami Grant
2012-13,2013-02-02,1257691,88,0,1,Pittsburgh,Syracuse,Panthers,Orange,4,4,4,4,0,1633,Syracuse,2066,866,3,Shooting foul committed by C.J. Fair.,NA,FALSE,FALSE,NA,NA,NA,NA,NA,NA,0,Pittsburgh,Pittsburgh,20,NA,Tray Woodall,Dante Taylor,J.J. Moore,Trey Zeigler,Durand Johnson,Trevor Cooney,C.J. Fair,Michael Carter-Williams,Baye-Moussa Keita,Jerami Grant
2012-13,2013-02-02,1257691,89,0,1,Pittsburgh,Syracuse,Panthers,Orange,4,4,4,4,0,1570,Pittsburgh,2066,866,0,Durand Johnson misses free throw 1 of 2.,missed,TRUE,FALSE,NA,NA,NA,NA,NA,NA,0,Pittsburgh,Pittsburgh,20,NA,Tray Woodall,Dante Taylor,J.J. Moore,Trey Zeigler,Durand Johnson,Trevor Cooney,C.J. Fair,Michael Carter-Williams,Baye-Moussa Keita,Jerami Grant
2012-13,2013-02-02,1257691,91,0,1,Pittsburgh,Syracuse,Panthers,Orange,4,4,5,4,1,1570,Pittsburgh,2066,866,0,Durand Johnson makes free throw 2 of 2.,made,TRUE,FALSE,NA,NA,NA,NA,NA,NA,0,Pittsburgh,Syracuse,20,NA,Tray Woodall,Dante Taylor,J.J. Moore,Trey Zeigler,Durand Johnson,Trevor Cooney,C.J. Fair,Michael Carter-Williams,Baye-Moussa Keita,Jerami Grant
2012-13,2013-02-02,1257691,93,0,1,Pittsburgh,Syracuse,Panthers,Orange,4,4,5,7,-2,1633,Syracuse,2052,852,14,C.J. Fair makes a 3-point jump shot from 22 feet out. Michael Carter-Williams with the assist.,made,FALSE,TRUE,Jump Shot,3.5,11.65,552005,C.J. Fair,Michael Carter-Williams,0,Syracuse,Pittsburgh,21,NA,Tray Woodall,Dante Taylor,J.J. Moore,Trey Zeigler,Durand Johnson,Trevor Cooney,C.J. Fair,Michael Carter-Williams,Baye-Moussa Keita,Jerami Grant
2012-13,2013-02-02,1257691,94,0,1,Pittsburgh,Syracuse,Panthers,Orange,4,4,5,7,-2,1570,Pittsburgh,2032,832,20,J.J. Moore misses a 3-point jump shot from 24 feet out.,missed,FALSE,TRUE,Jump Shot,20.7,29.150000000000006,551019,J.J. Moore,NA,0,Pittsburgh,Pittsburgh,22,NA,Tray Woodall,Dante Taylor,J.J. Moore,Trey Zeigler,Durand Johnson,Trevor Cooney,C.J. Fair,Michael Carter-Williams,Baye-Moussa Keita,Jerami Grant
2012-13,2013-02-02,1257691,95,0,1,Pittsburgh,Syracuse,Panthers,Orange,4,4,5,7,-2,1633,Syracuse,2032,832,0,Michael Carter-Williams with a defensive rebound.,NA,FALSE,FALSE,NA,NA,NA,NA,NA,NA,0,Pittsburgh,Syracuse,22,NA,Tray Woodall,Dante Taylor,J.J. Moore,Trey Zeigler,Durand Johnson,Trevor Cooney,C.J. Fair,Michael Carter-Williams,Baye-Moussa Keita,Jerami Grant
2012-13,2013-02-02,1257691,96,0,1,Pittsburgh,Syracuse,Panthers,Orange,4,4,5,10,-5,1633,Syracuse,2024,824,8,Michael Carter-Williams makes a 3-point jump shot from 24 feet out. Trevor Cooney with the assist.,made,FALSE,TRUE,Jump Shot,36.5,26.45,609790,Michael Carter-Williams,Trevor Cooney,0,Syracuse,Pittsburgh,23,NA,Tray Woodall,Dante Taylor,J.J. Moore,Trey Zeigler,Durand Johnson,Trevor Cooney,C.J. Fair,Michael Carter-Williams,Baye-Moussa Keita,Jerami Grant
2012-13,2013-02-02,1257691,97,0,1,Pittsburgh,Syracuse,Panthers,Orange,4,4,5,10,-5,1570,Pittsburgh,2002,802,22,Tray Woodall misses a 3-point jump shot from 24 feet out.,missed,FALSE,TRUE,Jump Shot,15.600000000000001,27.25,462985,Tray Woodall,NA,0,Pittsburgh,Pittsburgh,24,NA,Tray Woodall,Dante Taylor,J.J. Moore,Trey Zeigler,Durand Johnson,Trevor Cooney,C.J. Fair,Michael Carter-Williams,Baye-Moussa Keita,Jerami Grant
2012-13,2013-02-02,1257691,98,0,1,Pittsburgh,Syracuse,Panthers,Orange,4,4,5,10,-5,1570,Pittsburgh,2002,802,0,J.J. Moore with an offensive rebound.,NA,FALSE,FALSE,NA,NA,NA,NA,NA,NA,0,Pittsburgh,Pittsburgh,24,NA,Tray Woodall,Dante Taylor,J.J. Moore,Trey Zeigler,Durand Johnson,Trevor Cooney,C.J. Fair,Michael Carter-Williams,Baye-Moussa Keita,Jerami Grant
2012-13,2013-02-02,1257691,99,0,1,Pittsburgh,Syracuse,Panthers,Orange,4,4,5,10,-5,1570,Pittsburgh,1987,787,15,Tray Woodall misses a 3-point jump shot from 24 feet out.,missed,FALSE,TRUE,Jump Shot,42.3,21.950000000000003,462985,Tray Woodall,NA,0,Pittsburgh,Pittsburgh,24,NA,Tray Woodall,Dante Taylor,J.J. Moore,Trey Zeigler,Durand Johnson,Trevor Cooney,C.J. Fair,Michael Carter-Williams,Baye-Moussa Keita,Jerami Grant
2012-13,2013-02-02,1257691,100,0,1,Pittsburgh,Syracuse,Panthers,Orange,4,4,5,10,-5,1633,Syracuse,1987,787,0,Jerami Grant with a defensive rebound.,NA,FALSE,FALSE,NA,NA,NA,NA,NA,NA,0,Pittsburgh,Syracuse,24,NA,Tray Woodall,Dante Taylor,J.J. Moore,Trey Zeigler,Durand Johnson,Trevor Cooney,C.J. Fair,Michael Carter-Williams,Baye-Moussa Keita,Jerami Grant
2012-13,2013-02-02,1257691,102,0,1,Pittsburgh,Syracuse,Panthers,Orange,4,4,5,10,-5,1633,Syracuse,1970,770,17,Michael Carter-Williams misses a jump shot from 12 feet out.,missed,FALSE,FALSE,Jump Shot,29.5,16.25,609790,Michael Carter-Williams,NA,0,Syracuse,Syracuse,25,NA,Tray Woodall,Dante Taylor,J.J. Moore,Trey Zeigler,Durand Johnson,Trevor Cooney,C.J. Fair,Michael Carter-Williams,Baye-Moussa Keita,Jerami Grant
2012-13,2013-02-02,1257691,103,0,1,Pittsburgh,Syracuse,Panthers,Orange,4,4,5,10,-5,1633,Syracuse,1970,770,0,C.J. Fair with an offensive rebound.,NA,FALSE,FALSE,NA,NA,NA,NA,NA,NA,0,Syracuse,Syracuse,25,NA,Tray Woodall,Dante Taylor,J.J. Moore,Trey Zeigler,Durand Johnson,Trevor Cooney,C.J. Fair,Michael Carter-Williams,Baye-Moussa Keita,Jerami Grant
2012-13,2013-02-02,1257691,104,0,1,Pittsburgh,Syracuse,Panthers,Orange,4,4,5,12,-7,1633,Syracuse,1967,767,3,C.J. Fair makes a tip shot from 3 feet out.,made,FALSE,FALSE,Tip Shot,28.1,6.35,552005,C.J. Fair,NA,0,Syracuse,Pittsburgh,25,NA,Tray Woodall,Dante Taylor,J.J. Moore,Trey Zeigler,Durand Johnson,Trevor Cooney,C.J. Fair,Michael Carter-Williams,Baye-Moussa Keita,Jerami Grant
2012-13,2013-02-02,1257691,105,0,1,Pittsburgh,Syracuse,Panthers,Orange,3,4,5,12,-7,1570,Pittsburgh,1967,767,0,Panthers take a 30-second timeout.,NA,FALSE,FALSE,NA,NA,NA,NA,NA,NA,0,NA,NA,NA,NA,Tray Woodall,Dante Taylor,J.J. Moore,Trey Zeigler,Durand Johnson,Trevor Cooney,C.J. Fair,Michael Carter-Williams,Baye-Moussa Keita,Jerami Grant
2012-13,2013-02-02,1257691,111,0,1,Pittsburgh,Syracuse,Panthers,Orange,3,4,5,12,-7,1570,Pittsburgh,1947,747,20,Substitution: James Robinson in for Tray Woodall.,NA,FALSE,FALSE,NA,NA,NA,NA,NA,NA,1,NA,NA,NA,NA,James Robinson,Dante Taylor,J.J. Moore,Trey Zeigler,Durand Johnson,Trevor Cooney,C.J. Fair,Michael Carter-Williams,Baye-Moussa Keita,Jerami Grant
2012-13,2013-02-02,1257691,112,0,1,Pittsburgh,Syracuse,Panthers,Orange,3,4,5,12,-7,1570,Pittsburgh,1947,747,0,Substitution: Steven Adams in for Durand Johnson.,NA,FALSE,FALSE,NA,NA,NA,NA,NA,NA,1,NA,NA,NA,NA,James Robinson,Dante Taylor,J.J. Moore,Trey Zeigler,Steven Adams,Trevor Cooney,C.J. Fair,Michael Carter-Williams,Baye-Moussa Keita,Jerami Grant
2012-13,2013-02-02,1257691,113,0,1,Pittsburgh,Syracuse,Panthers,Orange,3,4,5,12,-7,1570,Pittsburgh,1947,747,0,Substitution: Lamar Patterson in for Dante Taylor.,NA,FALSE,FALSE,NA,NA,NA,NA,NA,NA,1,NA,NA,NA,NA,James Robinson,Lamar Patterson,J.J. Moore,Trey Zeigler,Steven Adams,Trevor Cooney,C.J. Fair,Michael Carter-Williams,Baye-Moussa Keita,Jerami Grant
2012-13,2013-02-02,1257691,115,0,1,Pittsburgh,Syracuse,Panthers,Orange,3,4,7,12,-5,1570,Pittsburgh,1934,734,13,James Robinson makes a jump shot from 13 feet out.,made,FALSE,FALSE,Jump Shot,27.1,17.950000000000003,679480,James Robinson,NA,0,Pittsburgh,Syracuse,26,NA,James Robinson,Lamar Patterson,J.J. Moore,Trey Zeigler,Steven Adams,Trevor Cooney,C.J. Fair,Michael Carter-Williams,Baye-Moussa Keita,Jerami Grant
2012-13,2013-02-02,1257691,116,0,1,Pittsburgh,Syracuse,Panthers,Orange,3,4,7,12,-5,1633,Syracuse,1924,724,10,C.J. Fair misses a 3-point jump shot from 23 feet out.,missed,FALSE,TRUE,Jump Shot,47.5,9.95,552005,C.J. Fair,NA,0,Syracuse,Syracuse,27,NA,James Robinson,Lamar Patterson,J.J. Moore,Trey Zeigler,Steven Adams,Trevor Cooney,C.J. Fair,Michael Carter-Williams,Baye-Moussa Keita,Jerami Grant
2012-13,2013-02-02,1257691,117,0,1,Pittsburgh,Syracuse,Panthers,Orange,3,4,7,12,-5,1570,Pittsburgh,1924,724,0,J.J. Moore with a defensive rebound.,NA,FALSE,FALSE,NA,NA,NA,NA,NA,NA,0,Syracuse,Pittsburgh,27,NA,James Robinson,Lamar Patterson,J.J. Moore,Trey Zeigler,Steven Adams,Trevor Cooney,C.J. Fair,Michael Carter-Williams,Baye-Moussa Keita,Jerami Grant
2012-13,2013-02-02,1257691,120,0,1,Pittsburgh,Syracuse,Panthers,Orange,3,4,7,12,-5,1633,Syracuse,1918,718,6,Personal foul committed by Jerami Grant.,NA,FALSE,FALSE,NA,NA,NA,NA,NA,NA,0,Pittsburgh,Pittsburgh,28,NA,James Robinson,Lamar Patterson,J.J. Moore,Trey Zeigler,Steven Adams,Trevor Cooney,C.J. Fair,Michael Carter-Williams,Baye-Moussa Keita,Jerami Grant
2012-13,2013-02-02,1257691,121,0,1,Pittsburgh,Syracuse,Panthers,Orange,3,4,7,12,-5,NA,NA,1918,718,0,Official's timeout.,NA,FALSE,FALSE,NA,NA,NA,NA,NA,NA,0,NA,NA,NA,NA,James Robinson,Lamar Patterson,J.J. Moore,Trey Zeigler,Steven Adams,Trevor Cooney,C.J. Fair,Michael Carter-Williams,Baye-Moussa Keita,Jerami Grant
2012-13,2013-02-02,1257691,128,0,1,Pittsburgh,Syracuse,Panthers,Orange,3,4,7,12,-5,1570,Pittsburgh,1899,699,19,Substitution: Dante Taylor in for Steven Adams.,NA,FALSE,FALSE,NA,NA,NA,NA,NA,NA,1,NA,NA,NA,NA,James Robinson,Lamar Patterson,J.J. Moore,Trey Zeigler,Dante Taylor,Trevor Cooney,C.J. Fair,Michael Carter-Williams,Baye-Moussa Keita,Jerami Grant
2012-13,2013-02-02,1257691,131,0,1,Pittsburgh,Syracuse,Panthers,Orange,3,4,9,12,-3,1570,Pittsburgh,1889,689,10,Dante Taylor makes a layup. Lamar Patterson with the assist.,made,FALSE,FALSE,Layup Shot,26,6.25,504904,Dante Taylor,Lamar Patterson,0,Pittsburgh,Pittsburgh,28,NA,James Robinson,Lamar Patterson,J.J. Moore,Trey Zeigler,Dante Taylor,Trevor Cooney,C.J. Fair,Michael Carter-Williams,Baye-Moussa Keita,Jerami Grant
2012-13,2013-02-02,1257691,132,0,1,Pittsburgh,Syracuse,Panthers,Orange,3,4,9,12,-3,1633,Syracuse,1889,689,0,Shooting foul committed by Baye-Moussa Keita.,NA,FALSE,FALSE,NA,NA,NA,NA,NA,NA,0,Pittsburgh,Pittsburgh,28,NA,James Robinson,Lamar Patterson,J.J. Moore,Trey Zeigler,Dante Taylor,Trevor Cooney,C.J. Fair,Michael Carter-Williams,Baye-Moussa Keita,Jerami Grant
2012-13,2013-02-02,1257691,133,0,1,Pittsburgh,Syracuse,Panthers,Orange,3,4,10,12,-2,1570,Pittsburgh,1889,689,0,Dante Taylor makes free throw 1 of 1.,made,TRUE,FALSE,NA,NA,NA,NA,NA,NA,0,Pittsburgh,Syracuse,28,NA,James Robinson,Lamar Patterson,J.J. Moore,Trey Zeigler,Dante Taylor,Trevor Cooney,C.J. Fair,Michael Carter-Williams,Baye-Moussa Keita,Jerami Grant
2012-13,2013-02-02,1257691,137,0,1,Pittsburgh,Syracuse,Panthers,Orange,3,4,10,12,-2,1570,Pittsburgh,1870,670,19,Shooting foul committed by James Robinson.,NA,FALSE,FALSE,NA,NA,NA,NA,NA,NA,0,Syracuse,Syracuse,29,NA,James Robinson,Lamar Patterson,J.J. Moore,Trey Zeigler,Dante Taylor,Trevor Cooney,C.J. Fair,Michael Carter-Williams,Baye-Moussa Keita,Jerami Grant
2012-13,2013-02-02,1257691,138,0,1,Pittsburgh,Syracuse,Panthers,Orange,3,4,10,13,-3,1633,Syracuse,1870,670,0,Michael Carter-Williams makes free throw 1 of 2.,made,TRUE,FALSE,NA,NA,NA,NA,NA,NA,0,Syracuse,Syracuse,29,NA,James Robinson,Lamar Patterson,J.J. Moore,Trey Zeigler,Dante Taylor,Trevor Cooney,C.J. Fair,Michael Carter-Williams,Baye-Moussa Keita,Jerami Grant
2012-13,2013-02-02,1257691,139,0,1,Pittsburgh,Syracuse,Panthers,Orange,3,4,10,13,-3,1570,Pittsburgh,1870,670,0,Substitution: Tray Woodall in for James Robinson.,NA,FALSE,FALSE,NA,NA,NA,NA,NA,NA,1,NA,NA,NA,NA,Tray Woodall,Lamar Patterson,J.J. Moore,Trey Zeigler,Dante Taylor,Trevor Cooney,C.J. Fair,Michael Carter-Williams,Baye-Moussa Keita,Jerami Grant
2012-13,2013-02-02,1257691,140,0,1,Pittsburgh,Syracuse,Panthers,Orange,3,4,10,14,-4,1633,Syracuse,1870,670,0,Michael Carter-Williams makes free throw 2 of 2.,made,TRUE,FALSE,NA,NA,NA,NA,NA,NA,0,Syracuse,Pittsburgh,29,NA,Tray Woodall,Lamar Patterson,J.J. Moore,Trey Zeigler,Dante Taylor,Trevor Cooney,C.J. Fair,Michael Carter-Williams,Baye-Moussa Keita,Jerami Grant
2012-13,2013-02-02,1257691,141,0,1,Pittsburgh,Syracuse,Panthers,Orange,3,4,10,14,-4,1633,Syracuse,1870,670,0,Substitution: Brandon Triche in for Michael Carter-Williams.,NA,FALSE,FALSE,NA,NA,NA,NA,NA,NA,1,NA,NA,NA,NA,Tray Woodall,Lamar Patterson,J.J. Moore,Trey Zeigler,Dante Taylor,Trevor Cooney,C.J. Fair,Brandon Triche,Baye-Moussa Keita,Jerami Grant
2012-13,2013-02-02,1257691,148,0,1,Pittsburgh,Syracuse,Panthers,Orange,3,4,12,14,-2,1570,Pittsburgh,1848,648,22,Trey Zeigler makes a jump shot from 15 feet out. Tray Woodall with the assist.,made,FALSE,FALSE,Jump Shot,27.8,19.950000000000003,550426,Trey Zeigler,Tray Woodall,0,Pittsburgh,Syracuse,30,NA,Tray Woodall,Lamar Patterson,J.J. Moore,Trey Zeigler,Dante Taylor,Trevor Cooney,C.J. Fair,Brandon Triche,Baye-Moussa Keita,Jerami Grant
2012-13,2013-02-02,1257691,149.5,0,1,Pittsburgh,Syracuse,Panthers,Orange,3,4,12,14,-2,1633,Syracuse,1825,625,23,Brandon Triche with a turnover - Bad Pass,NA,FALSE,FALSE,NA,NA,NA,NA,NA,NA,0,Syracuse,Pittsburgh,31,NA,Tray Woodall,Lamar Patterson,J.J. Moore,Trey Zeigler,Dante Taylor,Trevor Cooney,C.J. Fair,Brandon Triche,Baye-Moussa Keita,Jerami Grant
2012-13,2013-02-02,1257691,150,0,1,Pittsburgh,Syracuse,Panthers,Orange,3,4,12,14,-2,1570,Pittsburgh,1817,617,8,Lamar Patterson misses a 3-point jump shot from 23 feet out.,missed,FALSE,TRUE,Jump Shot,46.9,11.650000000000006,504905,Lamar Patterson,NA,0,Pittsburgh,Pittsburgh,32,NA,Tray Woodall,Lamar Patterson,J.J. Moore,Trey Zeigler,Dante Taylor,Trevor Cooney,C.J. Fair,Brandon Triche,Baye-Moussa Keita,Jerami Grant
2012-13,2013-02-02,1257691,151,0,1,Pittsburgh,Syracuse,Panthers,Orange,3,4,12,14,-2,1570,Pittsburgh,1817,617,0,Trey Zeigler with an offensive rebound.,NA,FALSE,FALSE,NA,NA,NA,NA,NA,NA,0,Pittsburgh,Pittsburgh,32,NA,Tray Woodall,Lamar Patterson,J.J. Moore,Trey Zeigler,Dante Taylor,Trevor Cooney,C.J. Fair,Brandon Triche,Baye-Moussa Keita,Jerami Grant
2012-13,2013-02-02,1257691,152,0,1,Pittsburgh,Syracuse,Panthers,Orange,3,4,14,14,0,1570,Pittsburgh,1811,611,6,J.J. Moore makes a layup. Trey Zeigler with the assist.,made,FALSE,FALSE,Layup Shot,25,5.25,551019,J.J. Moore,Trey Zeigler,0,Pittsburgh,Syracuse,32,NA,Tray Woodall,Lamar Patterson,J.J. Moore,Trey Zeigler,Dante Taylor,Trevor Cooney,C.J. Fair,Brandon Triche,Baye-Moussa Keita,Jerami Grant
2012-13,2013-02-02,1257691,159,0,1,Pittsburgh,Syracuse,Panthers,Orange,3,4,14,14,0,1570,Pittsburgh,1790,590,21,Shooting foul committed by Dante Taylor.,NA,FALSE,FALSE,NA,NA,NA,NA,NA,NA,0,Syracuse,Syracuse,33,NA,Tray Woodall,Lamar Patterson,J.J. Moore,Trey Zeigler,Dante Taylor,Trevor Cooney,C.J. Fair,Brandon Triche,Baye-Moussa Keita,Jerami Grant
2012-13,2013-02-02,1257691,160,0,1,Pittsburgh,Syracuse,Panthers,Orange,3,4,14,15,-1,1633,Syracuse,1790,590,0,Jerami Grant makes free throw 1 of 2.,made,TRUE,FALSE,NA,NA,NA,NA,NA,NA,0,Syracuse,Syracuse,33,NA,Tray Woodall,Lamar Patterson,J.J. Moore,Trey Zeigler,Dante Taylor,Trevor Cooney,C.J. Fair,Brandon Triche,Baye-Moussa Keita,Jerami Grant
2012-13,2013-02-02,1257691,161,0,1,Pittsburgh,Syracuse,Panthers,Orange,3,4,14,15,-1,1633,Syracuse,1790,590,0,Substitution: Michael Carter-Williams in for Trevor Cooney.,NA,FALSE,FALSE,NA,NA,NA,NA,NA,NA,1,NA,NA,NA,NA,Tray Woodall,Lamar Patterson,J.J. Moore,Trey Zeigler,Dante Taylor,Michael Carter-Williams,C.J. Fair,Brandon Triche,Baye-Moussa Keita,Jerami Grant
2012-13,2013-02-02,1257691,162,0,1,Pittsburgh,Syracuse,Panthers,Orange,3,4,14,15,-1,1633,Syracuse,1790,590,0,Substitution: Rakeem Christmas in for Baye-Moussa Keita.,NA,FALSE,FALSE,NA,NA,NA,NA,NA,NA,1,NA,NA,NA,NA,Tray Woodall,Lamar Patterson,J.J. Moore,Trey Zeigler,Dante Taylor,Michael Carter-Williams,C.J. Fair,Brandon Triche,Rakeem Christmas,Jerami Grant
2012-13,2013-02-02,1257691,163,0,1,Pittsburgh,Syracuse,Panthers,Orange,3,4,14,16,-2,1633,Syracuse,1790,590,0,Jerami Grant makes free throw 2 of 2.,made,TRUE,FALSE,NA,NA,NA,NA,NA,NA,0,Syracuse,Pittsburgh,33,NA,Tray Woodall,Lamar Patterson,J.J. Moore,Trey Zeigler,Dante Taylor,Michael Carter-Williams,C.J. Fair,Brandon Triche,Rakeem Christmas,Jerami Grant
2012-13,2013-02-02,1257691,165,0,1,Pittsburgh,Syracuse,Panthers,Orange,3,4,14,16,-2,1570,Pittsburgh,1756,556,34,Rakeem Christmas blocks a Dante Taylor layup.,missed,FALSE,FALSE,Layup Shot,25,5.25,504904,Dante Taylor,NA,0,Pittsburgh,Pittsburgh,34,NA,Tray Woodall,Lamar Patterson,J.J. Moore,Trey Zeigler,Dante Taylor,Michael Carter-Williams,C.J. Fair,Brandon Triche,Rakeem Christmas,Jerami Grant
2012-13,2013-02-02,1257691,166,0,1,Pittsburgh,Syracuse,Panthers,Orange,3,4,14,16,-2,1633,Syracuse,1756,556,0,Michael Carter-Williams with a defensive rebound.,NA,FALSE,FALSE,NA,NA,NA,NA,NA,NA,0,Pittsburgh,Syracuse,34,NA,Tray Woodall,Lamar Patterson,J.J. Moore,Trey Zeigler,Dante Taylor,Michael Carter-Williams,C.J. Fair,Brandon Triche,Rakeem Christmas,Jerami Grant
2012-13,2013-02-02,1257691,167,0,1,Pittsburgh,Syracuse,Panthers,Orange,3,4,14,18,-4,1633,Syracuse,1751,551,5,Michael Carter-Williams dunks. Brandon Triche with the assist.,made,FALSE,FALSE,Dunk Shot,26,6.25,609790,Michael Carter-Williams,Brandon Triche,0,Syracuse,Pittsburgh,35,NA,Tray Woodall,Lamar Patterson,J.J. Moore,Trey Zeigler,Dante Taylor,Michael Carter-Williams,C.J. Fair,Brandon Triche,Rakeem Christmas,Jerami Grant
2012-13,2013-02-02,1257691,170,0,1,Pittsburgh,Syracuse,Panthers,Orange,3,4,14,18,-4,1570,Pittsburgh,1733,533,18,Jerami Grant steals the ball from Trey Zeigler.,NA,FALSE,FALSE,NA,NA,NA,NA,NA,NA,0,Pittsburgh,Syracuse,36,NA,Tray Woodall,Lamar Patterson,J.J. Moore,Trey Zeigler,Dante Taylor,Michael Carter-Williams,C.J. Fair,Brandon Triche,Rakeem Christmas,Jerami Grant
2012-13,2013-02-02,1257691,171,0,1,Pittsburgh,Syracuse,Panthers,Orange,3,4,14,18,-4,1570,Pittsburgh,1733,533,0,Substitution: Talib Zanna in for J.J. Moore.,NA,FALSE,FALSE,NA,NA,NA,NA,NA,NA,1,NA,NA,NA,NA,Tray Woodall,Lamar Patterson,Talib Zanna,Trey Zeigler,Dante Taylor,Michael Carter-Williams,C.J. Fair,Brandon Triche,Rakeem Christmas,Jerami Grant
2012-13,2013-02-02,1257691,178,0,1,Pittsburgh,Syracuse,Panthers,Orange,3,4,14,18,-4,1570,Pittsburgh,1720,520,13,Personal foul committed by Tray Woodall.,NA,FALSE,FALSE,NA,NA,NA,NA,NA,NA,0,Syracuse,Syracuse,37,NA,Tray Woodall,Lamar Patterson,Talib Zanna,Trey Zeigler,Dante Taylor,Michael Carter-Williams,C.J. Fair,Brandon Triche,Rakeem Christmas,Jerami Grant
2012-13,2013-02-02,1257691,179,0,1,Pittsburgh,Syracuse,Panthers,Orange,3,4,14,18,-4,1570,Pittsburgh,1720,520,0,Substitution: Cameron Wright in for Trey Zeigler.,NA,FALSE,FALSE,NA,NA,NA,NA,NA,NA,1,NA,NA,NA,NA,Tray Woodall,Lamar Patterson,Talib Zanna,Cameron Wright,Dante Taylor,Michael Carter-Williams,C.J. Fair,Brandon Triche,Rakeem Christmas,Jerami Grant
2012-13,2013-02-02,1257691,182,0,1,Pittsburgh,Syracuse,Panthers,Orange,3,4,14,18,-4,1633,Syracuse,1707,507,13,Brandon Triche misses a jump shot from 8 feet out.,missed,FALSE,FALSE,Jump Shot,23.6,13.45,513430,Brandon Triche,NA,0,Syracuse,Syracuse,37,NA,Tray Woodall,Lamar Patterson,Talib Zanna,Cameron Wright,Dante Taylor,Michael Carter-Williams,C.J. Fair,Brandon Triche,Rakeem Christmas,Jerami Grant
2012-13,2013-02-02,1257691,183,0,1,Pittsburgh,Syracuse,Panthers,Orange,3,4,14,18,-4,1633,Syracuse,1707,507,0,Jerami Grant with an offensive rebound.,NA,FALSE,FALSE,NA,NA,NA,NA,NA,NA,0,Syracuse,Syracuse,37,NA,Tray Woodall,Lamar Patterson,Talib Zanna,Cameron Wright,Dante Taylor,Michael Carter-Williams,C.J. Fair,Brandon Triche,Rakeem Christmas,Jerami Grant
2012-13,2013-02-02,1257691,185,0,1,Pittsburgh,Syracuse,Panthers,Orange,3,4,14,18,-4,1633,Syracuse,1703,503,4,Jerami Grant misses a dunk.,missed,FALSE,FALSE,Dunk Shot,25,5.25,699826,Jerami Grant,NA,0,Syracuse,Syracuse,37,NA,Tray Woodall,Lamar Patterson,Talib Zanna,Cameron Wright,Dante Taylor,Michael Carter-Williams,C.J. Fair,Brandon Triche,Rakeem Christmas,Jerami Grant
2012-13,2013-02-02,1257691,186,0,1,Pittsburgh,Syracuse,Panthers,Orange,3,4,14,18,-4,1570,Pittsburgh,1703,503,0,Tray Woodall with a defensive rebound.,NA,FALSE,FALSE,NA,NA,NA,NA,NA,NA,0,Syracuse,Pittsburgh,37,NA,Tray Woodall,Lamar Patterson,Talib Zanna,Cameron Wright,Dante Taylor,Michael Carter-Williams,C.J. Fair,Brandon Triche,Rakeem Christmas,Jerami Grant
2012-13,2013-02-02,1257691,194,0,1,Pittsburgh,Syracuse,Panthers,Orange,3,4,16,18,-2,1570,Pittsburgh,1684,484,19,Talib Zanna makes a jump shot from 17 feet out. Cameron Wright with the assist.,made,FALSE,FALSE,Jump Shot,41.6,5.849999999999994,504906,Talib Zanna,Cameron Wright,0,Pittsburgh,Syracuse,38,NA,Tray Woodall,Lamar Patterson,Talib Zanna,Cameron Wright,Dante Taylor,Michael Carter-Williams,C.J. Fair,Brandon Triche,Rakeem Christmas,Jerami Grant
2012-13,2013-02-02,1257691,195,0,1,Pittsburgh,Syracuse,Panthers,Orange,3,4,16,18,-2,1633,Syracuse,1657,457,27,Brandon Triche misses a layup.,missed,FALSE,FALSE,Layup Shot,26,6.25,513430,Brandon Triche,NA,0,Syracuse,Syracuse,39,NA,Tray Woodall,Lamar Patterson,Talib Zanna,Cameron Wright,Dante Taylor,Michael Carter-Williams,C.J. Fair,Brandon Triche,Rakeem Christmas,Jerami Grant
2012-13,2013-02-02,1257691,196,0,1,Pittsburgh,Syracuse,Panthers,Orange,3,4,16,18,-2,1570,Pittsburgh,1657,457,0,Cameron Wright with a defensive rebound.,NA,FALSE,FALSE,NA,NA,NA,NA,NA,NA,0,Syracuse,Pittsburgh,39,NA,Tray Woodall,Lamar Patterson,Talib Zanna,Cameron Wright,Dante Taylor,Michael Carter-Williams,C.J. Fair,Brandon Triche,Rakeem Christmas,Jerami Grant
2012-13,2013-02-02,1257691,197,0,1,Pittsburgh,Syracuse,Panthers,Orange,3,4,16,18,-2,1570,Pittsburgh,1650,450,7,Michael Carter-Williams steals the ball from Tray Woodall.,NA,FALSE,FALSE,NA,NA,NA,NA,NA,NA,0,Pittsburgh,Syracuse,40,NA,Tray Woodall,Lamar Patterson,Talib Zanna,Cameron Wright,Dante Taylor,Michael Carter-Williams,C.J. Fair,Brandon Triche,Rakeem Christmas,Jerami Grant
2012-13,2013-02-02,1257691,198,0,1,Pittsburgh,Syracuse,Panthers,Orange,3,4,16,18,-2,1633,Syracuse,1634,434,16,Tray Woodall steals the ball from C.J. Fair.,NA,FALSE,FALSE,NA,NA,NA,NA,NA,NA,0,Syracuse,Pittsburgh,41,NA,Tray Woodall,Lamar Patterson,Talib Zanna,Cameron Wright,Dante Taylor,Michael Carter-Williams,C.J. Fair,Brandon Triche,Rakeem Christmas,Jerami Grant
2012-13,2013-02-02,1257691,201,0,1,Pittsburgh,Syracuse,Panthers,Orange,3,4,18,18,0,1570,Pittsburgh,1629,429,5,Lamar Patterson makes a layup. Tray Woodall with the assist.,made,FALSE,FALSE,Layup Shot,26,6.25,504905,Lamar Patterson,Tray Woodall,0,Pittsburgh,Pittsburgh,42,NA,Tray Woodall,Lamar Patterson,Talib Zanna,Cameron Wright,Dante Taylor,Michael Carter-Williams,C.J. Fair,Brandon Triche,Rakeem Christmas,Jerami Grant
2012-13,2013-02-02,1257691,202,0,1,Pittsburgh,Syracuse,Panthers,Orange,3,4,18,18,0,1633,Syracuse,1629,429,0,Shooting foul committed by Rakeem Christmas.,NA,FALSE,FALSE,NA,NA,NA,NA,NA,NA,0,Pittsburgh,Pittsburgh,42,NA,Tray Woodall,Lamar Patterson,Talib Zanna,Cameron Wright,Dante Taylor,Michael Carter-Williams,C.J. Fair,Brandon Triche,Rakeem Christmas,Jerami Grant
2012-13,2013-02-02,1257691,203,0,1,Pittsburgh,Syracuse,Panthers,Orange,3,4,18,18,0,NA,NA,1629,429,0,Official's timeout.,NA,FALSE,FALSE,NA,NA,NA,NA,NA,NA,0,NA,NA,NA,NA,Tray Woodall,Lamar Patterson,Talib Zanna,Cameron Wright,Dante Taylor,Michael Carter-Williams,C.J. Fair,Brandon Triche,Rakeem Christmas,Jerami Grant
2012-13,2013-02-02,1257691,206,0,1,Pittsburgh,Syracuse,Panthers,Orange,3,4,18,18,0,1633,Syracuse,1629,429,0,Substitution: Baye-Moussa Keita in for Rakeem Christmas.,NA,FALSE,FALSE,NA,NA,NA,NA,NA,NA,1,NA,NA,NA,NA,Tray Woodall,Lamar Patterson,Talib Zanna,Cameron Wright,Dante Taylor,Michael Carter-Williams,C.J. Fair,Brandon Triche,Baye-Moussa Keita,Jerami Grant
2012-13,2013-02-02,1257691,207,0,1,Pittsburgh,Syracuse,Panthers,Orange,3,4,18,18,0,1570,Pittsburgh,1629,429,0,Lamar Patterson misses free throw 1 of 1.,missed,TRUE,FALSE,NA,NA,NA,NA,NA,NA,0,Pittsburgh,Pittsburgh,42,NA,Tray Woodall,Lamar Patterson,Talib Zanna,Cameron Wright,Dante Taylor,Michael Carter-Williams,C.J. Fair,Brandon Triche,Baye-Moussa Keita,Jerami Grant
2012-13,2013-02-02,1257691,208,0,1,Pittsburgh,Syracuse,Panthers,Orange,3,4,18,18,0,1633,Syracuse,1629,429,0,Baye-Moussa Keita with a defensive rebound.,NA,FALSE,FALSE,NA,NA,NA,NA,NA,NA,0,Pittsburgh,Syracuse,42,NA,Tray Woodall,Lamar Patterson,Talib Zanna,Cameron Wright,Dante Taylor,Michael Carter-Williams,C.J. Fair,Brandon Triche,Baye-Moussa Keita,Jerami Grant
2012-13,2013-02-02,1257691,219,0,1,Pittsburgh,Syracuse,Panthers,Orange,3,4,18,18,0,1633,Syracuse,1616,416,13,Offensive foul committed by Brandon Triche.,NA,FALSE,FALSE,NA,NA,NA,NA,NA,NA,0,Syracuse,Syracuse,43,NA,Tray Woodall,Lamar Patterson,Talib Zanna,Cameron Wright,Dante Taylor,Michael Carter-Williams,C.J. Fair,Brandon Triche,Baye-Moussa Keita,Jerami Grant
2012-13,2013-02-02,1257691,220,0,1,Pittsburgh,Syracuse,Panthers,Orange,3,4,18,18,0,1633,Syracuse,1616,416,0,Brandon Triche with a turnover,NA,FALSE,FALSE,NA,NA,NA,NA,NA,NA,0,Syracuse,Pittsburgh,43,NA,Tray Woodall,Lamar Patterson,Talib Zanna,Cameron Wright,Dante Taylor,Michael Carter-Williams,C.J. Fair,Brandon Triche,Baye-Moussa Keita,Jerami Grant
2012-13,2013-02-02,1257691,221,0,1,Pittsburgh,Syracuse,Panthers,Orange,3,4,18,18,0,1633,Syracuse,1616,416,0,Substitution: Trevor Cooney in for Brandon Triche.,NA,FALSE,FALSE,NA,NA,NA,NA,NA,NA,1,NA,NA,NA,NA,Tray Woodall,Lamar Patterson,Talib Zanna,Cameron Wright,Dante Taylor,Michael Carter-Williams,C.J. Fair,Trevor Cooney,Baye-Moussa Keita,Jerami Grant
2012-13,2013-02-02,1257691,222,0,1,Pittsburgh,Syracuse,Panthers,Orange,3,4,18,18,0,1570,Pittsburgh,1616,416,0,Substitution: Steven Adams in for Dante Taylor.,NA,FALSE,FALSE,NA,NA,NA,NA,NA,NA,1,NA,NA,NA,NA,Tray Woodall,Lamar Patterson,Talib Zanna,Cameron Wright,Steven Adams,Michael Carter-Williams,C.J. Fair,Trevor Cooney,Baye-Moussa Keita,Jerami Grant
2012-13,2013-02-02,1257691,228,0,1,Pittsburgh,Syracuse,Panthers,Orange,3,4,21,18,3,1570,Pittsburgh,1585,385,31,Tray Woodall makes a 3-point jump shot from 24 feet out. Cameron Wright with the assist.,made,FALSE,TRUE,Jump Shot,21.5,29.150000000000006,462985,Tray Woodall,Cameron Wright,0,Pittsburgh,Syracuse,44,NA,Tray Woodall,Lamar Patterson,Talib Zanna,Cameron Wright,Steven Adams,Michael Carter-Williams,C.J. Fair,Trevor Cooney,Baye-Moussa Keita,Jerami Grant
2012-13,2013-02-02,1257691,229,0,1,Pittsburgh,Syracuse,Panthers,Orange,3,4,21,18,3,1633,Syracuse,1564,364,21,Cameron Wright steals the ball from Jerami Grant.,NA,FALSE,FALSE,NA,NA,NA,NA,NA,NA,0,Syracuse,Pittsburgh,45,NA,Tray Woodall,Lamar Patterson,Talib Zanna,Cameron Wright,Steven Adams,Michael Carter-Williams,C.J. Fair,Trevor Cooney,Baye-Moussa Keita,Jerami Grant
2012-13,2013-02-02,1257691,231,0,1,Pittsburgh,Syracuse,Panthers,Orange,3,4,21,18,3,1570,Pittsburgh,1554,354,10,Cameron Wright with a turnover - Out of Bounds,NA,FALSE,FALSE,NA,NA,NA,NA,NA,NA,0,Pittsburgh,Syracuse,46,NA,Tray Woodall,Lamar Patterson,Talib Zanna,Cameron Wright,Steven Adams,Michael Carter-Williams,C.J. Fair,Trevor Cooney,Baye-Moussa Keita,Jerami Grant
2012-13,2013-02-02,1257691,235,0,1,Pittsburgh,Syracuse,Panthers,Orange,3,4,21,18,3,1633,Syracuse,1531,331,23,Michael Carter-Williams misses a jump shot from 19 feet out.,missed,FALSE,FALSE,Jump Shot,16.9,22.85,609790,Michael Carter-Williams,NA,0,Syracuse,Syracuse,47,NA,Tray Woodall,Lamar Patterson,Talib Zanna,Cameron Wright,Steven Adams,Michael Carter-Williams,C.J. Fair,Trevor Cooney,Baye-Moussa Keita,Jerami Grant
2012-13,2013-02-02,1257691,236,0,1,Pittsburgh,Syracuse,Panthers,Orange,3,4,21,18,3,1570,Pittsburgh,1531,331,0,Lamar Patterson with a defensive rebound.,NA,FALSE,FALSE,NA,NA,NA,NA,NA,NA,0,Syracuse,Pittsburgh,47,NA,Tray Woodall,Lamar Patterson,Talib Zanna,Cameron Wright,Steven Adams,Michael Carter-Williams,C.J. Fair,Trevor Cooney,Baye-Moussa Keita,Jerami Grant
2012-13,2013-02-02,1257691,241,0,1,Pittsburgh,Syracuse,Panthers,Orange,3,4,21,18,3,1570,Pittsburgh,1506,306,25,Lamar Patterson with a turnover - Bad Pass,NA,FALSE,FALSE,NA,NA,NA,NA,NA,NA,0,Pittsburgh,Syracuse,48,NA,Tray Woodall,Lamar Patterson,Talib Zanna,Cameron Wright,Steven Adams,Michael Carter-Williams,C.J. Fair,Trevor Cooney,Baye-Moussa Keita,Jerami Grant
2012-13,2013-02-02,1257691,246,0,1,Pittsburgh,Syracuse,Panthers,Orange,3,4,21,20,1,1633,Syracuse,1498,298,8,C.J. Fair makes a jump shot from 17 feet out. Michael Carter-Williams with the assist.,made,FALSE,FALSE,Jump Shot,10.3,12.85,552005,C.J. Fair,Michael Carter-Williams,0,Syracuse,Pittsburgh,49,NA,Tray Woodall,Lamar Patterson,Talib Zanna,Cameron Wright,Steven Adams,Michael Carter-Williams,C.J. Fair,Trevor Cooney,Baye-Moussa Keita,Jerami Grant
2012-13,2013-02-02,1257691,248,0,1,Pittsburgh,Syracuse,Panthers,Orange,3,4,23,20,3,1570,Pittsburgh,1470,270,28,Cameron Wright makes a jump shot from 19 feet out.,made,FALSE,FALSE,Jump Shot,29.8,23.349999999999994,551025,Cameron Wright,NA,0,Pittsburgh,Syracuse,50,NA,Tray Woodall,Lamar Patterson,Talib Zanna,Cameron Wright,Steven Adams,Michael Carter-Williams,C.J. Fair,Trevor Cooney,Baye-Moussa Keita,Jerami Grant
2012-13,2013-02-02,1257691,250,0,1,Pittsburgh,Syracuse,Panthers,Orange,3,4,23,20,3,1570,Pittsburgh,1445,245,25,Personal foul committed by Tray Woodall.,NA,FALSE,FALSE,NA,NA,NA,NA,NA,NA,0,Syracuse,Syracuse,51,NA,Tray Woodall,Lamar Patterson,Talib Zanna,Cameron Wright,Steven Adams,Michael Carter-Williams,C.J. Fair,Trevor Cooney,Baye-Moussa Keita,Jerami Grant
2012-13,2013-02-02,1257691,251,0,1,Pittsburgh,Syracuse,Panthers,Orange,3,4,23,20,3,1570,Pittsburgh,1445,245,0,Substitution: Trey Zeigler in for Cameron Wright.,NA,FALSE,FALSE,NA,NA,NA,NA,NA,NA,1,NA,NA,NA,NA,Tray Woodall,Lamar Patterson,Talib Zanna,Trey Zeigler,Steven Adams,Michael Carter-Williams,C.J. Fair,Trevor Cooney,Baye-Moussa Keita,Jerami Grant
2012-13,2013-02-02,1257691,252,0,1,Pittsburgh,Syracuse,Panthers,Orange,3,4,23,20,3,1570,Pittsburgh,1445,245,0,Substitution: James Robinson in for Tray Woodall.,NA,FALSE,FALSE,NA,NA,NA,NA,NA,NA,1,NA,NA,NA,NA,James Robinson,Lamar Patterson,Talib Zanna,Trey Zeigler,Steven Adams,Michael Carter-Williams,C.J. Fair,Trevor Cooney,Baye-Moussa Keita,Jerami Grant
2012-13,2013-02-02,1257691,256,0,1,Pittsburgh,Syracuse,Panthers,Orange,3,4,23,20,3,1633,Syracuse,1428,228,17,Jerami Grant misses a layup.,missed,FALSE,FALSE,Layup Shot,26,6.25,699826,Jerami Grant,NA,0,Syracuse,Syracuse,51,NA,James Robinson,Lamar Patterson,Talib Zanna,Trey Zeigler,Steven Adams,Michael Carter-Williams,C.J. Fair,Trevor Cooney,Baye-Moussa Keita,Jerami Grant
2012-13,2013-02-02,1257691,257,0,1,Pittsburgh,Syracuse,Panthers,Orange,3,4,23,20,3,1570,Pittsburgh,1428,228,0,James Robinson with a defensive rebound.,NA,FALSE,FALSE,NA,NA,NA,NA,NA,NA,0,Syracuse,Pittsburgh,51,NA,James Robinson,Lamar Patterson,Talib Zanna,Trey Zeigler,Steven Adams,Michael Carter-Williams,C.J. Fair,Trevor Cooney,Baye-Moussa Keita,Jerami Grant
2012-13,2013-02-02,1257691,258,0,1,Pittsburgh,Syracuse,Panthers,Orange,3,4,23,20,3,1570,Pittsburgh,1397,197,31,Baye-Moussa Keita steals the ball from James Robinson.,NA,FALSE,FALSE,NA,NA,NA,NA,NA,NA,0,Pittsburgh,Syracuse,52,NA,James Robinson,Lamar Patterson,Talib Zanna,Trey Zeigler,Steven Adams,Michael Carter-Williams,C.J. Fair,Trevor Cooney,Baye-Moussa Keita,Jerami Grant
2012-13,2013-02-02,1257691,262,0,1,Pittsburgh,Syracuse,Panthers,Orange,3,4,23,20,3,1570,Pittsburgh,1394,194,3,Personal foul committed by James Robinson.,NA,FALSE,FALSE,NA,NA,NA,NA,NA,NA,0,Syracuse,Syracuse,53,NA,James Robinson,Lamar Patterson,Talib Zanna,Trey Zeigler,Steven Adams,Michael Carter-Williams,C.J. Fair,Trevor Cooney,Baye-Moussa Keita,Jerami Grant
2012-13,2013-02-02,1257691,263,0,1,Pittsburgh,Syracuse,Panthers,Orange,3,4,23,20,3,NA,NA,1394,194,0,Official's timeout.,NA,FALSE,FALSE,NA,NA,NA,NA,NA,NA,0,NA,NA,NA,NA,James Robinson,Lamar Patterson,Talib Zanna,Trey Zeigler,Steven Adams,Michael Carter-Williams,C.J. Fair,Trevor Cooney,Baye-Moussa Keita,Jerami Grant
2012-13,2013-02-02,1257691,264,0,1,Pittsburgh,Syracuse,Panthers,Orange,3,4,23,20,3,1633,Syracuse,1394,194,0,Substitution: Brandon Triche in for Michael Carter-Williams.,NA,FALSE,FALSE,NA,NA,NA,NA,NA,NA,1,NA,NA,NA,NA,James Robinson,Lamar Patterson,Talib Zanna,Trey Zeigler,Steven Adams,Brandon Triche,C.J. Fair,Trevor Cooney,Baye-Moussa Keita,Jerami Grant
2012-13,2013-02-02,1257691,265,0,1,Pittsburgh,Syracuse,Panthers,Orange,3,4,23,20,3,1570,Pittsburgh,1394,194,0,Substitution: Tray Woodall in for Lamar Patterson.,NA,FALSE,FALSE,NA,NA,NA,NA,NA,NA,1,NA,NA,NA,NA,James Robinson,Tray Woodall,Talib Zanna,Trey Zeigler,Steven Adams,Brandon Triche,C.J. Fair,Trevor Cooney,Baye-Moussa Keita,Jerami Grant
2012-13,2013-02-02,1257691,266,0,1,Pittsburgh,Syracuse,Panthers,Orange,3,4,23,20,3,1570,Pittsburgh,1394,194,0,Substitution: Dante Taylor in for Steven Adams.,NA,FALSE,FALSE,NA,NA,NA,NA,NA,NA,1,NA,NA,NA,NA,James Robinson,Tray Woodall,Talib Zanna,Trey Zeigler,Dante Taylor,Brandon Triche,C.J. Fair,Trevor Cooney,Baye-Moussa Keita,Jerami Grant
2012-13,2013-02-02,1257691,272,0,1,Pittsburgh,Syracuse,Panthers,Orange,3,4,23,20,3,1633,Syracuse,1366,166,28,Brandon Triche misses a 3-point jump shot from 24 feet out.,missed,FALSE,TRUE,Jump Shot,26.1,28.75,513430,Brandon Triche,NA,0,Syracuse,Syracuse,53,NA,James Robinson,Tray Woodall,Talib Zanna,Trey Zeigler,Dante Taylor,Brandon Triche,C.J. Fair,Trevor Cooney,Baye-Moussa Keita,Jerami Grant
2012-13,2013-02-02,1257691,273,0,1,Pittsburgh,Syracuse,Panthers,Orange,3,4,23,20,3,1633,Syracuse,1366,166,0,Baye-Moussa Keita with an offensive rebound.,NA,FALSE,FALSE,NA,NA,NA,NA,NA,NA,0,Syracuse,Syracuse,53,NA,James Robinson,Tray Woodall,Talib Zanna,Trey Zeigler,Dante Taylor,Brandon Triche,C.J. Fair,Trevor Cooney,Baye-Moussa Keita,Jerami Grant
2012-13,2013-02-02,1257691,275,0,1,Pittsburgh,Syracuse,Panthers,Orange,3,4,23,20,3,1570,Pittsburgh,1365,165,1,Shooting foul committed by Dante Taylor.,NA,FALSE,FALSE,NA,NA,NA,NA,NA,NA,0,Syracuse,Syracuse,53,NA,James Robinson,Tray Woodall,Talib Zanna,Trey Zeigler,Dante Taylor,Brandon Triche,C.J. Fair,Trevor Cooney,Baye-Moussa Keita,Jerami Grant
2012-13,2013-02-02,1257691,276,0,1,Pittsburgh,Syracuse,Panthers,Orange,3,4,23,20,3,1570,Pittsburgh,1365,165,0,Substitution: Cameron Wright in for Tray Woodall.,NA,FALSE,FALSE,NA,NA,NA,NA,NA,NA,1,NA,NA,NA,NA,James Robinson,Cameron Wright,Talib Zanna,Trey Zeigler,Dante Taylor,Brandon Triche,C.J. Fair,Trevor Cooney,Baye-Moussa Keita,Jerami Grant
2012-13,2013-02-02,1257691,277,0,1,Pittsburgh,Syracuse,Panthers,Orange,3,4,23,21,2,1633,Syracuse,1365,165,0,Baye-Moussa Keita makes free throw 1 of 2.,made,TRUE,FALSE,NA,NA,NA,NA,NA,NA,0,Syracuse,Syracuse,53,NA,James Robinson,Cameron Wright,Talib Zanna,Trey Zeigler,Dante Taylor,Brandon Triche,C.J. Fair,Trevor Cooney,Baye-Moussa Keita,Jerami Grant
2012-13,2013-02-02,1257691,278,0,1,Pittsburgh,Syracuse,Panthers,Orange,3,4,23,21,2,1570,Pittsburgh,1365,165,0,Substitution: Steven Adams in for Dante Taylor.,NA,FALSE,FALSE,NA,NA,NA,NA,NA,NA,1,NA,NA,NA,NA,James Robinson,Cameron Wright,Talib Zanna,Trey Zeigler,Steven Adams,Brandon Triche,C.J. Fair,Trevor Cooney,Baye-Moussa Keita,Jerami Grant
2012-13,2013-02-02,1257691,279,0,1,Pittsburgh,Syracuse,Panthers,Orange,3,4,23,21,2,1633,Syracuse,1365,165,0,Baye-Moussa Keita misses free throw 2 of 2.,missed,TRUE,FALSE,NA,NA,NA,NA,NA,NA,0,Syracuse,Syracuse,53,NA,James Robinson,Cameron Wright,Talib Zanna,Trey Zeigler,Steven Adams,Brandon Triche,C.J. Fair,Trevor Cooney,Baye-Moussa Keita,Jerami Grant
2012-13,2013-02-02,1257691,280,0,1,Pittsburgh,Syracuse,Panthers,Orange,3,4,23,21,2,1570,Pittsburgh,1365,165,0,Talib Zanna with a defensive rebound.,NA,FALSE,FALSE,NA,NA,NA,NA,NA,NA,0,Syracuse,Pittsburgh,53,NA,James Robinson,Cameron Wright,Talib Zanna,Trey Zeigler,Steven Adams,Brandon Triche,C.J. Fair,Trevor Cooney,Baye-Moussa Keita,Jerami Grant
2012-13,2013-02-02,1257691,284,0,1,Pittsburgh,Syracuse,Panthers,Orange,3,4,23,21,2,1570,Pittsburgh,1341,141,24,C.J. Fair blocks a Talib Zanna jump shot from 13 feet out.,missed,FALSE,FALSE,Jump Shot,12.200000000000003,4.950000000000003,504906,Talib Zanna,NA,0,Pittsburgh,Pittsburgh,54,NA,James Robinson,Cameron Wright,Talib Zanna,Trey Zeigler,Steven Adams,Brandon Triche,C.J. Fair,Trevor Cooney,Baye-Moussa Keita,Jerami Grant
2012-13,2013-02-02,1257691,285,0,1,Pittsburgh,Syracuse,Panthers,Orange,3,4,23,21,2,1633,Syracuse,1341,141,0,Trevor Cooney with a defensive rebound.,NA,FALSE,FALSE,NA,NA,NA,NA,NA,NA,0,Pittsburgh,Syracuse,54,NA,James Robinson,Cameron Wright,Talib Zanna,Trey Zeigler,Steven Adams,Brandon Triche,C.J. Fair,Trevor Cooney,Baye-Moussa Keita,Jerami Grant
2012-13,2013-02-02,1257691,286,0,1,Pittsburgh,Syracuse,Panthers,Orange,3,4,23,23,0,1633,Syracuse,1336,136,5,Brandon Triche makes a jump shot from 10 feet out.,made,FALSE,FALSE,Jump Shot,26.4,15.15,513430,Brandon Triche,NA,0,Syracuse,Pittsburgh,55,NA,James Robinson,Cameron Wright,Talib Zanna,Trey Zeigler,Steven Adams,Brandon Triche,C.J. Fair,Trevor Cooney,Baye-Moussa Keita,Jerami Grant
2012-13,2013-02-02,1257691,287,0,1,Pittsburgh,Syracuse,Panthers,Orange,3,4,25,23,2,1570,Pittsburgh,1305,105,31,Steven Adams makes a jump shot from 15 feet out. Cameron Wright with the assist.,made,FALSE,FALSE,Jump Shot,22,20.25,679478,Steven Adams,Cameron Wright,0,Pittsburgh,Syracuse,56,NA,James Robinson,Cameron Wright,Talib Zanna,Trey Zeigler,Steven Adams,Brandon Triche,C.J. Fair,Trevor Cooney,Baye-Moussa Keita,Jerami Grant
2012-13,2013-02-02,1257691,288,0,1,Pittsburgh,Syracuse,Panthers,Orange,3,4,25,23,2,1633,Syracuse,1286,86,19,Baye-Moussa Keita misses a layup.,missed,FALSE,FALSE,Layup Shot,25,5.25,552004,Baye-Moussa Keita,NA,0,Syracuse,Syracuse,57,NA,James Robinson,Cameron Wright,Talib Zanna,Trey Zeigler,Steven Adams,Brandon Triche,C.J. Fair,Trevor Cooney,Baye-Moussa Keita,Jerami Grant
2012-13,2013-02-02,1257691,289,0,1,Pittsburgh,Syracuse,Panthers,Orange,3,4,25,23,2,1633,Syracuse,1286,86,0,Jerami Grant with an offensive rebound.,NA,FALSE,FALSE,NA,NA,NA,NA,NA,NA,0,Syracuse,Syracuse,57,NA,James Robinson,Cameron Wright,Talib Zanna,Trey Zeigler,Steven Adams,Brandon Triche,C.J. Fair,Trevor Cooney,Baye-Moussa Keita,Jerami Grant
2012-13,2013-02-02,1257691,290,0,1,Pittsburgh,Syracuse,Panthers,Orange,3,4,25,25,0,1633,Syracuse,1282,82,4,Jerami Grant dunks.,made,FALSE,FALSE,Dunk Shot,25,5.25,699826,Jerami Grant,NA,0,Syracuse,Pittsburgh,57,NA,James Robinson,Cameron Wright,Talib Zanna,Trey Zeigler,Steven Adams,Brandon Triche,C.J. Fair,Trevor Cooney,Baye-Moussa Keita,Jerami Grant
2012-13,2013-02-02,1257691,291,0,1,Pittsburgh,Syracuse,Panthers,Orange,3,4,27,25,2,1570,Pittsburgh,1251,51,31,Talib Zanna dunks. Trey Zeigler with the assist.,made,FALSE,FALSE,Dunk Shot,26,6.25,504906,Talib Zanna,Trey Zeigler,0,Pittsburgh,Syracuse,58,NA,James Robinson,Cameron Wright,Talib Zanna,Trey Zeigler,Steven Adams,Brandon Triche,C.J. Fair,Trevor Cooney,Baye-Moussa Keita,Jerami Grant
2012-13,2013-02-02,1257691,298,0,1,Pittsburgh,Syracuse,Panthers,Orange,3,4,27,25,2,1633,Syracuse,1213,13,38,Jerami Grant with a turnover - Out of Bounds,NA,FALSE,FALSE,NA,NA,NA,NA,NA,NA,0,Syracuse,Pittsburgh,59,NA,James Robinson,Cameron Wright,Talib Zanna,Trey Zeigler,Steven Adams,Brandon Triche,C.J. Fair,Trevor Cooney,Baye-Moussa Keita,Jerami Grant
2012-13,2013-02-02,1257691,301,0,1,Pittsburgh,Syracuse,Panthers,Orange,3,4,27,25,2,1570,Pittsburgh,1205,5,8,Tray Woodall misses a 3-point jump shot from 25 feet out.,missed,FALSE,TRUE,Jump Shot,26.6,30.15,462985,Tray Woodall,NA,0,Pittsburgh,Pittsburgh,60,NA,James Robinson,Cameron Wright,Talib Zanna,Trey Zeigler,Steven Adams,Brandon Triche,C.J. Fair,Trevor Cooney,Baye-Moussa Keita,Jerami Grant
2012-13,2013-02-02,1257691,304,0,1,Pittsburgh,Syracuse,Panthers,Orange,3,4,27,25,2,NA,NA,1200,0,5,End of the 1st Half,NA,FALSE,FALSE,NA,NA,NA,NA,NA,NA,0,NA,NA,NA,NA,James Robinson,Cameron Wright,Talib Zanna,Trey Zeigler,Steven Adams,Brandon Triche,C.J. Fair,Trevor Cooney,Baye-Moussa Keita,Jerami Grant
2012-13,2013-02-02,1257691,305,0,2,Pittsburgh,Syracuse,Panthers,Orange,4,4,27,25,2,NA,NA,1200,1200,0,Start of the 2nd Half,NA,FALSE,FALSE,NA,NA,NA,NA,NA,NA,0,NA,Pittsburgh,60,NA,James Robinson,Cameron Wright,Talib Zanna,Trey Zeigler,Steven Adams,Brandon Triche,C.J. Fair,Trevor Cooney,Baye-Moussa Keita,Jerami Grant
2012-13,2013-02-02,1257691,309,0,2,Pittsburgh,Syracuse,Panthers,Orange,4,4,27,25,2,1570,Pittsburgh,1164,1164,36,Tray Woodall misses a 3-point jump shot from 24 feet out.,missed,FALSE,TRUE,Jump Shot,11.299999999999997,24.349999999999994,462985,Tray Woodall,NA,0,Pittsburgh,Pittsburgh,61,NA,James Robinson,Cameron Wright,Talib Zanna,Trey Zeigler,Steven Adams,Brandon Triche,C.J. Fair,Trevor Cooney,Baye-Moussa Keita,Jerami Grant
2012-13,2013-02-02,1257691,310,0,2,Pittsburgh,Syracuse,Panthers,Orange,4,4,27,25,2,1570,Pittsburgh,1164,1164,0,Lamar Patterson with an offensive rebound.,NA,FALSE,FALSE,NA,NA,NA,NA,NA,NA,0,Pittsburgh,Pittsburgh,61,NA,James Robinson,Cameron Wright,Talib Zanna,Trey Zeigler,Steven Adams,Brandon Triche,C.J. Fair,Trevor Cooney,Baye-Moussa Keita,Jerami Grant
2012-13,2013-02-02,1257691,312,0,2,Pittsburgh,Syracuse,Panthers,Orange,4,4,27,25,2,1570,Pittsburgh,1156,1156,8,Rakeem Christmas blocks a Lamar Patterson layup.,missed,FALSE,FALSE,Layup Shot,26,6.25,504905,Lamar Patterson,NA,0,Pittsburgh,Pittsburgh,61,NA,James Robinson,Cameron Wright,Talib Zanna,Trey Zeigler,Steven Adams,Brandon Triche,C.J. Fair,Trevor Cooney,Baye-Moussa Keita,Jerami Grant
2012-13,2013-02-02,1257691,313,0,2,Pittsburgh,Syracuse,Panthers,Orange,4,4,27,25,2,1570,Pittsburgh,1156,1156,0,Talib Zanna with an offensive rebound.,NA,FALSE,FALSE,NA,NA,NA,NA,NA,NA,0,Pittsburgh,Pittsburgh,61,NA,James Robinson,Cameron Wright,Talib Zanna,Trey Zeigler,Steven Adams,Brandon Triche,C.J. Fair,Trevor Cooney,Baye-Moussa Keita,Jerami Grant
2012-13,2013-02-02,1257691,315,0,2,Pittsburgh,Syracuse,Panthers,Orange,4,4,27,25,2,1570,Pittsburgh,1155,1155,1,Michael Carter-Williams steals the ball from Talib Zanna.,NA,FALSE,FALSE,NA,NA,NA,NA,NA,NA,0,Pittsburgh,Syracuse,61,NA,James Robinson,Cameron Wright,Talib Zanna,Trey Zeigler,Steven Adams,Brandon Triche,C.J. Fair,Trevor Cooney,Baye-Moussa Keita,Jerami Grant
2012-13,2013-02-02,1257691,316,0,2,Pittsburgh,Syracuse,Panthers,Orange,4,4,27,25,2,1633,Syracuse,1129,1129,26,Jerami Grant misses a layup.,missed,FALSE,FALSE,Layup Shot,26,6.25,699826,Jerami Grant,NA,0,Syracuse,Syracuse,62,NA,James Robinson,Cameron Wright,Talib Zanna,Trey Zeigler,Steven Adams,Brandon Triche,C.J. Fair,Trevor Cooney,Baye-Moussa Keita,Jerami Grant
2012-13,2013-02-02,1257691,317,0,2,Pittsburgh,Syracuse,Panthers,Orange,4,4,27,25,2,1570,Pittsburgh,1129,1129,0,Talib Zanna with a defensive rebound.,NA,FALSE,FALSE,NA,NA,NA,NA,NA,NA,0,Syracuse,Pittsburgh,62,NA,James Robinson,Cameron Wright,Talib Zanna,Trey Zeigler,Steven Adams,Brandon Triche,C.J. Fair,Trevor Cooney,Baye-Moussa Keita,Jerami Grant
2012-13,2013-02-02,1257691,318,0,2,Pittsburgh,Syracuse,Panthers,Orange,4,4,29,25,4,1570,Pittsburgh,1120,1120,9,Trey Zeigler makes a layup. Lamar Patterson with the assist.,made,FALSE,FALSE,Layup Shot,26,6.25,550426,Trey Zeigler,Lamar Patterson,0,Pittsburgh,Syracuse,63,NA,James Robinson,Cameron Wright,Talib Zanna,Trey Zeigler,Steven Adams,Brandon Triche,C.J. Fair,Trevor Cooney,Baye-Moussa Keita,Jerami Grant
2012-13,2013-02-02,1257691,329,0,2,Pittsburgh,Syracuse,Panthers,Orange,4,4,29,25,4,1570,Pittsburgh,1105,1105,15,Personal foul committed by Trey Zeigler.,NA,FALSE,FALSE,NA,NA,NA,NA,NA,NA,0,Syracuse,Syracuse,64,NA,James Robinson,Cameron Wright,Talib Zanna,Trey Zeigler,Steven Adams,Brandon Triche,C.J. Fair,Trevor Cooney,Baye-Moussa Keita,Jerami Grant
2012-13,2013-02-02,1257691,334,0,2,Pittsburgh,Syracuse,Panthers,Orange,4,4,29,25,4,1633,Syracuse,1095,1095,10,Brandon Triche misses a 3-point jump shot from 23 feet out.,missed,FALSE,TRUE,Jump Shot,33.8,26.95,513430,Brandon Triche,NA,0,Syracuse,Syracuse,64,NA,James Robinson,Cameron Wright,Talib Zanna,Trey Zeigler,Steven Adams,Brandon Triche,C.J. Fair,Trevor Cooney,Baye-Moussa Keita,Jerami Grant
2012-13,2013-02-02,1257691,335,0,2,Pittsburgh,Syracuse,Panthers,Orange,4,4,29,25,4,1570,Pittsburgh,1095,1095,0,Steven Adams with a defensive rebound.,NA,FALSE,FALSE,NA,NA,NA,NA,NA,NA,0,Syracuse,Pittsburgh,64,NA,James Robinson,Cameron Wright,Talib Zanna,Trey Zeigler,Steven Adams,Brandon Triche,C.J. Fair,Trevor Cooney,Baye-Moussa Keita,Jerami Grant
2012-13,2013-02-02,1257691,337,0,2,Pittsburgh,Syracuse,Panthers,Orange,4,4,29,25,4,1570,Pittsburgh,1083,1083,12,Steven Adams misses a layup.,missed,FALSE,FALSE,Layup Shot,26,6.25,679478,Steven Adams,NA,0,Pittsburgh,Pittsburgh,65,NA,James Robinson,Cameron Wright,Talib Zanna,Trey Zeigler,Steven Adams,Brandon Triche,C.J. Fair,Trevor Cooney,Baye-Moussa Keita,Jerami Grant
2012-13,2013-02-02,1257691,338,0,2,Pittsburgh,Syracuse,Panthers,Orange,4,4,29,25,4,1570,Pittsburgh,1083,1083,0,Talib Zanna with an offensive rebound.,NA,FALSE,FALSE,NA,NA,NA,NA,NA,NA,0,Pittsburgh,Pittsburgh,65,NA,James Robinson,Cameron Wright,Talib Zanna,Trey Zeigler,Steven Adams,Brandon Triche,C.J. Fair,Trevor Cooney,Baye-Moussa Keita,Jerami Grant
2012-13,2013-02-02,1257691,339,0,2,Pittsburgh,Syracuse,Panthers,Orange,4,4,29,25,4,1570,Pittsburgh,1081,1081,2,Talib Zanna misses a tip shot from 3 feet out.,missed,FALSE,FALSE,Tip Shot,25.3,8.049999999999997,504906,Talib Zanna,NA,0,Pittsburgh,Pittsburgh,65,NA,James Robinson,Cameron Wright,Talib Zanna,Trey Zeigler,Steven Adams,Brandon Triche,C.J. Fair,Trevor Cooney,Baye-Moussa Keita,Jerami Grant
2012-13,2013-02-02,1257691,340,0,2,Pittsburgh,Syracuse,Panthers,Orange,4,4,29,25,4,1570,Pittsburgh,1081,1081,0,Trey Zeigler with an offensive rebound.,NA,FALSE,FALSE,NA,NA,NA,NA,NA,NA,0,Pittsburgh,Pittsburgh,65,NA,James Robinson,Cameron Wright,Talib Zanna,Trey Zeigler,Steven Adams,Brandon Triche,C.J. Fair,Trevor Cooney,Baye-Moussa Keita,Jerami Grant
2012-13,2013-02-02,1257691,342,0,2,Pittsburgh,Syracuse,Panthers,Orange,4,4,31,25,6,1570,Pittsburgh,1069,1069,12,Steven Adams makes a layup. Lamar Patterson with the assist.,made,FALSE,FALSE,Layup Shot,26,6.25,679478,Steven Adams,Lamar Patterson,0,Pittsburgh,Syracuse,65,NA,James Robinson,Cameron Wright,Talib Zanna,Trey Zeigler,Steven Adams,Brandon Triche,C.J. Fair,Trevor Cooney,Baye-Moussa Keita,Jerami Grant
2012-13,2013-02-02,1257691,345,0,2,Pittsburgh,Syracuse,Panthers,Orange,4,4,31,25,6,1570,Pittsburgh,1053,1053,16,Shooting foul committed by Trey Zeigler.,NA,FALSE,FALSE,NA,NA,NA,NA,NA,NA,0,Syracuse,Syracuse,66,NA,James Robinson,Cameron Wright,Talib Zanna,Trey Zeigler,Steven Adams,Brandon Triche,C.J. Fair,Trevor Cooney,Baye-Moussa Keita,Jerami Grant
2012-13,2013-02-02,1257691,346,0,2,Pittsburgh,Syracuse,Panthers,Orange,4,4,31,25,6,1633,Syracuse,1053,1053,0,Michael Carter-Williams misses free throw 1 of 3.,missed,TRUE,FALSE,NA,NA,NA,NA,NA,NA,0,Syracuse,Syracuse,66,NA,James Robinson,Cameron Wright,Talib Zanna,Trey Zeigler,Steven Adams,Brandon Triche,C.J. Fair,Trevor Cooney,Baye-Moussa Keita,Jerami Grant
2012-13,2013-02-02,1257691,348,0,2,Pittsburgh,Syracuse,Panthers,Orange,4,4,31,26,5,1633,Syracuse,1053,1053,0,Michael Carter-Williams makes free throw 2 of 3.,made,TRUE,FALSE,NA,NA,NA,NA,NA,NA,0,Syracuse,Syracuse,66,NA,James Robinson,Cameron Wright,Talib Zanna,Trey Zeigler,Steven Adams,Brandon Triche,C.J. Fair,Trevor Cooney,Baye-Moussa Keita,Jerami Grant
2012-13,2013-02-02,1257691,349,0,2,Pittsburgh,Syracuse,Panthers,Orange,4,4,31,27,4,1633,Syracuse,1053,1053,0,Michael Carter-Williams makes free throw 3 of 3.,made,TRUE,FALSE,NA,NA,NA,NA,NA,NA,0,Syracuse,Pittsburgh,66,NA,James Robinson,Cameron Wright,Talib Zanna,Trey Zeigler,Steven Adams,Brandon Triche,C.J. Fair,Trevor Cooney,Baye-Moussa Keita,Jerami Grant
2012-13,2013-02-02,1257691,353,0,2,Pittsburgh,Syracuse,Panthers,Orange,4,4,31,27,4,1570,Pittsburgh,1033,1033,20,Tray Woodall with a turnover - Bad Pass,NA,FALSE,FALSE,NA,NA,NA,NA,NA,NA,0,Pittsburgh,Syracuse,67,NA,James Robinson,Cameron Wright,Talib Zanna,Trey Zeigler,Steven Adams,Brandon Triche,C.J. Fair,Trevor Cooney,Baye-Moussa Keita,Jerami Grant
2012-13,2013-02-02,1257691,354,0,2,Pittsburgh,Syracuse,Panthers,Orange,4,4,31,27,4,1633,Syracuse,1030,1030,3,Michael Carter-Williams misses a layup.,missed,FALSE,FALSE,Layup Shot,25,5.25,609790,Michael Carter-Williams,NA,0,Syracuse,Syracuse,68,NA,James Robinson,Cameron Wright,Talib Zanna,Trey Zeigler,Steven Adams,Brandon Triche,C.J. Fair,Trevor Cooney,Baye-Moussa Keita,Jerami Grant
2012-13,2013-02-02,1257691,355,0,2,Pittsburgh,Syracuse,Panthers,Orange,4,4,31,27,4,1570,Pittsburgh,1030,1030,0,Lamar Patterson with a defensive rebound.,NA,FALSE,FALSE,NA,NA,NA,NA,NA,NA,0,Syracuse,Pittsburgh,68,NA,James Robinson,Cameron Wright,Talib Zanna,Trey Zeigler,Steven Adams,Brandon Triche,C.J. Fair,Trevor Cooney,Baye-Moussa Keita,Jerami Grant
2012-13,2013-02-02,1257691,364,0,2,Pittsburgh,Syracuse,Panthers,Orange,4,4,33,27,6,1570,Pittsburgh,1009,1009,21,Trey Zeigler makes a jump shot from 13 feet out. Lamar Patterson with the assist.,made,FALSE,FALSE,Jump Shot,28.7,17.75,550426,Trey Zeigler,Lamar Patterson,0,Pittsburgh,Syracuse,69,NA,James Robinson,Cameron Wright,Talib Zanna,Trey Zeigler,Steven Adams,Brandon Triche,C.J. Fair,Trevor Cooney,Baye-Moussa Keita,Jerami Grant
2012-13,2013-02-02,1257691,366,0,2,Pittsburgh,Syracuse,Panthers,Orange,4,3,33,27,6,1633,Syracuse,1007,1007,2,Orange take a full timeout.,NA,FALSE,FALSE,NA,NA,NA,NA,NA,NA,0,NA,NA,NA,NA,James Robinson,Cameron Wright,Talib Zanna,Trey Zeigler,Steven Adams,Brandon Triche,C.J. Fair,Trevor Cooney,Baye-Moussa Keita,Jerami Grant
2012-13,2013-02-02,1257691,372,0,2,Pittsburgh,Syracuse,Panthers,Orange,4,3,33,29,4,1633,Syracuse,991,991,16,C.J. Fair makes a jump shot from 11 feet out.,made,FALSE,FALSE,Jump Shot,17.1,13.45,552005,C.J. Fair,NA,0,Syracuse,Pittsburgh,70,NA,James Robinson,Cameron Wright,Talib Zanna,Trey Zeigler,Steven Adams,Brandon Triche,C.J. Fair,Trevor Cooney,Baye-Moussa Keita,Jerami Grant
2012-13,2013-02-02,1257691,374,0,2,Pittsburgh,Syracuse,Panthers,Orange,4,3,33,29,4,1570,Pittsburgh,967,967,24,Talib Zanna misses a jump shot from 16 feet out.,missed,FALSE,FALSE,Jump Shot,40.6,4.849999999999994,504906,Talib Zanna,NA,0,Pittsburgh,Pittsburgh,71,NA,James Robinson,Cameron Wright,Talib Zanna,Trey Zeigler,Steven Adams,Brandon Triche,C.J. Fair,Trevor Cooney,Baye-Moussa Keita,Jerami Grant
2012-13,2013-02-02,1257691,375,0,2,Pittsburgh,Syracuse,Panthers,Orange,4,3,33,29,4,1633,Syracuse,967,967,0,Rakeem Christmas with a defensive rebound.,NA,FALSE,FALSE,NA,NA,NA,NA,NA,NA,0,Pittsburgh,Syracuse,71,NA,James Robinson,Cameron Wright,Talib Zanna,Trey Zeigler,Steven Adams,Brandon Triche,C.J. Fair,Trevor Cooney,Baye-Moussa Keita,Jerami Grant
2012-13,2013-02-02,1257691,376,0,2,Pittsburgh,Syracuse,Panthers,Orange,4,3,33,29,4,1633,Syracuse,946,946,21,Steven Adams blocks a Brandon Triche layup.,missed,FALSE,FALSE,Layup Shot,25,5.25,513430,Brandon Triche,NA,0,Syracuse,Syracuse,72,NA,James Robinson,Cameron Wright,Talib Zanna,Trey Zeigler,Steven Adams,Brandon Triche,C.J. Fair,Trevor Cooney,Baye-Moussa Keita,Jerami Grant
2012-13,2013-02-02,1257691,377,0,2,Pittsburgh,Syracuse,Panthers,Orange,4,3,33,29,4,1570,Pittsburgh,946,946,0,Trey Zeigler with a defensive rebound.,NA,FALSE,FALSE,NA,NA,NA,NA,NA,NA,0,Syracuse,Pittsburgh,72,NA,James Robinson,Cameron Wright,Talib Zanna,Trey Zeigler,Steven Adams,Brandon Triche,C.J. Fair,Trevor Cooney,Baye-Moussa Keita,Jerami Grant
2012-13,2013-02-02,1257691,379,0,2,Pittsburgh,Syracuse,Panthers,Orange,4,3,33,29,4,1570,Pittsburgh,922,922,24,Rakeem Christmas blocks a Trey Zeigler layup.,missed,FALSE,FALSE,Layup Shot,25,5.25,550426,Trey Zeigler,NA,0,Pittsburgh,Pittsburgh,73,NA,James Robinson,Cameron Wright,Talib Zanna,Trey Zeigler,Steven Adams,Brandon Triche,C.J. Fair,Trevor Cooney,Baye-Moussa Keita,Jerami Grant
2012-13,2013-02-02,1257691,380,0,2,Pittsburgh,Syracuse,Panthers,Orange,4,3,33,29,4,1570,Pittsburgh,922,922,0,Talib Zanna with an offensive rebound.,NA,FALSE,FALSE,NA,NA,NA,NA,NA,NA,0,Pittsburgh,Pittsburgh,73,NA,James Robinson,Cameron Wright,Talib Zanna,Trey Zeigler,Steven Adams,Brandon Triche,C.J. Fair,Trevor Cooney,Baye-Moussa Keita,Jerami Grant
2012-13,2013-02-02,1257691,381,0,2,Pittsburgh,Syracuse,Panthers,Orange,4,3,33,29,4,1633,Syracuse,921,921,1,Personal foul committed by Michael Carter-Williams.,NA,FALSE,FALSE,NA,NA,NA,NA,NA,NA,0,Pittsburgh,Pittsburgh,73,NA,James Robinson,Cameron Wright,Talib Zanna,Trey Zeigler,Steven Adams,Brandon Triche,C.J. Fair,Trevor Cooney,Baye-Moussa Keita,Jerami Grant
2012-13,2013-02-02,1257691,382,0,2,Pittsburgh,Syracuse,Panthers,Orange,4,3,33,29,4,NA,NA,921,921,0,Official's timeout.,NA,FALSE,FALSE,NA,NA,NA,NA,NA,NA,0,NA,NA,NA,NA,James Robinson,Cameron Wright,Talib Zanna,Trey Zeigler,Steven Adams,Brandon Triche,C.J. Fair,Trevor Cooney,Baye-Moussa Keita,Jerami Grant
2012-13,2013-02-02,1257691,383,0,2,Pittsburgh,Syracuse,Panthers,Orange,4,3,33,29,4,1570,Pittsburgh,921,921,0,Substitution: James Robinson in for Tray Woodall.,NA,FALSE,FALSE,NA,NA,NA,NA,NA,NA,1,NA,NA,NA,Sub already in game,James Robinson,Cameron Wright,Talib Zanna,Trey Zeigler,Steven Adams,Brandon Triche,C.J. Fair,Trevor Cooney,Baye-Moussa Keita,Jerami Grant
2012-13,2013-02-02,1257691,384,0,2,Pittsburgh,Syracuse,Panthers,Orange,4,3,33,29,4,1570,Pittsburgh,921,921,0,Substitution: Tray Woodall in for Trey Zeigler.,NA,FALSE,FALSE,NA,NA,NA,NA,NA,NA,1,NA,NA,NA,NA,James Robinson,Cameron Wright,Talib Zanna,Tray Woodall,Steven Adams,Brandon Triche,C.J. Fair,Trevor Cooney,Baye-Moussa Keita,Jerami Grant
2012-13,2013-02-02,1257691,387,0,2,Pittsburgh,Syracuse,Panthers,Orange,4,3,33,29,4,1570,Pittsburgh,919,919,2,Michael Carter-Williams steals the ball from Steven Adams.,NA,FALSE,FALSE,NA,NA,NA,NA,NA,NA,0,Pittsburgh,Syracuse,73,NA,James Robinson,Cameron Wright,Talib Zanna,Tray Woodall,Steven Adams,Brandon Triche,C.J. Fair,Trevor Cooney,Baye-Moussa Keita,Jerami Grant
2012-13,2013-02-02,1257691,388,0,2,Pittsburgh,Syracuse,Panthers,Orange,4,3,33,29,4,1570,Pittsburgh,918,918,1,Shooting foul committed by Talib Zanna.,NA,FALSE,FALSE,NA,NA,NA,NA,NA,NA,0,Syracuse,Syracuse,74,NA,James Robinson,Cameron Wright,Talib Zanna,Tray Woodall,Steven Adams,Brandon Triche,C.J. Fair,Trevor Cooney,Baye-Moussa Keita,Jerami Grant
2012-13,2013-02-02,1257691,390,0,2,Pittsburgh,Syracuse,Panthers,Orange,4,3,33,30,3,1633,Syracuse,918,918,0,Michael Carter-Williams makes free throw 1 of 2.,made,TRUE,FALSE,NA,NA,NA,NA,NA,NA,0,Syracuse,Syracuse,74,NA,James Robinson,Cameron Wright,Talib Zanna,Tray Woodall,Steven Adams,Brandon Triche,C.J. Fair,Trevor Cooney,Baye-Moussa Keita,Jerami Grant
2012-13,2013-02-02,1257691,391,0,2,Pittsburgh,Syracuse,Panthers,Orange,4,3,33,31,2,1633,Syracuse,918,918,0,Michael Carter-Williams makes free throw 2 of 2.,made,TRUE,FALSE,NA,NA,NA,NA,NA,NA,0,Syracuse,Pittsburgh,74,NA,James Robinson,Cameron Wright,Talib Zanna,Tray Woodall,Steven Adams,Brandon Triche,C.J. Fair,Trevor Cooney,Baye-Moussa Keita,Jerami Grant
2012-13,2013-02-02,1257691,393,0,2,Pittsburgh,Syracuse,Panthers,Orange,4,3,33,31,2,1570,Pittsburgh,888,888,30,James Robinson misses a 3-point jump shot from 24 feet out.,missed,FALSE,TRUE,Jump Shot,41.4,23.049999999999997,679480,James Robinson,NA,0,Pittsburgh,Pittsburgh,75,NA,James Robinson,Cameron Wright,Talib Zanna,Tray Woodall,Steven Adams,Brandon Triche,C.J. Fair,Trevor Cooney,Baye-Moussa Keita,Jerami Grant
2012-13,2013-02-02,1257691,394,0,2,Pittsburgh,Syracuse,Panthers,Orange,4,3,33,31,2,1633,Syracuse,888,888,0,Rakeem Christmas with a defensive rebound.,NA,FALSE,FALSE,NA,NA,NA,NA,NA,NA,0,Pittsburgh,Syracuse,75,NA,James Robinson,Cameron Wright,Talib Zanna,Tray Woodall,Steven Adams,Brandon Triche,C.J. Fair,Trevor Cooney,Baye-Moussa Keita,Jerami Grant
2012-13,2013-02-02,1257691,395,0,2,Pittsburgh,Syracuse,Panthers,Orange,4,3,33,31,2,1633,Syracuse,868,868,20,Michael Carter-Williams misses a 3-point jump shot from 23 feet out.,missed,FALSE,TRUE,Jump Shot,3,10.05,609790,Michael Carter-Williams,NA,0,Syracuse,Syracuse,76,NA,James Robinson,Cameron Wright,Talib Zanna,Tray Woodall,Steven Adams,Brandon Triche,C.J. Fair,Trevor Cooney,Baye-Moussa Keita,Jerami Grant
2012-13,2013-02-02,1257691,396,0,2,Pittsburgh,Syracuse,Panthers,Orange,4,3,33,31,2,1633,Syracuse,868,868,0,C.J. Fair with an offensive rebound.,NA,FALSE,FALSE,NA,NA,NA,NA,NA,NA,0,Syracuse,Syracuse,76,NA,James Robinson,Cameron Wright,Talib Zanna,Tray Woodall,Steven Adams,Brandon Triche,C.J. Fair,Trevor Cooney,Baye-Moussa Keita,Jerami Grant
2012-13,2013-02-02,1257691,397,0,2,Pittsburgh,Syracuse,Panthers,Orange,4,3,33,31,2,1633,Syracuse,857,857,11,Brandon Triche misses a jump shot from 7 feet out.,missed,FALSE,FALSE,Jump Shot,25.4,11.95,513430,Brandon Triche,NA,0,Syracuse,Syracuse,76,NA,James Robinson,Cameron Wright,Talib Zanna,Tray Woodall,Steven Adams,Brandon Triche,C.J. Fair,Trevor Cooney,Baye-Moussa Keita,Jerami Grant
2012-13,2013-02-02,1257691,398,0,2,Pittsburgh,Syracuse,Panthers,Orange,4,3,33,31,2,1570,Pittsburgh,857,857,0,Talib Zanna with a defensive rebound.,NA,FALSE,FALSE,NA,NA,NA,NA,NA,NA,0,Syracuse,Pittsburgh,76,NA,James Robinson,Cameron Wright,Talib Zanna,Tray Woodall,Steven Adams,Brandon Triche,C.J. Fair,Trevor Cooney,Baye-Moussa Keita,Jerami Grant
2012-13,2013-02-02,1257691,400,0,2,Pittsburgh,Syracuse,Panthers,Orange,4,3,33,31,2,1570,Pittsburgh,850,850,7,Offensive foul committed by Talib Zanna.,NA,FALSE,FALSE,NA,NA,NA,NA,NA,NA,0,Pittsburgh,Pittsburgh,77,NA,James Robinson,Cameron Wright,Talib Zanna,Tray Woodall,Steven Adams,Brandon Triche,C.J. Fair,Trevor Cooney,Baye-Moussa Keita,Jerami Grant
2012-13,2013-02-02,1257691,401,0,2,Pittsburgh,Syracuse,Panthers,Orange,4,3,33,31,2,1570,Pittsburgh,850,850,0,Talib Zanna with a turnover,NA,FALSE,FALSE,NA,NA,NA,NA,NA,NA,0,Pittsburgh,Syracuse,77,NA,James Robinson,Cameron Wright,Talib Zanna,Tray Woodall,Steven Adams,Brandon Triche,C.J. Fair,Trevor Cooney,Baye-Moussa Keita,Jerami Grant
2012-13,2013-02-02,1257691,402,0,2,Pittsburgh,Syracuse,Panthers,Orange,4,3,33,31,2,1570,Pittsburgh,850,850,0,Substitution: J.J. Moore in for Talib Zanna.,NA,FALSE,FALSE,NA,NA,NA,NA,NA,NA,1,NA,NA,NA,NA,James Robinson,Cameron Wright,J.J. Moore,Tray Woodall,Steven Adams,Brandon Triche,C.J. Fair,Trevor Cooney,Baye-Moussa Keita,Jerami Grant
2012-13,2013-02-02,1257691,403,0,2,Pittsburgh,Syracuse,Panthers,Orange,4,3,33,31,2,1570,Pittsburgh,850,850,0,Substitution: Dante Taylor in for Steven Adams.,NA,FALSE,FALSE,NA,NA,NA,NA,NA,NA,1,NA,NA,NA,NA,James Robinson,Cameron Wright,J.J. Moore,Tray Woodall,Dante Taylor,Brandon Triche,C.J. Fair,Trevor Cooney,Baye-Moussa Keita,Jerami Grant
2012-13,2013-02-02,1257691,404,0,2,Pittsburgh,Syracuse,Panthers,Orange,4,3,33,31,2,1570,Pittsburgh,850,850,0,Substitution: Trey Zeigler in for James Robinson.,NA,FALSE,FALSE,NA,NA,NA,NA,NA,NA,1,NA,NA,NA,NA,Trey Zeigler,Cameron Wright,J.J. Moore,Tray Woodall,Dante Taylor,Brandon Triche,C.J. Fair,Trevor Cooney,Baye-Moussa Keita,Jerami Grant
2012-13,2013-02-02,1257691,416,0,2,Pittsburgh,Syracuse,Panthers,Orange,4,3,33,31,2,1633,Syracuse,834,834,16,Brandon Triche misses a 3-point jump shot from 24 feet out.,missed,FALSE,TRUE,Jump Shot,9,23.25,513430,Brandon Triche,NA,0,Syracuse,Pittsburgh,78,NA,Trey Zeigler,Cameron Wright,J.J. Moore,Tray Woodall,Dante Taylor,Brandon Triche,C.J. Fair,Trevor Cooney,Baye-Moussa Keita,Jerami Grant
2012-13,2013-02-02,1257691,419,0,2,Pittsburgh,Syracuse,Panthers,Orange,4,3,35,31,4,1570,Pittsburgh,823,823,11,J.J. Moore makes a jump shot from 13 feet out. Tray Woodall with the assist.,made,FALSE,FALSE,Jump Shot,23.9,17.75,551019,J.J. Moore,Tray Woodall,0,Pittsburgh,Syracuse,79,NA,Trey Zeigler,Cameron Wright,J.J. Moore,Tray Woodall,Dante Taylor,Brandon Triche,C.J. Fair,Trevor Cooney,Baye-Moussa Keita,Jerami Grant
2012-13,2013-02-02,1257691,421,0,2,Pittsburgh,Syracuse,Panthers,Orange,4,3,35,33,2,1633,Syracuse,803,803,20,Michael Carter-Williams makes a jump shot from 13 feet out.,made,FALSE,FALSE,Jump Shot,28.8,18.05,609790,Michael Carter-Williams,NA,0,Syracuse,Pittsburgh,80,NA,Trey Zeigler,Cameron Wright,J.J. Moore,Tray Woodall,Dante Taylor,Brandon Triche,C.J. Fair,Trevor Cooney,Baye-Moussa Keita,Jerami Grant
2012-13,2013-02-02,1257691,424,0,2,Pittsburgh,Syracuse,Panthers,Orange,4,3,35,33,2,1570,Pittsburgh,768,768,35,Offensive foul committed by Trey Zeigler.,NA,FALSE,FALSE,NA,NA,NA,NA,NA,NA,0,Pittsburgh,Pittsburgh,81,NA,Trey Zeigler,Cameron Wright,J.J. Moore,Tray Woodall,Dante Taylor,Brandon Triche,C.J. Fair,Trevor Cooney,Baye-Moussa Keita,Jerami Grant
2012-13,2013-02-02,1257691,425,0,2,Pittsburgh,Syracuse,Panthers,Orange,4,3,35,33,2,1570,Pittsburgh,768,768,0,Trey Zeigler with a turnover,NA,FALSE,FALSE,NA,NA,NA,NA,NA,NA,0,Pittsburgh,Syracuse,81,NA,Trey Zeigler,Cameron Wright,J.J. Moore,Tray Woodall,Dante Taylor,Brandon Triche,C.J. Fair,Trevor Cooney,Baye-Moussa Keita,Jerami Grant
2012-13,2013-02-02,1257691,426,0,2,Pittsburgh,Syracuse,Panthers,Orange,4,3,35,33,2,1570,Pittsburgh,768,768,0,Substitution: Durand Johnson in for Lamar Patterson.,NA,FALSE,FALSE,NA,NA,NA,NA,NA,NA,1,NA,NA,NA,Player leaving not previously in game,Trey Zeigler,Cameron Wright,J.J. Moore,Tray Woodall,Dante Taylor,Brandon Triche,C.J. Fair,Trevor Cooney,Baye-Moussa Keita,Jerami Grant
2012-13,2013-02-02,1257691,429,0,2,Pittsburgh,Syracuse,Panthers,Orange,4,3,35,35,0,1633,Syracuse,756,756,12,Brandon Triche makes a layup.,made,FALSE,FALSE,Layup Shot,25,5.25,513430,Brandon Triche,NA,0,Syracuse,Pittsburgh,82,NA,Trey Zeigler,Cameron Wright,J.J. Moore,Tray Woodall,Dante Taylor,Brandon Triche,C.J. Fair,Trevor Cooney,Baye-Moussa Keita,Jerami Grant
2012-13,2013-02-02,1257691,431,0,2,Pittsburgh,Syracuse,Panthers,Orange,3,3,35,35,0,1570,Pittsburgh,751,751,5,Panthers take a 30-second timeout.,NA,FALSE,FALSE,NA,NA,NA,NA,NA,NA,0,NA,NA,NA,NA,Trey Zeigler,Cameron Wright,J.J. Moore,Tray Woodall,Dante Taylor,Brandon Triche,C.J. Fair,Trevor Cooney,Baye-Moussa Keita,Jerami Grant
2012-13,2013-02-02,1257691,432,0,2,Pittsburgh,Syracuse,Panthers,Orange,3,3,35,35,0,1570,Pittsburgh,751,751,0,Substitution: Cameron Wright in for Trey Zeigler.,NA,FALSE,FALSE,NA,NA,NA,NA,NA,NA,1,NA,NA,NA,Sub already in game,Trey Zeigler,Cameron Wright,J.J. Moore,Tray Woodall,Dante Taylor,Brandon Triche,C.J. Fair,Trevor Cooney,Baye-Moussa Keita,Jerami Grant
2012-13,2013-02-02,1257691,438,0,2,Pittsburgh,Syracuse,Panthers,Orange,3,3,38,35,3,1570,Pittsburgh,717,717,34,Cameron Wright makes a 3-point jump shot from 23 feet out. J.J. Moore with the assist.,made,FALSE,TRUE,Jump Shot,15.899999999999999,26.450000000000003,551025,Cameron Wright,Moore,0,Pittsburgh,Syracuse,83,NA,Trey Zeigler,Cameron Wright,J.J. Moore,Tray Woodall,Dante Taylor,Brandon Triche,C.J. Fair,Trevor Cooney,Baye-Moussa Keita,Jerami Grant
2012-13,2013-02-02,1257691,440,0,2,Pittsburgh,Syracuse,Panthers,Orange,3,3,38,35,3,1570,Pittsburgh,693,693,24,Personal foul committed by Cameron Wright.,NA,FALSE,FALSE,NA,NA,NA,NA,NA,NA,0,Syracuse,Syracuse,84,NA,Trey Zeigler,Cameron Wright,J.J. Moore,Tray Woodall,Dante Taylor,Brandon Triche,C.J. Fair,Trevor Cooney,Baye-Moussa Keita,Jerami Grant
2012-13,2013-02-02,1257691,441,0,2,Pittsburgh,Syracuse,Panthers,Orange,3,3,38,35,3,NA,NA,693,693,0,Official's timeout.,NA,FALSE,FALSE,NA,NA,NA,NA,NA,NA,0,NA,NA,NA,NA,Trey Zeigler,Cameron Wright,J.J. Moore,Tray Woodall,Dante Taylor,Brandon Triche,C.J. Fair,Trevor Cooney,Baye-Moussa Keita,Jerami Grant
2012-13,2013-02-02,1257691,447.5,0,2,Pittsburgh,Syracuse,Panthers,Orange,3,2,38,35,3,1633,Syracuse,693,693,0,Orange take a 30-second timeout.,NA,FALSE,FALSE,NA,NA,NA,NA,NA,NA,0,NA,NA,NA,NA,Trey Zeigler,Cameron Wright,J.J. Moore,Tray Woodall,Dante Taylor,Brandon Triche,C.J. Fair,Trevor Cooney,Baye-Moussa Keita,Jerami Grant
2012-13,2013-02-02,1257691,454,0,2,Pittsburgh,Syracuse,Panthers,Orange,3,2,38,35,3,1633,Syracuse,684,684,9,Offensive foul committed by Michael Carter-Williams.,NA,FALSE,FALSE,NA,NA,NA,NA,NA,NA,0,Syracuse,Syracuse,84,NA,Trey Zeigler,Cameron Wright,J.J. Moore,Tray Woodall,Dante Taylor,Brandon Triche,C.J. Fair,Trevor Cooney,Baye-Moussa Keita,Jerami Grant
2012-13,2013-02-02,1257691,455,0,2,Pittsburgh,Syracuse,Panthers,Orange,3,2,38,35,3,1633,Syracuse,684,684,0,Michael Carter-Williams with a turnover,NA,FALSE,FALSE,NA,NA,NA,NA,NA,NA,0,Syracuse,Pittsburgh,84,NA,Trey Zeigler,Cameron Wright,J.J. Moore,Tray Woodall,Dante Taylor,Brandon Triche,C.J. Fair,Trevor Cooney,Baye-Moussa Keita,Jerami Grant
2012-13,2013-02-02,1257691,462,0,2,Pittsburgh,Syracuse,Panthers,Orange,3,2,38,35,3,1570,Pittsburgh,653,653,31,J.J. Moore misses a layup.,missed,FALSE,FALSE,Layup Shot,26,6.25,551019,J.J. Moore,NA,0,Pittsburgh,Pittsburgh,85,NA,Trey Zeigler,Cameron Wright,J.J. Moore,Tray Woodall,Dante Taylor,Brandon Triche,C.J. Fair,Trevor Cooney,Baye-Moussa Keita,Jerami Grant
2012-13,2013-02-02,1257691,463,0,2,Pittsburgh,Syracuse,Panthers,Orange,3,2,38,35,3,1633,Syracuse,653,653,0,Michael Carter-Williams with a defensive rebound.,NA,FALSE,FALSE,NA,NA,NA,NA,NA,NA,0,Pittsburgh,Syracuse,85,NA,Trey Zeigler,Cameron Wright,J.J. Moore,Tray Woodall,Dante Taylor,Brandon Triche,C.J. Fair,Trevor Cooney,Baye-Moussa Keita,Jerami Grant
2012-13,2013-02-02,1257691,464,0,2,Pittsburgh,Syracuse,Panthers,Orange,3,2,38,35,3,1633,Syracuse,644,644,9,Durand Johnson steals the ball from Brandon Triche.,NA,FALSE,FALSE,NA,NA,NA,NA,NA,NA,0,Syracuse,Pittsburgh,86,NA,Trey Zeigler,Cameron Wright,J.J. Moore,Tray Woodall,Dante Taylor,Brandon Triche,C.J. Fair,Trevor Cooney,Baye-Moussa Keita,Jerami Grant
2012-13,2013-02-02,1257691,466,0,2,Pittsburgh,Syracuse,Panthers,Orange,3,2,38,35,3,1570,Pittsburgh,638,638,6,Brandon Triche steals the ball from Durand Johnson.,NA,FALSE,FALSE,NA,NA,NA,NA,NA,NA,0,Pittsburgh,Syracuse,87,NA,Trey Zeigler,Cameron Wright,J.J. Moore,Tray Woodall,Dante Taylor,Brandon Triche,C.J. Fair,Trevor Cooney,Baye-Moussa Keita,Jerami Grant
2012-13,2013-02-02,1257691,469,0,2,Pittsburgh,Syracuse,Panthers,Orange,3,2,38,35,3,1633,Syracuse,629,629,9,Tray Woodall steals the ball from C.J. Fair.,NA,FALSE,FALSE,NA,NA,NA,NA,NA,NA,0,Syracuse,Pittsburgh,88,NA,Trey Zeigler,Cameron Wright,J.J. Moore,Tray Woodall,Dante Taylor,Brandon Triche,C.J. Fair,Trevor Cooney,Baye-Moussa Keita,Jerami Grant
2012-13,2013-02-02,1257691,472,0,2,Pittsburgh,Syracuse,Panthers,Orange,3,2,38,35,3,1633,Syracuse,627,627,2,Personal foul committed by Michael Carter-Williams.,NA,FALSE,FALSE,NA,NA,NA,NA,NA,NA,0,Pittsburgh,Pittsburgh,89,NA,Trey Zeigler,Cameron Wright,J.J. Moore,Tray Woodall,Dante Taylor,Brandon Triche,C.J. Fair,Trevor Cooney,Baye-Moussa Keita,Jerami Grant
2012-13,2013-02-02,1257691,477,0,2,Pittsburgh,Syracuse,Panthers,Orange,3,2,38,35,3,1633,Syracuse,610,610,17,Personal foul committed by Rakeem Christmas.,NA,FALSE,FALSE,NA,NA,NA,NA,NA,NA,0,Pittsburgh,Pittsburgh,89,NA,Trey Zeigler,Cameron Wright,J.J. Moore,Tray Woodall,Dante Taylor,Brandon Triche,C.J. Fair,Trevor Cooney,Baye-Moussa Keita,Jerami Grant
2012-13,2013-02-02,1257691,478,0,2,Pittsburgh,Syracuse,Panthers,Orange,3,2,38,35,3,1570,Pittsburgh,610,610,0,Substitution: Lamar Patterson in for Durand Johnson.,NA,FALSE,FALSE,NA,NA,NA,NA,NA,NA,1,NA,NA,NA,Player leaving not previously in game,Trey Zeigler,Cameron Wright,J.J. Moore,Tray Woodall,Dante Taylor,Brandon Triche,C.J. Fair,Trevor Cooney,Baye-Moussa Keita,Jerami Grant
2012-13,2013-02-02,1257691,482,0,2,Pittsburgh,Syracuse,Panthers,Orange,3,2,40,35,5,1570,Pittsburgh,598,598,12,Lamar Patterson makes a jump shot from 16 feet out.,made,FALSE,FALSE,Jump Shot,22.4,20.849999999999994,504905,Lamar Patterson,NA,0,Pittsburgh,Syracuse,89,NA,Trey Zeigler,Cameron Wright,J.J. Moore,Tray Woodall,Dante Taylor,Brandon Triche,C.J. Fair,Trevor Cooney,Baye-Moussa Keita,Jerami Grant
2012-13,2013-02-02,1257691,483,0,2,Pittsburgh,Syracuse,Panthers,Orange,3,2,40,35,5,1633,Syracuse,581,581,17,Dante Taylor steals the ball from Michael Carter-Williams.,NA,FALSE,FALSE,NA,NA,NA,NA,NA,NA,0,Syracuse,Pittsburgh,90,NA,Trey Zeigler,Cameron Wright,J.J. Moore,Tray Woodall,Dante Taylor,Brandon Triche,C.J. Fair,Trevor Cooney,Baye-Moussa Keita,Jerami Grant
2012-13,2013-02-02,1257691,486,0,2,Pittsburgh,Syracuse,Panthers,Orange,3,2,40,35,5,1633,Syracuse,578,578,3,Shooting foul committed by C.J. Fair.,NA,FALSE,FALSE,NA,NA,NA,NA,NA,NA,0,Pittsburgh,Pittsburgh,91,NA,Trey Zeigler,Cameron Wright,J.J. Moore,Tray Woodall,Dante Taylor,Brandon Triche,C.J. Fair,Trevor Cooney,Baye-Moussa Keita,Jerami Grant
2012-13,2013-02-02,1257691,487,0,2,Pittsburgh,Syracuse,Panthers,Orange,3,2,41,35,6,1570,Pittsburgh,578,578,0,Dante Taylor makes free throw 1 of 2.,made,TRUE,FALSE,NA,NA,NA,NA,NA,NA,0,Pittsburgh,Pittsburgh,91,NA,Trey Zeigler,Cameron Wright,J.J. Moore,Tray Woodall,Dante Taylor,Brandon Triche,C.J. Fair,Trevor Cooney,Baye-Moussa Keita,Jerami Grant
2012-13,2013-02-02,1257691,488,0,2,Pittsburgh,Syracuse,Panthers,Orange,3,2,41,35,6,1570,Pittsburgh,578,578,0,Substitution: James Robinson in for Tray Woodall.,NA,FALSE,FALSE,NA,NA,NA,NA,NA,NA,1,NA,NA,NA,NA,Trey Zeigler,Cameron Wright,J.J. Moore,James Robinson,Dante Taylor,Brandon Triche,C.J. Fair,Trevor Cooney,Baye-Moussa Keita,Jerami Grant
2012-13,2013-02-02,1257691,489,0,2,Pittsburgh,Syracuse,Panthers,Orange,3,2,41,35,6,1570,Pittsburgh,578,578,0,Dante Taylor misses free throw 2 of 2.,missed,TRUE,FALSE,NA,NA,NA,NA,NA,NA,0,Pittsburgh,Pittsburgh,91,NA,Trey Zeigler,Cameron Wright,J.J. Moore,James Robinson,Dante Taylor,Brandon Triche,C.J. Fair,Trevor Cooney,Baye-Moussa Keita,Jerami Grant
2012-13,2013-02-02,1257691,490,0,2,Pittsburgh,Syracuse,Panthers,Orange,3,2,41,35,6,1633,Syracuse,578,578,0,Rakeem Christmas with a defensive rebound.,NA,FALSE,FALSE,NA,NA,NA,NA,NA,NA,0,Pittsburgh,Syracuse,91,NA,Trey Zeigler,Cameron Wright,J.J. Moore,James Robinson,Dante Taylor,Brandon Triche,C.J. Fair,Trevor Cooney,Baye-Moussa Keita,Jerami Grant
2012-13,2013-02-02,1257691,497,0,2,Pittsburgh,Syracuse,Panthers,Orange,3,2,41,35,6,1633,Syracuse,562,562,16,Brandon Triche misses a 3-point jump shot from 24 feet out.,missed,FALSE,TRUE,Jump Shot,39.9,23.55,513430,Brandon Triche,NA,0,Syracuse,Syracuse,92,NA,Trey Zeigler,Cameron Wright,J.J. Moore,James Robinson,Dante Taylor,Brandon Triche,C.J. Fair,Trevor Cooney,Baye-Moussa Keita,Jerami Grant
2012-13,2013-02-02,1257691,498,0,2,Pittsburgh,Syracuse,Panthers,Orange,3,2,41,35,6,1570,Pittsburgh,562,562,0,Dante Taylor with a defensive rebound.,NA,FALSE,FALSE,NA,NA,NA,NA,NA,NA,0,Syracuse,Pittsburgh,92,NA,Trey Zeigler,Cameron Wright,J.J. Moore,James Robinson,Dante Taylor,Brandon Triche,C.J. Fair,Trevor Cooney,Baye-Moussa Keita,Jerami Grant
2012-13,2013-02-02,1257691,501,0,2,Pittsburgh,Syracuse,Panthers,Orange,3,2,41,35,6,1570,Pittsburgh,547,547,15,J.J. Moore misses a 3-point jump shot from 22 feet out.,missed,FALSE,TRUE,Jump Shot,2.799999999999997,5.650000000000006,551019,J.J. Moore,NA,0,Pittsburgh,Pittsburgh,93,NA,Trey Zeigler,Cameron Wright,J.J. Moore,James Robinson,Dante Taylor,Brandon Triche,C.J. Fair,Trevor Cooney,Baye-Moussa Keita,Jerami Grant
2012-13,2013-02-02,1257691,502,0,2,Pittsburgh,Syracuse,Panthers,Orange,3,2,41,35,6,1633,Syracuse,547,547,0,Jerami Grant with a defensive rebound.,NA,FALSE,FALSE,NA,NA,NA,NA,NA,NA,0,Pittsburgh,Syracuse,93,NA,Trey Zeigler,Cameron Wright,J.J. Moore,James Robinson,Dante Taylor,Brandon Triche,C.J. Fair,Trevor Cooney,Baye-Moussa Keita,Jerami Grant
2012-13,2013-02-02,1257691,504,0,2,Pittsburgh,Syracuse,Panthers,Orange,3,2,41,35,6,1633,Syracuse,544,544,3,Substitution: Trevor Cooney in for Michael Carter-Williams.,NA,FALSE,FALSE,NA,NA,NA,NA,NA,NA,1,NA,NA,NA,Sub already in game,Trey Zeigler,Cameron Wright,J.J. Moore,James Robinson,Dante Taylor,Brandon Triche,C.J. Fair,Trevor Cooney,Baye-Moussa Keita,Jerami Grant
2012-13,2013-02-02,1257691,505,0,2,Pittsburgh,Syracuse,Panthers,Orange,3,2,41,35,6,1633,Syracuse,544,544,0,Substitution: Baye-Moussa Keita in for Rakeem Christmas.,NA,FALSE,FALSE,NA,NA,NA,NA,NA,NA,1,NA,NA,NA,Sub already in game,Trey Zeigler,Cameron Wright,J.J. Moore,James Robinson,Dante Taylor,Brandon Triche,C.J. Fair,Trevor Cooney,Baye-Moussa Keita,Jerami Grant
2012-13,2013-02-02,1257691,506,0,2,Pittsburgh,Syracuse,Panthers,Orange,3,2,41,35,6,1570,Pittsburgh,544,544,0,Substitution: Steven Adams in for Dante Taylor.,NA,FALSE,FALSE,NA,NA,NA,NA,NA,NA,1,NA,NA,NA,NA,Trey Zeigler,Cameron Wright,J.J. Moore,James Robinson,Steven Adams,Brandon Triche,C.J. Fair,Trevor Cooney,Baye-Moussa Keita,Jerami Grant
2012-13,2013-02-02,1257691,512,0,2,Pittsburgh,Syracuse,Panthers,Orange,3,2,41,37,4,1633,Syracuse,516,516,28,Brandon Triche makes a jump shot from 8 feet out.,made,FALSE,FALSE,Jump Shot,26.4,13.15,513430,Brandon Triche,NA,0,Syracuse,Pittsburgh,94,NA,Trey Zeigler,Cameron Wright,J.J. Moore,James Robinson,Steven Adams,Brandon Triche,C.J. Fair,Trevor Cooney,Baye-Moussa Keita,Jerami Grant
2012-13,2013-02-02,1257691,513,0,2,Pittsburgh,Syracuse,Panthers,Orange,3,2,41,37,4,1570,Pittsburgh,477,477,39,Cameron Wright misses a jump shot from 19 feet out.,missed,FALSE,FALSE,Jump Shot,42.1,13.849999999999994,551025,Cameron Wright,NA,0,Pittsburgh,Pittsburgh,95,NA,Trey Zeigler,Cameron Wright,J.J. Moore,James Robinson,Steven Adams,Brandon Triche,C.J. Fair,Trevor Cooney,Baye-Moussa Keita,Jerami Grant
2012-13,2013-02-02,1257691,514,0,2,Pittsburgh,Syracuse,Panthers,Orange,3,2,41,37,4,1570,Pittsburgh,477,477,0,Steven Adams with an offensive rebound.,NA,FALSE,FALSE,NA,NA,NA,NA,NA,NA,0,Pittsburgh,Pittsburgh,95,NA,Trey Zeigler,Cameron Wright,J.J. Moore,James Robinson,Steven Adams,Brandon Triche,C.J. Fair,Trevor Cooney,Baye-Moussa Keita,Jerami Grant
2012-13,2013-02-02,1257691,515,0,2,Pittsburgh,Syracuse,Panthers,Orange,3,2,43,37,6,1570,Pittsburgh,472,472,5,Steven Adams makes a layup.,made,FALSE,FALSE,Layup Shot,25,5.25,679478,Steven Adams,NA,0,Pittsburgh,Syracuse,95,NA,Trey Zeigler,Cameron Wright,J.J. Moore,James Robinson,Steven Adams,Brandon Triche,C.J. Fair,Trevor Cooney,Baye-Moussa Keita,Jerami Grant
2012-13,2013-02-02,1257691,516,0,2,Pittsburgh,Syracuse,Panthers,Orange,3,2,43,39,4,1633,Syracuse,458,458,14,C.J. Fair makes a jump shot from 18 feet out.,made,FALSE,FALSE,Jump Shot,34.4,20.65,552005,C.J. Fair,NA,0,Syracuse,Pittsburgh,96,NA,Trey Zeigler,Cameron Wright,J.J. Moore,James Robinson,Steven Adams,Brandon Triche,C.J. Fair,Trevor Cooney,Baye-Moussa Keita,Jerami Grant
2012-13,2013-02-02,1257691,517,0,2,Pittsburgh,Syracuse,Panthers,Orange,3,2,45,39,6,1570,Pittsburgh,438,438,20,Lamar Patterson makes a layup.,made,FALSE,FALSE,Layup Shot,26,6.25,504905,Lamar Patterson,NA,0,Pittsburgh,Syracuse,97,NA,Trey Zeigler,Cameron Wright,J.J. Moore,James Robinson,Steven Adams,Brandon Triche,C.J. Fair,Trevor Cooney,Baye-Moussa Keita,Jerami Grant
2012-13,2013-02-02,1257691,520,0,2,Pittsburgh,Syracuse,Panthers,Orange,3,1,45,39,6,1633,Syracuse,434,434,4,Orange take a 30-second timeout.,NA,FALSE,FALSE,NA,NA,NA,NA,NA,NA,0,NA,NA,NA,NA,Trey Zeigler,Cameron Wright,J.J. Moore,James Robinson,Steven Adams,Brandon Triche,C.J. Fair,Trevor Cooney,Baye-Moussa Keita,Jerami Grant
2012-13,2013-02-02,1257691,523,0,2,Pittsburgh,Syracuse,Panthers,Orange,3,1,45,39,6,1633,Syracuse,406,406,28,Steven Adams blocks a Jerami Grant layup.,missed,FALSE,FALSE,Layup Shot,25,5.25,699826,Jerami Grant,NA,0,Syracuse,Syracuse,98,NA,Trey Zeigler,Cameron Wright,J.J. Moore,James Robinson,Steven Adams,Brandon Triche,C.J. Fair,Trevor Cooney,Baye-Moussa Keita,Jerami Grant
2012-13,2013-02-02,1257691,524,0,2,Pittsburgh,Syracuse,Panthers,Orange,3,1,45,39,6,1570,Pittsburgh,406,406,0,Steven Adams with a defensive rebound.,NA,FALSE,FALSE,NA,NA,NA,NA,NA,NA,0,Syracuse,Pittsburgh,98,NA,Trey Zeigler,Cameron Wright,J.J. Moore,James Robinson,Steven Adams,Brandon Triche,C.J. Fair,Trevor Cooney,Baye-Moussa Keita,Jerami Grant
2012-13,2013-02-02,1257691,525,0,2,Pittsburgh,Syracuse,Panthers,Orange,3,1,45,39,6,1570,Pittsburgh,402,402,4,Jerami Grant steals the ball from J.J. Moore.,NA,FALSE,FALSE,NA,NA,NA,NA,NA,NA,0,Pittsburgh,Syracuse,99,NA,Trey Zeigler,Cameron Wright,J.J. Moore,James Robinson,Steven Adams,Brandon Triche,C.J. Fair,Trevor Cooney,Baye-Moussa Keita,Jerami Grant
2012-13,2013-02-02,1257691,528,0,2,Pittsburgh,Syracuse,Panthers,Orange,3,1,45,39,6,1570,Pittsburgh,399,399,3,Personal foul committed by Lamar Patterson.,NA,FALSE,FALSE,NA,NA,NA,NA,NA,NA,0,Syracuse,Syracuse,100,NA,Trey Zeigler,Cameron Wright,J.J. Moore,James Robinson,Steven Adams,Brandon Triche,C.J. Fair,Trevor Cooney,Baye-Moussa Keita,Jerami Grant
2012-13,2013-02-02,1257691,529,0,2,Pittsburgh,Syracuse,Panthers,Orange,3,1,45,39,6,NA,NA,399,399,0,Official's timeout.,NA,FALSE,FALSE,NA,NA,NA,NA,NA,NA,0,NA,NA,NA,NA,Trey Zeigler,Cameron Wright,J.J. Moore,James Robinson,Steven Adams,Brandon Triche,C.J. Fair,Trevor Cooney,Baye-Moussa Keita,Jerami Grant
2012-13,2013-02-02,1257691,530,0,2,Pittsburgh,Syracuse,Panthers,Orange,3,1,45,39,6,1570,Pittsburgh,399,399,0,Substitution: Durand Johnson in for J.J. Moore.,NA,FALSE,FALSE,NA,NA,NA,NA,NA,NA,1,NA,NA,NA,NA,Trey Zeigler,Cameron Wright,Durand Johnson,James Robinson,Steven Adams,Brandon Triche,C.J. Fair,Trevor Cooney,Baye-Moussa Keita,Jerami Grant
2012-13,2013-02-02,1257691,531,0,2,Pittsburgh,Syracuse,Panthers,Orange,3,1,45,39,6,1570,Pittsburgh,399,399,0,Substitution: Tray Woodall in for Lamar Patterson.,NA,FALSE,FALSE,NA,NA,NA,NA,NA,NA,1,NA,NA,NA,Player leaving not previously in game,Trey Zeigler,Cameron Wright,Durand Johnson,James Robinson,Steven Adams,Brandon Triche,C.J. Fair,Trevor Cooney,Baye-Moussa Keita,Jerami Grant
2012-13,2013-02-02,1257691,532,0,2,Pittsburgh,Syracuse,Panthers,Orange,3,1,45,39,6,1570,Pittsburgh,399,399,0,Substitution: Talib Zanna in for James Robinson.,NA,FALSE,FALSE,NA,NA,NA,NA,NA,NA,1,NA,NA,NA,NA,Trey Zeigler,Cameron Wright,Durand Johnson,Talib Zanna,Steven Adams,Brandon Triche,C.J. Fair,Trevor Cooney,Baye-Moussa Keita,Jerami Grant
2012-13,2013-02-02,1257691,533,0,2,Pittsburgh,Syracuse,Panthers,Orange,3,1,45,39,6,1570,Pittsburgh,399,399,0,Substitution: Trey Zeigler in for Cameron Wright.,NA,FALSE,FALSE,NA,NA,NA,NA,NA,NA,1,NA,NA,NA,Sub already in game,Trey Zeigler,Cameron Wright,Durand Johnson,Talib Zanna,Steven Adams,Brandon Triche,C.J. Fair,Trevor Cooney,Baye-Moussa Keita,Jerami Grant
2012-13,2013-02-02,1257691,534,0,2,Pittsburgh,Syracuse,Panthers,Orange,3,1,45,39,6,1633,Syracuse,399,399,0,Brandon Triche misses free throw 1 of 1.,missed,TRUE,FALSE,NA,NA,NA,NA,NA,NA,0,Syracuse,Syracuse,100,NA,Trey Zeigler,Cameron Wright,Durand Johnson,Talib Zanna,Steven Adams,Brandon Triche,C.J. Fair,Trevor Cooney,Baye-Moussa Keita,Jerami Grant
2012-13,2013-02-02,1257691,535,0,2,Pittsburgh,Syracuse,Panthers,Orange,3,1,45,39,6,1570,Pittsburgh,399,399,0,Steven Adams with a defensive rebound.,NA,FALSE,FALSE,NA,NA,NA,NA,NA,NA,0,Syracuse,Pittsburgh,100,NA,Trey Zeigler,Cameron Wright,Durand Johnson,Talib Zanna,Steven Adams,Brandon Triche,C.J. Fair,Trevor Cooney,Baye-Moussa Keita,Jerami Grant
2012-13,2013-02-02,1257691,547,0,2,Pittsburgh,Syracuse,Panthers,Orange,3,1,45,39,6,1633,Syracuse,369,369,30,Personal foul committed by Jerami Grant.,NA,FALSE,FALSE,NA,NA,NA,NA,NA,NA,0,Pittsburgh,Pittsburgh,101,NA,Trey Zeigler,Cameron Wright,Durand Johnson,Talib Zanna,Steven Adams,Brandon Triche,C.J. Fair,Trevor Cooney,Baye-Moussa Keita,Jerami Grant
2012-13,2013-02-02,1257691,550,0,2,Pittsburgh,Syracuse,Panthers,Orange,3,1,48,39,9,1570,Pittsburgh,352,352,17,Durand Johnson makes a 3-point jump shot from 25 feet out. Talib Zanna with the assist.,made,FALSE,TRUE,Jump Shot,39.9,24.849999999999994,601517,Durand Johnson,Talib Zanna,0,Pittsburgh,Syracuse,101,NA,Trey Zeigler,Cameron Wright,Durand Johnson,Talib Zanna,Steven Adams,Brandon Triche,C.J. Fair,Trevor Cooney,Baye-Moussa Keita,Jerami Grant
2012-13,2013-02-02,1257691,551,0,2,Pittsburgh,Syracuse,Panthers,Orange,3,1,48,41,7,1633,Syracuse,335,335,17,C.J. Fair makes a jump shot from 11 feet out.,made,FALSE,FALSE,Jump Shot,22.9,16.35,552005,C.J. Fair,NA,0,Syracuse,Pittsburgh,102,NA,Trey Zeigler,Cameron Wright,Durand Johnson,Talib Zanna,Steven Adams,Brandon Triche,C.J. Fair,Trevor Cooney,Baye-Moussa Keita,Jerami Grant
2012-13,2013-02-02,1257691,552,0,2,Pittsburgh,Syracuse,Panthers,Orange,3,1,50,41,9,1570,Pittsburgh,301,301,34,Steven Adams makes a layup. Trey Zeigler with the assist.,made,FALSE,FALSE,Layup Shot,25,5.25,679478,Steven Adams,Trey Zeigler,0,Pittsburgh,Syracuse,103,NA,Trey Zeigler,Cameron Wright,Durand Johnson,Talib Zanna,Steven Adams,Brandon Triche,C.J. Fair,Trevor Cooney,Baye-Moussa Keita,Jerami Grant
2012-13,2013-02-02,1257691,554,0,2,Pittsburgh,Syracuse,Panthers,Orange,3,1,50,41,9,1570,Pittsburgh,284,284,17,Personal foul committed by Trey Zeigler.,NA,FALSE,FALSE,NA,NA,NA,NA,NA,NA,0,Syracuse,Syracuse,104,NA,Trey Zeigler,Cameron Wright,Durand Johnson,Talib Zanna,Steven Adams,Brandon Triche,C.J. Fair,Trevor Cooney,Baye-Moussa Keita,Jerami Grant
2012-13,2013-02-02,1257691,555,0,2,Pittsburgh,Syracuse,Panthers,Orange,3,1,50,41,9,1633,Syracuse,284,284,0,Substitution: Michael Carter-Williams in for Trevor Cooney.,NA,FALSE,FALSE,NA,NA,NA,NA,NA,NA,1,NA,NA,NA,NA,Trey Zeigler,Cameron Wright,Durand Johnson,Talib Zanna,Steven Adams,Brandon Triche,C.J. Fair,Michael Carter-Williams,Baye-Moussa Keita,Jerami Grant
2012-13,2013-02-02,1257691,556,0,2,Pittsburgh,Syracuse,Panthers,Orange,3,1,50,41,9,1570,Pittsburgh,284,284,0,Substitution: Cameron Wright in for Trey Zeigler.,NA,FALSE,FALSE,NA,NA,NA,NA,NA,NA,1,NA,NA,NA,Sub already in game,Trey Zeigler,Cameron Wright,Durand Johnson,Talib Zanna,Steven Adams,Brandon Triche,C.J. Fair,Michael Carter-Williams,Baye-Moussa Keita,Jerami Grant
2012-13,2013-02-02,1257691,557,0,2,Pittsburgh,Syracuse,Panthers,Orange,3,1,50,42,8,1633,Syracuse,284,284,0,Brandon Triche makes free throw 1 of 2.,made,TRUE,FALSE,NA,NA,NA,NA,NA,NA,0,Syracuse,Syracuse,104,NA,Trey Zeigler,Cameron Wright,Durand Johnson,Talib Zanna,Steven Adams,Brandon Triche,C.J. Fair,Michael Carter-Williams,Baye-Moussa Keita,Jerami Grant
2012-13,2013-02-02,1257691,558,0,2,Pittsburgh,Syracuse,Panthers,Orange,3,1,50,42,8,1570,Pittsburgh,284,284,0,Substitution: Lamar Patterson in for Durand Johnson.,NA,FALSE,FALSE,NA,NA,NA,NA,NA,NA,1,NA,NA,NA,NA,Trey Zeigler,Cameron Wright,Lamar Patterson,Talib Zanna,Steven Adams,Brandon Triche,C.J. Fair,Michael Carter-Williams,Baye-Moussa Keita,Jerami Grant
2012-13,2013-02-02,1257691,559,0,2,Pittsburgh,Syracuse,Panthers,Orange,3,1,50,43,7,1633,Syracuse,284,284,0,Brandon Triche makes free throw 2 of 2.,made,TRUE,FALSE,NA,NA,NA,NA,NA,NA,0,Syracuse,Pittsburgh,104,NA,Trey Zeigler,Cameron Wright,Lamar Patterson,Talib Zanna,Steven Adams,Brandon Triche,C.J. Fair,Michael Carter-Williams,Baye-Moussa Keita,Jerami Grant
2012-13,2013-02-02,1257691,562,0,2,Pittsburgh,Syracuse,Panthers,Orange,3,1,50,43,7,1570,Pittsburgh,272,272,12,Lamar Patterson misses a 3-point jump shot from 24 feet out.,missed,FALSE,TRUE,Jump Shot,15.899999999999999,27.25,504905,Lamar Patterson,NA,0,Pittsburgh,Pittsburgh,105,NA,Trey Zeigler,Cameron Wright,Lamar Patterson,Talib Zanna,Steven Adams,Brandon Triche,C.J. Fair,Michael Carter-Williams,Baye-Moussa Keita,Jerami Grant
2012-13,2013-02-02,1257691,563,0,2,Pittsburgh,Syracuse,Panthers,Orange,3,1,50,43,7,1570,Pittsburgh,272,272,0,Steven Adams with an offensive rebound.,NA,FALSE,FALSE,NA,NA,NA,NA,NA,NA,0,Pittsburgh,Pittsburgh,105,NA,Trey Zeigler,Cameron Wright,Lamar Patterson,Talib Zanna,Steven Adams,Brandon Triche,C.J. Fair,Michael Carter-Williams,Baye-Moussa Keita,Jerami Grant
2012-13,2013-02-02,1257691,565,0,2,Pittsburgh,Syracuse,Panthers,Orange,3,1,50,43,7,1570,Pittsburgh,265,265,7,Steven Adams with a turnover - Bad Pass,NA,FALSE,FALSE,NA,NA,NA,NA,NA,NA,0,Pittsburgh,Syracuse,105,NA,Trey Zeigler,Cameron Wright,Lamar Patterson,Talib Zanna,Steven Adams,Brandon Triche,C.J. Fair,Michael Carter-Williams,Baye-Moussa Keita,Jerami Grant
2012-13,2013-02-02,1257691,566,0,2,Pittsburgh,Syracuse,Panthers,Orange,3,1,50,43,7,1570,Pittsburgh,265,265,0,Shooting foul committed by Tray Woodall.,NA,FALSE,FALSE,NA,NA,NA,NA,NA,NA,0,Syracuse,Syracuse,106,NA,Trey Zeigler,Cameron Wright,Lamar Patterson,Talib Zanna,Steven Adams,Brandon Triche,C.J. Fair,Michael Carter-Williams,Baye-Moussa Keita,Jerami Grant
2012-13,2013-02-02,1257691,567,0,2,Pittsburgh,Syracuse,Panthers,Orange,3,1,50,44,6,1633,Syracuse,265,265,0,Brandon Triche makes free throw 1 of 2.,made,TRUE,FALSE,NA,NA,NA,NA,NA,NA,0,Syracuse,Syracuse,106,NA,Trey Zeigler,Cameron Wright,Lamar Patterson,Talib Zanna,Steven Adams,Brandon Triche,C.J. Fair,Michael Carter-Williams,Baye-Moussa Keita,Jerami Grant
2012-13,2013-02-02,1257691,568,0,2,Pittsburgh,Syracuse,Panthers,Orange,3,1,50,45,5,1633,Syracuse,265,265,0,Brandon Triche makes free throw 2 of 2.,made,TRUE,FALSE,NA,NA,NA,NA,NA,NA,0,Syracuse,Pittsburgh,106,NA,Trey Zeigler,Cameron Wright,Lamar Patterson,Talib Zanna,Steven Adams,Brandon Triche,C.J. Fair,Michael Carter-Williams,Baye-Moussa Keita,Jerami Grant
2012-13,2013-02-02,1257691,571,0,2,Pittsburgh,Syracuse,Panthers,Orange,3,1,50,45,5,1633,Syracuse,245,245,20,Shooting foul committed by Baye-Moussa Keita.,NA,FALSE,FALSE,NA,NA,NA,NA,NA,NA,0,Pittsburgh,Pittsburgh,107,NA,Trey Zeigler,Cameron Wright,Lamar Patterson,Talib Zanna,Steven Adams,Brandon Triche,C.J. Fair,Michael Carter-Williams,Baye-Moussa Keita,Jerami Grant
2012-13,2013-02-02,1257691,572,0,2,Pittsburgh,Syracuse,Panthers,Orange,3,1,50,45,5,1570,Pittsburgh,245,245,0,Substitution: Dante Taylor in for Steven Adams.,NA,FALSE,FALSE,NA,NA,NA,NA,NA,NA,1,NA,NA,NA,NA,Trey Zeigler,Cameron Wright,Lamar Patterson,Talib Zanna,Dante Taylor,Brandon Triche,C.J. Fair,Michael Carter-Williams,Baye-Moussa Keita,Jerami Grant
2012-13,2013-02-02,1257691,573,0,2,Pittsburgh,Syracuse,Panthers,Orange,3,1,51,45,6,1570,Pittsburgh,245,245,0,Cameron Wright makes free throw 1 of 2.,made,TRUE,FALSE,NA,NA,NA,NA,NA,NA,0,Pittsburgh,Pittsburgh,107,NA,Trey Zeigler,Cameron Wright,Lamar Patterson,Talib Zanna,Dante Taylor,Brandon Triche,C.J. Fair,Michael Carter-Williams,Baye-Moussa Keita,Jerami Grant
2012-13,2013-02-02,1257691,574,0,2,Pittsburgh,Syracuse,Panthers,Orange,3,1,52,45,7,1570,Pittsburgh,245,245,0,Cameron Wright makes free throw 2 of 2.,made,TRUE,FALSE,NA,NA,NA,NA,NA,NA,0,Pittsburgh,Syracuse,107,NA,Trey Zeigler,Cameron Wright,Lamar Patterson,Talib Zanna,Dante Taylor,Brandon Triche,C.J. Fair,Michael Carter-Williams,Baye-Moussa Keita,Jerami Grant
2012-13,2013-02-02,1257691,576,0,2,Pittsburgh,Syracuse,Panthers,Orange,3,1,52,45,7,1633,Syracuse,235,235,10,Michael Carter-Williams misses a 3-point jump shot from 24 feet out.,missed,FALSE,TRUE,Jump Shot,40.1,23.55,609790,Michael Carter-Williams,NA,0,Syracuse,Syracuse,108,NA,Trey Zeigler,Cameron Wright,Lamar Patterson,Talib Zanna,Dante Taylor,Brandon Triche,C.J. Fair,Michael Carter-Williams,Baye-Moussa Keita,Jerami Grant
2012-13,2013-02-02,1257691,577,0,2,Pittsburgh,Syracuse,Panthers,Orange,3,1,52,45,7,1570,Pittsburgh,235,235,0,Talib Zanna with a defensive rebound.,NA,FALSE,FALSE,NA,NA,NA,NA,NA,NA,0,Syracuse,Pittsburgh,108,NA,Trey Zeigler,Cameron Wright,Lamar Patterson,Talib Zanna,Dante Taylor,Brandon Triche,C.J. Fair,Michael Carter-Williams,Baye-Moussa Keita,Jerami Grant
2012-13,2013-02-02,1257691,579,0,2,Pittsburgh,Syracuse,Panthers,Orange,3,1,52,45,7,1570,Pittsburgh,201,201,34,Dante Taylor misses a hook shot from 8 feet out.,missed,FALSE,FALSE,Hook Shot,17.299999999999997,8.549999999999997,504904,Dante Taylor,NA,0,Pittsburgh,Pittsburgh,109,NA,Trey Zeigler,Cameron Wright,Lamar Patterson,Talib Zanna,Dante Taylor,Brandon Triche,C.J. Fair,Michael Carter-Williams,Baye-Moussa Keita,Jerami Grant
2012-13,2013-02-02,1257691,580,0,2,Pittsburgh,Syracuse,Panthers,Orange,3,1,52,45,7,1570,Pittsburgh,201,201,0,Talib Zanna with an offensive rebound.,NA,FALSE,FALSE,NA,NA,NA,NA,NA,NA,0,Pittsburgh,Pittsburgh,109,NA,Trey Zeigler,Cameron Wright,Lamar Patterson,Talib Zanna,Dante Taylor,Brandon Triche,C.J. Fair,Michael Carter-Williams,Baye-Moussa Keita,Jerami Grant
2012-13,2013-02-02,1257691,582,0,2,Pittsburgh,Syracuse,Panthers,Orange,3,1,52,45,7,NA,NA,201,201,0,Official's timeout.,NA,FALSE,FALSE,NA,NA,NA,NA,NA,NA,0,NA,NA,NA,NA,Trey Zeigler,Cameron Wright,Lamar Patterson,Talib Zanna,Dante Taylor,Brandon Triche,C.J. Fair,Michael Carter-Williams,Baye-Moussa Keita,Jerami Grant
2012-13,2013-02-02,1257691,588,0,2,Pittsburgh,Syracuse,Panthers,Orange,3,1,52,45,7,1570,Pittsburgh,197,197,4,Panthers with a turnover: Shot Clock Turnover,NA,FALSE,FALSE,NA,NA,NA,NA,NA,NA,0,Pittsburgh,Syracuse,109,NA,Trey Zeigler,Cameron Wright,Lamar Patterson,Talib Zanna,Dante Taylor,Brandon Triche,C.J. Fair,Michael Carter-Williams,Baye-Moussa Keita,Jerami Grant
2012-13,2013-02-02,1257691,589,0,2,Pittsburgh,Syracuse,Panthers,Orange,3,1,52,45,7,1570,Pittsburgh,197,197,0,Substitution: James Robinson in for Cameron Wright.,NA,FALSE,FALSE,NA,NA,NA,NA,NA,NA,1,NA,NA,NA,NA,Trey Zeigler,James Robinson,Lamar Patterson,Talib Zanna,Dante Taylor,Brandon Triche,C.J. Fair,Michael Carter-Williams,Baye-Moussa Keita,Jerami Grant
2012-13,2013-02-02,1257691,595,0,2,Pittsburgh,Syracuse,Panthers,Orange,3,1,52,45,7,1633,Syracuse,183,183,14,Michael Carter-Williams misses a jump shot from 11 feet out.,missed,FALSE,FALSE,Jump Shot,15.1,9.75,609790,Michael Carter-Williams,NA,0,Syracuse,Syracuse,110,NA,Trey Zeigler,James Robinson,Lamar Patterson,Talib Zanna,Dante Taylor,Brandon Triche,C.J. Fair,Michael Carter-Williams,Baye-Moussa Keita,Jerami Grant
2012-13,2013-02-02,1257691,596,0,2,Pittsburgh,Syracuse,Panthers,Orange,3,1,52,45,7,1570,Pittsburgh,183,183,0,Tray Woodall with a defensive rebound.,NA,FALSE,FALSE,NA,NA,NA,NA,NA,NA,0,Syracuse,Pittsburgh,110,NA,Trey Zeigler,James Robinson,Lamar Patterson,Talib Zanna,Dante Taylor,Brandon Triche,C.J. Fair,Michael Carter-Williams,Baye-Moussa Keita,Jerami Grant
2012-13,2013-02-02,1257691,599,0,2,Pittsburgh,Syracuse,Panthers,Orange,2,1,52,45,7,1570,Pittsburgh,165,165,18,Panthers take a 30-second timeout.,NA,FALSE,FALSE,NA,NA,NA,NA,NA,NA,0,NA,NA,NA,NA,Trey Zeigler,James Robinson,Lamar Patterson,Talib Zanna,Dante Taylor,Brandon Triche,C.J. Fair,Michael Carter-Williams,Baye-Moussa Keita,Jerami Grant
2012-13,2013-02-02,1257691,612,0,2,Pittsburgh,Syracuse,Panthers,Orange,2,1,52,45,7,1633,Syracuse,152,152,13,Shooting foul committed by Michael Carter-Williams.,NA,FALSE,FALSE,NA,NA,NA,NA,NA,NA,0,Pittsburgh,Pittsburgh,111,NA,Trey Zeigler,James Robinson,Lamar Patterson,Talib Zanna,Dante Taylor,Brandon Triche,C.J. Fair,Michael Carter-Williams,Baye-Moussa Keita,Jerami Grant
2012-13,2013-02-02,1257691,613,0,2,Pittsburgh,Syracuse,Panthers,Orange,2,1,52,45,7,1570,Pittsburgh,152,152,0,Lamar Patterson misses free throw 1 of 2.,missed,TRUE,FALSE,NA,NA,NA,NA,NA,NA,0,Pittsburgh,Pittsburgh,111,NA,Trey Zeigler,James Robinson,Lamar Patterson,Talib Zanna,Dante Taylor,Brandon Triche,C.J. Fair,Michael Carter-Williams,Baye-Moussa Keita,Jerami Grant
2012-13,2013-02-02,1257691,615,0,2,Pittsburgh,Syracuse,Panthers,Orange,2,1,52,45,7,1570,Pittsburgh,152,152,0,Lamar Patterson misses free throw 2 of 2.,missed,TRUE,FALSE,NA,NA,NA,NA,NA,NA,0,Pittsburgh,Pittsburgh,111,NA,Trey Zeigler,James Robinson,Lamar Patterson,Talib Zanna,Dante Taylor,Brandon Triche,C.J. Fair,Michael Carter-Williams,Baye-Moussa Keita,Jerami Grant
2012-13,2013-02-02,1257691,616,0,2,Pittsburgh,Syracuse,Panthers,Orange,2,1,52,45,7,1570,Pittsburgh,152,152,0,Talib Zanna with an offensive rebound.,NA,FALSE,FALSE,NA,NA,NA,NA,NA,NA,0,Pittsburgh,Pittsburgh,111,NA,Trey Zeigler,James Robinson,Lamar Patterson,Talib Zanna,Dante Taylor,Brandon Triche,C.J. Fair,Michael Carter-Williams,Baye-Moussa Keita,Jerami Grant
2012-13,2013-02-02,1257691,619,0,2,Pittsburgh,Syracuse,Panthers,Orange,2,1,52,45,7,1570,Pittsburgh,150,150,2,Baye-Moussa Keita steals the ball from Talib Zanna.,NA,FALSE,FALSE,NA,NA,NA,NA,NA,NA,0,Pittsburgh,Syracuse,111,NA,Trey Zeigler,James Robinson,Lamar Patterson,Talib Zanna,Dante Taylor,Brandon Triche,C.J. Fair,Michael Carter-Williams,Baye-Moussa Keita,Jerami Grant
2012-13,2013-02-02,1257691,623,0,2,Pittsburgh,Syracuse,Panthers,Orange,2,1,52,45,7,1633,Syracuse,137,137,13,Talib Zanna steals the ball from Jerami Grant.,NA,FALSE,FALSE,NA,NA,NA,NA,NA,NA,0,Syracuse,Pittsburgh,112,NA,Trey Zeigler,James Robinson,Lamar Patterson,Talib Zanna,Dante Taylor,Brandon Triche,C.J. Fair,Michael Carter-Williams,Baye-Moussa Keita,Jerami Grant
2012-13,2013-02-02,1257691,628,0,2,Pittsburgh,Syracuse,Panthers,Orange,2,1,52,45,7,1570,Pittsburgh,133,133,4,Dante Taylor with a turnover - Out of Bounds,NA,FALSE,FALSE,NA,NA,NA,NA,NA,NA,0,Pittsburgh,Syracuse,113,NA,Trey Zeigler,James Robinson,Lamar Patterson,Talib Zanna,Dante Taylor,Brandon Triche,C.J. Fair,Michael Carter-Williams,Baye-Moussa Keita,Jerami Grant
2012-13,2013-02-02,1257691,634,0,2,Pittsburgh,Syracuse,Panthers,Orange,2,1,52,45,7,1570,Pittsburgh,130,130,3,Shooting foul committed by Talib Zanna.,NA,FALSE,FALSE,NA,NA,NA,NA,NA,NA,0,Syracuse,Syracuse,114,NA,Trey Zeigler,James Robinson,Lamar Patterson,Talib Zanna,Dante Taylor,Brandon Triche,C.J. Fair,Michael Carter-Williams,Baye-Moussa Keita,Jerami Grant
2012-13,2013-02-02,1257691,635,0,2,Pittsburgh,Syracuse,Panthers,Orange,2,1,52,45,7,1633,Syracuse,130,130,0,Jerami Grant misses free throw 1 of 2.,missed,TRUE,FALSE,NA,NA,NA,NA,NA,NA,0,Syracuse,Syracuse,114,NA,Trey Zeigler,James Robinson,Lamar Patterson,Talib Zanna,Dante Taylor,Brandon Triche,C.J. Fair,Michael Carter-Williams,Baye-Moussa Keita,Jerami Grant
2012-13,2013-02-02,1257691,637,0,2,Pittsburgh,Syracuse,Panthers,Orange,2,1,52,45,7,1570,Pittsburgh,130,130,0,Substitution: J.J. Moore in for Talib Zanna.,NA,FALSE,FALSE,NA,NA,NA,NA,NA,NA,1,NA,NA,NA,NA,Trey Zeigler,James Robinson,Lamar Patterson,J.J. Moore,Dante Taylor,Brandon Triche,C.J. Fair,Michael Carter-Williams,Baye-Moussa Keita,Jerami Grant
2012-13,2013-02-02,1257691,638,0,2,Pittsburgh,Syracuse,Panthers,Orange,2,1,52,46,6,1633,Syracuse,130,130,0,Jerami Grant makes free throw 2 of 2.,made,TRUE,FALSE,NA,NA,NA,NA,NA,NA,0,Syracuse,Pittsburgh,114,NA,Trey Zeigler,James Robinson,Lamar Patterson,J.J. Moore,Dante Taylor,Brandon Triche,C.J. Fair,Michael Carter-Williams,Baye-Moussa Keita,Jerami Grant
2012-13,2013-02-02,1257691,642,0,2,Pittsburgh,Syracuse,Panthers,Orange,2,1,52,46,6,1633,Syracuse,125,125,5,Shooting foul committed by Brandon Triche.,NA,FALSE,FALSE,NA,NA,NA,NA,NA,NA,0,Pittsburgh,Pittsburgh,115,NA,Trey Zeigler,James Robinson,Lamar Patterson,J.J. Moore,Dante Taylor,Brandon Triche,C.J. Fair,Michael Carter-Williams,Baye-Moussa Keita,Jerami Grant
2012-13,2013-02-02,1257691,643,0,2,Pittsburgh,Syracuse,Panthers,Orange,2,1,53,46,7,1570,Pittsburgh,125,125,0,J.J. Moore makes free throw 1 of 2.,made,TRUE,FALSE,NA,NA,NA,NA,NA,NA,0,Pittsburgh,Pittsburgh,115,NA,Trey Zeigler,James Robinson,Lamar Patterson,J.J. Moore,Dante Taylor,Brandon Triche,C.J. Fair,Michael Carter-Williams,Baye-Moussa Keita,Jerami Grant
2012-13,2013-02-02,1257691,644,0,2,Pittsburgh,Syracuse,Panthers,Orange,2,1,54,46,8,1570,Pittsburgh,125,125,0,J.J. Moore makes free throw 2 of 2.,made,TRUE,FALSE,NA,NA,NA,NA,NA,NA,0,Pittsburgh,Syracuse,115,NA,Trey Zeigler,James Robinson,Lamar Patterson,J.J. Moore,Dante Taylor,Brandon Triche,C.J. Fair,Michael Carter-Williams,Baye-Moussa Keita,Jerami Grant
2012-13,2013-02-02,1257691,646,0,2,Pittsburgh,Syracuse,Panthers,Orange,2,1,54,46,8,1633,Syracuse,112,112,13,Michael Carter-Williams misses a jump shot from 11 feet out.,missed,FALSE,FALSE,Jump Shot,19,14.25,609790,Michael Carter-Williams,NA,0,Syracuse,Syracuse,116,NA,Trey Zeigler,James Robinson,Lamar Patterson,J.J. Moore,Dante Taylor,Brandon Triche,C.J. Fair,Michael Carter-Williams,Baye-Moussa Keita,Jerami Grant
2012-13,2013-02-02,1257691,647,0,2,Pittsburgh,Syracuse,Panthers,Orange,2,1,54,46,8,1633,Syracuse,112,112,0,Brandon Triche with an offensive rebound.,NA,FALSE,FALSE,NA,NA,NA,NA,NA,NA,0,Syracuse,Syracuse,116,NA,Trey Zeigler,James Robinson,Lamar Patterson,J.J. Moore,Dante Taylor,Brandon Triche,C.J. Fair,Michael Carter-Williams,Baye-Moussa Keita,Jerami Grant
2012-13,2013-02-02,1257691,647.5,0,2,Pittsburgh,Syracuse,Panthers,Orange,2,1,54,46,8,1633,Syracuse,112,112,0,Brandon Triche misses a tip shot from 3 feet out.,missed,FALSE,FALSE,Tip Shot,25,8.25,513430,Brandon Triche,NA,0,Syracuse,Syracuse,116,NA,Trey Zeigler,James Robinson,Lamar Patterson,J.J. Moore,Dante Taylor,Brandon Triche,C.J. Fair,Michael Carter-Williams,Baye-Moussa Keita,Jerami Grant
2012-13,2013-02-02,1257691,647.75,0,2,Pittsburgh,Syracuse,Panthers,Orange,2,1,54,46,8,1633,Syracuse,112,112,0,Baye-Moussa Keita with an offensive rebound.,NA,FALSE,FALSE,NA,NA,NA,NA,NA,NA,0,Syracuse,Syracuse,116,NA,Trey Zeigler,James Robinson,Lamar Patterson,J.J. Moore,Dante Taylor,Brandon Triche,C.J. Fair,Michael Carter-Williams,Baye-Moussa Keita,Jerami Grant
2012-13,2013-02-02,1257691,648,0,2,Pittsburgh,Syracuse,Panthers,Orange,2,1,54,48,6,1633,Syracuse,105,105,7,Baye-Moussa Keita makes a layup.,made,FALSE,FALSE,Layup Shot,26,6.25,552004,Baye-Moussa Keita,NA,0,Syracuse,Pittsburgh,116,NA,Trey Zeigler,James Robinson,Lamar Patterson,J.J. Moore,Dante Taylor,Brandon Triche,C.J. Fair,Michael Carter-Williams,Baye-Moussa Keita,Jerami Grant
2012-13,2013-02-02,1257691,650,0,2,Pittsburgh,Syracuse,Panthers,Orange,2,1,54,48,6,1633,Syracuse,90,90,15,Personal foul committed by Baye-Moussa Keita.,NA,FALSE,FALSE,NA,NA,NA,NA,NA,NA,0,Pittsburgh,Pittsburgh,117,NA,Trey Zeigler,James Robinson,Lamar Patterson,J.J. Moore,Dante Taylor,Brandon Triche,C.J. Fair,Michael Carter-Williams,Baye-Moussa Keita,Jerami Grant
2012-13,2013-02-02,1257691,655,0,2,Pittsburgh,Syracuse,Panthers,Orange,2,1,55,48,7,1570,Pittsburgh,90,90,0,Lamar Patterson makes free throw 1 of 2.,made,TRUE,FALSE,NA,NA,NA,NA,NA,NA,0,Pittsburgh,Pittsburgh,117,NA,Trey Zeigler,James Robinson,Lamar Patterson,J.J. Moore,Dante Taylor,Brandon Triche,C.J. Fair,Michael Carter-Williams,Baye-Moussa Keita,Jerami Grant
2012-13,2013-02-02,1257691,656,0,2,Pittsburgh,Syracuse,Panthers,Orange,2,1,55,48,7,1570,Pittsburgh,90,90,0,Lamar Patterson misses free throw 2 of 2.,missed,TRUE,FALSE,NA,NA,NA,NA,NA,NA,0,Pittsburgh,Pittsburgh,117,NA,Trey Zeigler,James Robinson,Lamar Patterson,J.J. Moore,Dante Taylor,Brandon Triche,C.J. Fair,Michael Carter-Williams,Baye-Moussa Keita,Jerami Grant
2012-13,2013-02-02,1257691,657,0,2,Pittsburgh,Syracuse,Panthers,Orange,2,1,55,48,7,1633,Syracuse,90,90,0,C.J. Fair with a defensive rebound.,NA,FALSE,FALSE,NA,NA,NA,NA,NA,NA,0,Pittsburgh,Syracuse,117,NA,Trey Zeigler,James Robinson,Lamar Patterson,J.J. Moore,Dante Taylor,Brandon Triche,C.J. Fair,Michael Carter-Williams,Baye-Moussa Keita,Jerami Grant
2012-13,2013-02-02,1257691,660,0,2,Pittsburgh,Syracuse,Panthers,Orange,2,1,55,50,5,1633,Syracuse,81,81,9,C.J. Fair makes a layup.,made,FALSE,FALSE,Layup Shot,26,6.25,552005,C.J. Fair,NA,0,Syracuse,Pittsburgh,118,NA,Trey Zeigler,James Robinson,Lamar Patterson,J.J. Moore,Dante Taylor,Brandon Triche,C.J. Fair,Michael Carter-Williams,Baye-Moussa Keita,Jerami Grant
2012-13,2013-02-02,1257691,661,0,2,Pittsburgh,Syracuse,Panthers,Orange,2,1,57,50,7,1570,Pittsburgh,74,74,7,J.J. Moore dunks. Tray Woodall with the assist.,made,FALSE,FALSE,Dunk Shot,25,5.25,551019,J.J. Moore,Tray Woodall,0,Pittsburgh,Syracuse,119,NA,Trey Zeigler,James Robinson,Lamar Patterson,J.J. Moore,Dante Taylor,Brandon Triche,C.J. Fair,Michael Carter-Williams,Baye-Moussa Keita,Jerami Grant
2012-13,2013-02-02,1257691,663,0,2,Pittsburgh,Syracuse,Panthers,Orange,2,1,57,50,7,1633,Syracuse,64,64,10,Michael Carter-Williams misses a 3-point jump shot from 23 feet out.,missed,FALSE,TRUE,Jump Shot,11.3,24.25,609790,Michael Carter-Williams,NA,0,Syracuse,Syracuse,120,NA,Trey Zeigler,James Robinson,Lamar Patterson,J.J. Moore,Dante Taylor,Brandon Triche,C.J. Fair,Michael Carter-Williams,Baye-Moussa Keita,Jerami Grant
2012-13,2013-02-02,1257691,664,0,2,Pittsburgh,Syracuse,Panthers,Orange,2,1,57,50,7,1570,Pittsburgh,64,64,0,Tray Woodall with a defensive rebound.,NA,FALSE,FALSE,NA,NA,NA,NA,NA,NA,0,Syracuse,Pittsburgh,120,NA,Trey Zeigler,James Robinson,Lamar Patterson,J.J. Moore,Dante Taylor,Brandon Triche,C.J. Fair,Michael Carter-Williams,Baye-Moussa Keita,Jerami Grant
2012-13,2013-02-02,1257691,666,0,2,Pittsburgh,Syracuse,Panthers,Orange,2,1,57,50,7,1633,Syracuse,62,62,2,Personal foul committed by Michael Carter-Williams.,NA,FALSE,FALSE,NA,NA,NA,NA,NA,NA,0,Pittsburgh,Pittsburgh,121,NA,Trey Zeigler,James Robinson,Lamar Patterson,J.J. Moore,Dante Taylor,Brandon Triche,C.J. Fair,Michael Carter-Williams,Baye-Moussa Keita,Jerami Grant
2012-13,2013-02-02,1257691,667,0,2,Pittsburgh,Syracuse,Panthers,Orange,2,1,57,50,7,1633,Syracuse,62,62,0,Substitution: Trevor Cooney in for Michael Carter-Williams.,NA,FALSE,FALSE,NA,NA,NA,NA,NA,NA,1,NA,NA,NA,NA,Trey Zeigler,James Robinson,Lamar Patterson,J.J. Moore,Dante Taylor,Brandon Triche,C.J. Fair,Trevor Cooney,Baye-Moussa Keita,Jerami Grant
2012-13,2013-02-02,1257691,668,0,2,Pittsburgh,Syracuse,Panthers,Orange,2,1,57,50,7,1570,Pittsburgh,62,62,0,Tray Woodall misses free throw 1 of 2.,missed,TRUE,FALSE,NA,NA,NA,NA,NA,NA,0,Pittsburgh,Pittsburgh,121,NA,Trey Zeigler,James Robinson,Lamar Patterson,J.J. Moore,Dante Taylor,Brandon Triche,C.J. Fair,Trevor Cooney,Baye-Moussa Keita,Jerami Grant
2012-13,2013-02-02,1257691,670,0,2,Pittsburgh,Syracuse,Panthers,Orange,2,1,58,50,8,1570,Pittsburgh,62,62,0,Tray Woodall makes free throw 2 of 2.,made,TRUE,FALSE,NA,NA,NA,NA,NA,NA,0,Pittsburgh,Syracuse,121,NA,Trey Zeigler,James Robinson,Lamar Patterson,J.J. Moore,Dante Taylor,Brandon Triche,C.J. Fair,Trevor Cooney,Baye-Moussa Keita,Jerami Grant
2012-13,2013-02-02,1257691,674,0,2,Pittsburgh,Syracuse,Panthers,Orange,2,1,58,50,8,1633,Syracuse,56,56,6,Brandon Triche misses a 3-point jump shot from 24 feet out.,missed,FALSE,TRUE,Jump Shot,42.3,21.95,513430,Brandon Triche,NA,0,Syracuse,Pittsburgh,122,NA,Trey Zeigler,James Robinson,Lamar Patterson,J.J. Moore,Dante Taylor,Brandon Triche,C.J. Fair,Trevor Cooney,Baye-Moussa Keita,Jerami Grant
2012-13,2013-02-02,1257691,683,0,2,Pittsburgh,Syracuse,Panthers,Orange,2,1,60,50,10,1570,Pittsburgh,52,52,4,Tray Woodall makes a layup. Lamar Patterson with the assist.,made,FALSE,FALSE,Layup Shot,26,6.25,462985,Tray Woodall,Lamar Patterson,0,Pittsburgh,Pittsburgh,123,NA,Trey Zeigler,James Robinson,Lamar Patterson,J.J. Moore,Dante Taylor,Brandon Triche,C.J. Fair,Trevor Cooney,Baye-Moussa Keita,Jerami Grant
2012-13,2013-02-02,1257691,684,0,2,Pittsburgh,Syracuse,Panthers,Orange,2,1,60,50,10,1633,Syracuse,52,52,0,Shooting foul committed by Trevor Cooney.,NA,FALSE,FALSE,NA,NA,NA,NA,NA,NA,0,Pittsburgh,Pittsburgh,123,NA,Trey Zeigler,James Robinson,Lamar Patterson,J.J. Moore,Dante Taylor,Brandon Triche,C.J. Fair,Trevor Cooney,Baye-Moussa Keita,Jerami Grant
2012-13,2013-02-02,1257691,685,0,2,Pittsburgh,Syracuse,Panthers,Orange,2,1,60,50,10,1633,Syracuse,52,52,0,Substitution: Rakeem Christmas in for Baye-Moussa Keita.,NA,FALSE,FALSE,NA,NA,NA,NA,NA,NA,1,NA,NA,NA,NA,Trey Zeigler,James Robinson,Lamar Patterson,J.J. Moore,Dante Taylor,Brandon Triche,C.J. Fair,Trevor Cooney,Rakeem Christmas,Jerami Grant
2012-13,2013-02-02,1257691,686,0,2,Pittsburgh,Syracuse,Panthers,Orange,2,1,61,50,11,1570,Pittsburgh,52,52,0,Tray Woodall makes free throw 1 of 1.,made,TRUE,FALSE,NA,NA,NA,NA,NA,NA,0,Pittsburgh,Syracuse,123,NA,Trey Zeigler,James Robinson,Lamar Patterson,J.J. Moore,Dante Taylor,Brandon Triche,C.J. Fair,Trevor Cooney,Rakeem Christmas,Jerami Grant
2012-13,2013-02-02,1257691,698,0,2,Pittsburgh,Syracuse,Panthers,Orange,2,1,61,53,8,1633,Syracuse,41,41,11,C.J. Fair makes a 3-point jump shot from 23 feet out. Trevor Cooney with the assist.,made,FALSE,TRUE,Jump Shot,47.5,10.75,552005,C.J. Fair,Trevor Cooney,0,Syracuse,Pittsburgh,124,NA,Trey Zeigler,James Robinson,Lamar Patterson,J.J. Moore,Dante Taylor,Brandon Triche,C.J. Fair,Trevor Cooney,Rakeem Christmas,Jerami Grant
2012-13,2013-02-02,1257691,699,0,2,Pittsburgh,Syracuse,Panthers,Orange,2,0,61,53,8,1633,Syracuse,41,41,0,Orange take a full timeout.,NA,FALSE,FALSE,NA,NA,NA,NA,NA,NA,0,NA,NA,NA,NA,Trey Zeigler,James Robinson,Lamar Patterson,J.J. Moore,Dante Taylor,Brandon Triche,C.J. Fair,Trevor Cooney,Rakeem Christmas,Jerami Grant
2012-13,2013-02-02,1257691,704,0,2,Pittsburgh,Syracuse,Panthers,Orange,2,0,61,53,8,1633,Syracuse,40,40,1,Personal foul committed by Trevor Cooney.,NA,FALSE,FALSE,NA,NA,NA,NA,NA,NA,0,Pittsburgh,Pittsburgh,125,NA,Trey Zeigler,James Robinson,Lamar Patterson,J.J. Moore,Dante Taylor,Brandon Triche,C.J. Fair,Trevor Cooney,Rakeem Christmas,Jerami Grant
2012-13,2013-02-02,1257691,705,0,2,Pittsburgh,Syracuse,Panthers,Orange,2,0,61,53,8,1570,Pittsburgh,40,40,0,Substitution: Durand Johnson in for Dante Taylor.,NA,FALSE,FALSE,NA,NA,NA,NA,NA,NA,1,NA,NA,NA,NA,Trey Zeigler,James Robinson,Lamar Patterson,J.J. Moore,Durand Johnson,Brandon Triche,C.J. Fair,Trevor Cooney,Rakeem Christmas,Jerami Grant
2012-13,2013-02-02,1257691,706,0,2,Pittsburgh,Syracuse,Panthers,Orange,2,0,62,53,9,1570,Pittsburgh,40,40,0,Tray Woodall makes free throw 1 of 2.,made,TRUE,FALSE,NA,NA,NA,NA,NA,NA,0,Pittsburgh,Pittsburgh,125,NA,Trey Zeigler,James Robinson,Lamar Patterson,J.J. Moore,Durand Johnson,Brandon Triche,C.J. Fair,Trevor Cooney,Rakeem Christmas,Jerami Grant
2012-13,2013-02-02,1257691,707,0,2,Pittsburgh,Syracuse,Panthers,Orange,2,0,62,53,9,1570,Pittsburgh,40,40,0,Substitution: Dante Taylor in for Durand Johnson.,NA,FALSE,FALSE,NA,NA,NA,NA,NA,NA,1,NA,NA,NA,NA,Trey Zeigler,James Robinson,Lamar Patterson,J.J. Moore,Dante Taylor,Brandon Triche,C.J. Fair,Trevor Cooney,Rakeem Christmas,Jerami Grant
2012-13,2013-02-02,1257691,708,0,2,Pittsburgh,Syracuse,Panthers,Orange,2,0,63,53,10,1570,Pittsburgh,40,40,0,Tray Woodall makes free throw 2 of 2.,made,TRUE,FALSE,NA,NA,NA,NA,NA,NA,0,Pittsburgh,Syracuse,125,NA,Trey Zeigler,James Robinson,Lamar Patterson,J.J. Moore,Dante Taylor,Brandon Triche,C.J. Fair,Trevor Cooney,Rakeem Christmas,Jerami Grant
2012-13,2013-02-02,1257691,714,0,2,Pittsburgh,Syracuse,Panthers,Orange,2,0,63,53,10,1633,Syracuse,32,32,8,Brandon Triche with a turnover - Bad Pass,NA,FALSE,FALSE,NA,NA,NA,NA,NA,NA,0,Syracuse,Pittsburgh,126,NA,Trey Zeigler,James Robinson,Lamar Patterson,J.J. Moore,Dante Taylor,Brandon Triche,C.J. Fair,Trevor Cooney,Rakeem Christmas,Jerami Grant
2012-13,2013-02-02,1257691,723,0,2,Pittsburgh,Syracuse,Panthers,Orange,2,0,63,53,10,1633,Syracuse,30,30,2,Personal foul committed by Jerami Grant.,NA,FALSE,FALSE,NA,NA,NA,NA,NA,NA,0,Pittsburgh,Pittsburgh,127,NA,Trey Zeigler,James Robinson,Lamar Patterson,J.J. Moore,Dante Taylor,Brandon Triche,C.J. Fair,Trevor Cooney,Rakeem Christmas,Jerami Grant
2012-13,2013-02-02,1257691,724,0,2,Pittsburgh,Syracuse,Panthers,Orange,2,0,64,53,11,1570,Pittsburgh,30,30,0,Tray Woodall makes free throw 1 of 2.,made,TRUE,FALSE,NA,NA,NA,NA,NA,NA,0,Pittsburgh,Pittsburgh,127,NA,Trey Zeigler,James Robinson,Lamar Patterson,J.J. Moore,Dante Taylor,Brandon Triche,C.J. Fair,Trevor Cooney,Rakeem Christmas,Jerami Grant
2012-13,2013-02-02,1257691,725,0,2,Pittsburgh,Syracuse,Panthers,Orange,2,0,65,53,12,1570,Pittsburgh,30,30,0,Tray Woodall makes free throw 2 of 2.,made,TRUE,FALSE,NA,NA,NA,NA,NA,NA,0,Pittsburgh,Syracuse,127,NA,Trey Zeigler,James Robinson,Lamar Patterson,J.J. Moore,Dante Taylor,Brandon Triche,C.J. Fair,Trevor Cooney,Rakeem Christmas,Jerami Grant
2012-13,2013-02-02,1257691,730,0,2,Pittsburgh,Syracuse,Panthers,Orange,2,0,65,53,12,1570,Pittsburgh,21,21,9,Shooting foul committed by James Robinson.,NA,FALSE,FALSE,NA,NA,NA,NA,NA,NA,0,Syracuse,Syracuse,128,NA,Trey Zeigler,James Robinson,Lamar Patterson,J.J. Moore,Dante Taylor,Brandon Triche,C.J. Fair,Trevor Cooney,Rakeem Christmas,Jerami Grant
2012-13,2013-02-02,1257691,731,0,2,Pittsburgh,Syracuse,Panthers,Orange,2,0,65,54,11,1633,Syracuse,21,21,0,Brandon Triche makes free throw 1 of 2.,made,TRUE,FALSE,NA,NA,NA,NA,NA,NA,0,Syracuse,Syracuse,128,NA,Trey Zeigler,James Robinson,Lamar Patterson,J.J. Moore,Dante Taylor,Brandon Triche,C.J. Fair,Trevor Cooney,Rakeem Christmas,Jerami Grant
2012-13,2013-02-02,1257691,732,0,2,Pittsburgh,Syracuse,Panthers,Orange,2,0,65,55,10,1633,Syracuse,21,21,0,Brandon Triche makes free throw 2 of 2.,made,TRUE,FALSE,NA,NA,NA,NA,NA,NA,0,Syracuse,Pittsburgh,128,NA,Trey Zeigler,James Robinson,Lamar Patterson,J.J. Moore,Dante Taylor,Brandon Triche,C.J. Fair,Trevor Cooney,Rakeem Christmas,Jerami Grant
2012-13,2013-02-02,1257691,733,0,2,Pittsburgh,Syracuse,Panthers,Orange,2,0,65,55,10,1570,Pittsburgh,21,21,0,Substitution: Durand Johnson in for Dante Taylor.,NA,FALSE,FALSE,NA,NA,NA,NA,NA,NA,1,NA,NA,NA,NA,Trey Zeigler,James Robinson,Lamar Patterson,J.J. Moore,Durand Johnson,Brandon Triche,C.J. Fair,Trevor Cooney,Rakeem Christmas,Jerami Grant
2012-13,2013-02-02,1257691,735,0,2,Pittsburgh,Syracuse,Panthers,Orange,2,0,65,55,10,1570,Pittsburgh,17,17,4,C.J. Fair steals the ball from Tray Woodall.,NA,FALSE,FALSE,NA,NA,NA,NA,NA,NA,0,Pittsburgh,Syracuse,129,NA,Trey Zeigler,James Robinson,Lamar Patterson,J.J. Moore,Durand Johnson,Brandon Triche,C.J. Fair,Trevor Cooney,Rakeem Christmas,Jerami Grant
2012-13,2013-02-02,1257691,736,0,2,Pittsburgh,Syracuse,Panthers,Orange,2,0,65,55,10,1633,Syracuse,12,12,5,C.J. Fair misses a 3-point jump shot from 24 feet out.,missed,FALSE,TRUE,Jump Shot,22.2,29.45,552005,C.J. Fair,NA,0,Syracuse,Syracuse,130,NA,Trey Zeigler,James Robinson,Lamar Patterson,J.J. Moore,Durand Johnson,Brandon Triche,C.J. Fair,Trevor Cooney,Rakeem Christmas,Jerami Grant
2012-13,2013-02-02,1257691,737,0,2,Pittsburgh,Syracuse,Panthers,Orange,2,0,65,55,10,1570,Pittsburgh,12,12,0,Tray Woodall with a defensive rebound.,NA,FALSE,FALSE,NA,NA,NA,NA,NA,NA,0,Syracuse,Pittsburgh,130,NA,Trey Zeigler,James Robinson,Lamar Patterson,J.J. Moore,Durand Johnson,Brandon Triche,C.J. Fair,Trevor Cooney,Rakeem Christmas,Jerami Grant
2012-13,2013-02-02,1257691,738,0,2,Pittsburgh,Syracuse,Panthers,Orange,2,0,65,55,10,NA,NA,0,0,12,End of the 2nd Half,NA,FALSE,FALSE,NA,NA,NA,NA,NA,NA,0,NA,NA,NA,NA,Trey Zeigler,James Robinson,Lamar Patterson,J.J. Moore,Durand Johnson,Brandon Triche,C.J. Fair,Trevor Cooney,Rakeem Christmas,Jerami Grant
2012-13,2013-02-02,1257691,739,0,2,Pittsburgh,Syracuse,Panthers,Orange,2,0,65,55,10,NA,NA,0,0,0,End of the Game,NA,FALSE,FALSE,NA,NA,NA,NA,NA,NA,0,Pittsburgh,Pittsburgh,NA,NA,Trey Zeigler,James Robinson,Lamar Patterson,J.J. Moore,Durand Johnson,Brandon Triche,C.J. Fair,Trevor Cooney,Rakeem Christmas,Jerami Grant
