season,date,game_id,play_id,neutral,half,home,away,home_name,away_name,home_timeouts,away_timeouts,home_score,away_score,score_diff,team_id,event_team,game_secs_remaining,half_secs_remaining,play_length,desc,shot_outcome,free_throw,three_pt,shot_desc,loc_x,loc_y,shooter_id,shooter,assist,substitution,poss_before,poss_after,poss_number
2019-20,2020-01-11,2188498,1,0,1,Missouri,Florida,Tigers,Gators,4,4,0,0,0,1407,Florida,NA,NA,NA,Starting Lineup - Kerry Blackshear Jr.,NA,FALSE,FALSE,NA,NA,NA,NA,NA,NA,1,NA,NA,NA
2019-20,2020-01-11,2188498,1,0,1,Missouri,Florida,Tigers,Gators,4,4,0,0,0,1507,Missouri,NA,NA,NA,Starting Lineup - Mitchell Smith,NA,FALSE,FALSE,NA,NA,NA,NA,NA,NA,1,NA,NA,NA
2019-20,2020-01-11,2188498,1,0,1,Missouri,Florida,Tigers,Gators,4,4,0,0,0,1507,Missouri,NA,NA,NA,Starting Lineup - Reed Nikko,NA,FALSE,FALSE,NA,NA,NA,NA,NA,NA,1,NA,NA,NA
2019-20,2020-01-11,2188498,1,0,1,Missouri,Florida,Tigers,Gators,4,4,0,0,0,1507,Missouri,NA,NA,NA,Starting Lineup - Dru Smith,NA,FALSE,FALSE,NA,NA,NA,NA,NA,NA,1,NA,NA,NA
2019-20,2020-01-11,2188498,1,0,1,Missouri,Florida,Tigers,Gators,4,4,0,0,0,1507,Missouri,NA,NA,NA,Starting Lineup - Mark Smith,NA,FALSE,FALSE,NA,NA,NA,NA,NA,NA,1,NA,NA,NA
2019-20,2020-01-11,2188498,1,0,1,Missouri,Florida,Tigers,Gators,4,4,0,0,0,1407,Florida,NA,NA,NA,Starting Lineup - Andrew Nembhard,NA,FALSE,FALSE,NA,NA,NA,NA,NA,NA,1,NA,NA,NA
2019-20,2020-01-11,2188498,1,0,1,Missouri,Florida,Tigers,Gators,4,4,0,0,0,1407,Florida,NA,NA,NA,Starting Lineup - Noah Locke,NA,FALSE,FALSE,NA,NA,NA,NA,NA,NA,1,NA,NA,NA
2019-20,2020-01-11,2188498,1,0,1,Missouri,Florida,Tigers,Gators,4,4,0,0,0,1407,Florida,NA,NA,NA,Starting Lineup - Keyontae Johnson,NA,FALSE,FALSE,NA,NA,NA,NA,NA,NA,1,NA,NA,NA
2019-20,2020-01-11,2188498,1,0,1,Missouri,Florida,Tigers,Gators,4,4,0,0,0,1407,Florida,NA,NA,NA,Starting Lineup - Omar Payne,NA,FALSE,FALSE,NA,NA,NA,NA,NA,NA,1,NA,NA,NA
2019-20,2020-01-11,2188498,1,0,1,Missouri,Florida,Tigers,Gators,4,4,0,0,0,1507,Missouri,NA,NA,NA,Starting Lineup - Kobe Brown,NA,FALSE,FALSE,NA,NA,NA,NA,NA,NA,1,NA,NA,NA
2019-20,2020-01-11,2188498,2,0,1,Missouri,Florida,Tigers,Gators,4,4,0,0,0,NA,NA,2400,1200,NA,Start of the 1st Half,NA,FALSE,FALSE,NA,NA,NA,NA,NA,NA,0,NA,Missouri,1
2019-20,2020-01-11,2188498,4,0,1,Missouri,Florida,Tigers,Gators,4,4,3,0,3,1507,Missouri,2389,1189,11,Mark Smith makes a 3-point jump shot from 26 feet out. Kobe Brown with the assist.,made,FALSE,TRUE,Jump Shot,9.299999999999997,25.549999999999997,1061006,Mark Smith,Kobe Brown,0,Missouri,Florida,1
2019-20,2020-01-11,2188498,6,0,1,Missouri,Florida,Tigers,Gators,4,4,3,0,3,1407,Florida,2359,1159,30,Andrew Nembhard misses a 3-point jump shot from 25 feet out.,missed,FALSE,TRUE,Jump Shot,9.3,25.25,1134158,Andrew Nembhard,NA,0,Florida,Florida,2
2019-20,2020-01-11,2188498,9,0,1,Missouri,Florida,Tigers,Gators,4,4,3,0,3,1407,Florida,2353,1153,6,Andrew Nembhard misses a jump shot from 17 feet out.,missed,FALSE,FALSE,Jump Shot,24.4,21.95,1134158,Andrew Nembhard,NA,0,Florida,Florida,2
2019-20,2020-01-11,2188498,10,0,1,Missouri,Florida,Tigers,Gators,4,4,3,0,3,1507,Missouri,2353,1153,0,Mark Smith with a defensive rebound.,NA,FALSE,FALSE,NA,NA,NA,NA,NA,NA,0,Florida,Missouri,2
2019-20,2020-01-11,2188498,14,0,1,Missouri,Florida,Tigers,Gators,4,4,3,0,3,1507,Missouri,2325,1125,28,Omar Payne blocks a Reed Nikko hook shot from 8 feet out.,missed,FALSE,FALSE,Hook Shot,23.2,13.349999999999994,949170,Reed Nikko,NA,0,Missouri,Missouri,3
2019-20,2020-01-11,2188498,15,0,1,Missouri,Florida,Tigers,Gators,4,4,3,0,3,1507,Missouri,2325,1125,0,Mitchell Smith with an offensive rebound.,NA,FALSE,FALSE,NA,NA,NA,NA,NA,NA,0,Missouri,Missouri,3
2019-20,2020-01-11,2188498,20,0,1,Missouri,Florida,Tigers,Gators,4,4,3,0,3,1507,Missouri,2321,1121,4,Mitchell Smith with a turnover - Bad Pass,NA,FALSE,FALSE,NA,NA,NA,NA,NA,NA,0,Missouri,Florida,3
2019-20,2020-01-11,2188498,29,0,1,Missouri,Florida,Tigers,Gators,4,4,3,0,3,1407,Florida,2300,1100,21,Kerry Blackshear Jr. misses a 3-point jump shot from 26 feet out.,missed,FALSE,TRUE,Jump Shot,20.7,31.35,893012,Kerry Blackshear Jr.,NA,0,Florida,Florida,4
2019-20,2020-01-11,2188498,30,0,1,Missouri,Florida,Tigers,Gators,4,4,3,0,3,1507,Missouri,2300,1100,0,Mark Smith with a defensive rebound.,NA,FALSE,FALSE,NA,NA,NA,NA,NA,NA,0,Florida,Missouri,4
2019-20,2020-01-11,2188498,31,0,1,Missouri,Florida,Tigers,Gators,4,4,3,0,3,1507,Missouri,2289,1089,11,Kobe Brown misses a 3-point jump shot from 25 feet out.,missed,FALSE,TRUE,Jump Shot,11,25.349999999999994,1176611,Kobe Brown,NA,0,Missouri,Missouri,5
2019-20,2020-01-11,2188498,32,0,1,Missouri,Florida,Tigers,Gators,4,4,3,0,3,1407,Florida,2289,1089,0,Noah Locke with a defensive rebound.,NA,FALSE,FALSE,NA,NA,NA,NA,NA,NA,0,Missouri,Florida,5
2019-20,2020-01-11,2188498,34,0,1,Missouri,Florida,Tigers,Gators,4,4,3,0,3,1407,Florida,2282,1082,7,Reed Nikko blocks a Keyontae Johnson layup.,missed,FALSE,FALSE,Layup Shot,25,5.25,1134160,Keyontae Johnson,NA,0,Florida,Florida,6
2019-20,2020-01-11,2188498,37,0,1,Missouri,Florida,Tigers,Gators,4,4,3,0,3,1407,Florida,2269,1069,13,Keyontae Johnson misses a 3-point jump shot from 22 feet out.,missed,FALSE,TRUE,Jump Shot,3,5.15,1134160,Keyontae Johnson,NA,0,Florida,Florida,6
2019-20,2020-01-11,2188498,38,0,1,Missouri,Florida,Tigers,Gators,4,4,3,0,3,1507,Missouri,2269,1069,0,Reed Nikko with a defensive rebound.,NA,FALSE,FALSE,NA,NA,NA,NA,NA,NA,0,Florida,Missouri,6
2019-20,2020-01-11,2188498,41,0,1,Missouri,Florida,Tigers,Gators,4,4,3,0,3,1507,Missouri,2245,1045,24,Offensive foul committed by Dru Smith.,NA,FALSE,FALSE,NA,NA,NA,NA,NA,NA,0,Missouri,Missouri,7
2019-20,2020-01-11,2188498,42,0,1,Missouri,Florida,Tigers,Gators,4,4,3,0,3,1507,Missouri,2245,1045,0,Dru Smith with a turnover,NA,FALSE,FALSE,NA,NA,NA,NA,NA,NA,0,Missouri,Florida,7
2019-20,2020-01-11,2188498,46,0,1,Missouri,Florida,Tigers,Gators,4,4,3,0,3,1407,Florida,2228,1028,17,Omar Payne misses a dunk.,missed,FALSE,FALSE,Dunk Shot,25,5.25,1175359,Omar Payne,NA,0,Florida,Florida,8
2019-20,2020-01-11,2188498,47,0,1,Missouri,Florida,Tigers,Gators,4,4,3,0,3,1407,Florida,2228,1028,0,Omar Payne with an offensive rebound.,NA,FALSE,FALSE,NA,NA,NA,NA,NA,NA,0,Florida,Florida,8
2019-20,2020-01-11,2188498,49,0,1,Missouri,Florida,Tigers,Gators,4,4,3,0,3,1507,Missouri,2226,1026,2,Shooting foul committed by Mitchell Smith.,NA,FALSE,FALSE,NA,NA,NA,NA,NA,NA,0,Florida,Florida,8
2019-20,2020-01-11,2188498,50,0,1,Missouri,Florida,Tigers,Gators,4,4,3,0,3,1407,Florida,2226,1026,0,Omar Payne misses free throw 1 of 2.,missed,TRUE,FALSE,NA,NA,NA,NA,NA,NA,0,Florida,Florida,8
2019-20,2020-01-11,2188498,52,0,1,Missouri,Florida,Tigers,Gators,4,4,3,1,2,1407,Florida,2226,1026,0,Omar Payne makes free throw 2 of 2.,made,TRUE,FALSE,NA,NA,NA,NA,NA,NA,0,Florida,Missouri,8
2019-20,2020-01-11,2188498,56,0,1,Missouri,Florida,Tigers,Gators,4,4,3,1,2,1407,Florida,2211,1011,15,Personal foul committed by Keyontae Johnson.,NA,FALSE,FALSE,NA,NA,NA,NA,NA,NA,0,Missouri,Missouri,9
2019-20,2020-01-11,2188498,57,0,1,Missouri,Florida,Tigers,Gators,4,4,4,1,3,1507,Missouri,2211,1011,0,Dru Smith makes free throw 1 of 2.,made,TRUE,FALSE,NA,NA,NA,NA,NA,NA,0,Missouri,Missouri,9
2019-20,2020-01-11,2188498,58,0,1,Missouri,Florida,Tigers,Gators,4,4,5,1,4,1507,Missouri,2211,1011,0,Dru Smith makes free throw 2 of 2.,made,TRUE,FALSE,NA,NA,NA,NA,NA,NA,0,Missouri,Florida,9
2019-20,2020-01-11,2188498,62,0,1,Missouri,Florida,Tigers,Gators,4,4,5,1,4,1407,Florida,2199,999,12,Dru Smith steals the ball from Keyontae Johnson.,NA,FALSE,FALSE,NA,NA,NA,NA,NA,NA,0,Florida,Missouri,10
2019-20,2020-01-11,2188498,65,0,1,Missouri,Florida,Tigers,Gators,4,4,5,1,4,1407,Florida,2195,995,4,Shooting foul committed by Keyontae Johnson.,NA,FALSE,FALSE,NA,NA,NA,NA,NA,NA,0,Missouri,Missouri,11
2019-20,2020-01-11,2188498,66,0,1,Missouri,Florida,Tigers,Gators,4,4,6,1,5,1507,Missouri,2195,995,0,Tray Jackson makes free throw 1 of 2.,made,TRUE,FALSE,NA,NA,NA,NA,NA,NA,0,Missouri,Missouri,11
2019-20,2020-01-11,2188498,67,0,1,Missouri,Florida,Tigers,Gators,4,4,6,1,5,1507,Missouri,2195,995,0,Tray Jackson misses free throw 2 of 2.,missed,TRUE,FALSE,NA,NA,NA,NA,NA,NA,0,Missouri,Missouri,11
2019-20,2020-01-11,2188498,68,0,1,Missouri,Florida,Tigers,Gators,4,4,6,1,5,1407,Florida,2195,995,0,Noah Locke with a defensive rebound.,NA,FALSE,FALSE,NA,NA,NA,NA,NA,NA,0,Missouri,Florida,11
2019-20,2020-01-11,2188498,71,0,1,Missouri,Florida,Tigers,Gators,4,4,6,1,5,1407,Florida,2187,987,8,Noah Locke misses a 3-point jump shot from 25 feet out.,missed,FALSE,TRUE,Jump Shot,32.2,28.95,1134159,Noah Locke,NA,0,Florida,Florida,12
2019-20,2020-01-11,2188498,72,0,1,Missouri,Florida,Tigers,Gators,4,4,6,1,5,1507,Missouri,2187,987,0,Javon Pickett with a defensive rebound.,NA,FALSE,FALSE,NA,NA,NA,NA,NA,NA,0,Florida,Missouri,12
2019-20,2020-01-11,2188498,73,0,1,Missouri,Florida,Tigers,Gators,4,4,6,1,5,1507,Missouri,2161,961,26,Kerry Blackshear Jr. blocks a Javon Pickett jump shot from 10 feet out.,missed,FALSE,FALSE,Jump Shot,27.6,15.349999999999994,1137212,Javon Pickett,NA,0,Missouri,Missouri,13
2019-20,2020-01-11,2188498,74,0,1,Missouri,Florida,Tigers,Gators,4,4,6,1,5,1407,Florida,2161,961,0,Kerry Blackshear Jr. with a defensive rebound.,NA,FALSE,FALSE,NA,NA,NA,NA,NA,NA,0,Missouri,Florida,13
2019-20,2020-01-11,2188498,76,0,1,Missouri,Florida,Tigers,Gators,4,4,6,3,3,1407,Florida,2157,957,4,Kerry Blackshear Jr. makes a jump shot from 8 feet out.,made,FALSE,FALSE,Jump Shot,32.2,9.05,893012,Kerry Blackshear Jr.,NA,0,Florida,Florida,14
2019-20,2020-01-11,2188498,77,0,1,Missouri,Florida,Tigers,Gators,4,4,6,3,3,1507,Missouri,2157,957,0,Shooting foul committed by Mitchell Smith.,NA,FALSE,FALSE,NA,NA,NA,NA,NA,NA,0,Florida,Florida,14
2019-20,2020-01-11,2188498,78,0,1,Missouri,Florida,Tigers,Gators,4,4,6,3,3,NA,NA,2157,957,0,Official TV timeout.,NA,FALSE,FALSE,NA,NA,NA,NA,NA,NA,0,NA,NA,NA
2019-20,2020-01-11,2188498,79,0,1,Missouri,Florida,Tigers,Gators,4,4,6,4,2,1407,Florida,2157,957,0,Kerry Blackshear Jr. makes free throw 1 of 1.,made,TRUE,FALSE,NA,NA,NA,NA,NA,NA,0,Florida,Missouri,14
2019-20,2020-01-11,2188498,81,0,1,Missouri,Florida,Tigers,Gators,4,4,6,4,2,1507,Missouri,2142,942,15,Scottie Lewis steals the ball from Tray Jackson.,NA,FALSE,FALSE,NA,NA,NA,NA,NA,NA,0,Missouri,Florida,15
2019-20,2020-01-11,2188498,82,0,1,Missouri,Florida,Tigers,Gators,4,4,6,4,2,1407,Florida,2135,935,7,Ques Glover misses a jump shot from 18 feet out.,missed,FALSE,FALSE,Jump Shot,11.3,16.85,1175344,Ques Glover,NA,0,Florida,Florida,16
2019-20,2020-01-11,2188498,83,0,1,Missouri,Florida,Tigers,Gators,4,4,6,4,2,1507,Missouri,2135,935,0,Reed Nikko with a defensive rebound.,NA,FALSE,FALSE,NA,NA,NA,NA,NA,NA,0,Florida,Missouri,16
2019-20,2020-01-11,2188498,85,0,1,Missouri,Florida,Tigers,Gators,4,4,6,4,2,1507,Missouri,2128,928,7,Omar Payne blocks a Xavier Pinson dunk.,missed,FALSE,FALSE,Dunk Shot,25,5.25,1137211,Xavier Pinson,NA,0,Missouri,Missouri,17
2019-20,2020-01-11,2188498,89,0,1,Missouri,Florida,Tigers,Gators,4,4,6,4,2,1507,Missouri,2104,904,24,Reed Nikko misses a hook shot from 9 feet out.,missed,FALSE,FALSE,Hook Shot,30,12.25,949170,Reed Nikko,NA,0,Missouri,Missouri,17
2019-20,2020-01-11,2188498,90,0,1,Missouri,Florida,Tigers,Gators,4,4,6,4,2,1407,Florida,2104,904,0,Ques Glover with a defensive rebound.,NA,FALSE,FALSE,NA,NA,NA,NA,NA,NA,0,Missouri,Florida,17
2019-20,2020-01-11,2188498,91,0,1,Missouri,Florida,Tigers,Gators,4,4,6,4,2,1407,Florida,2096,896,8,Ques Glover misses a jump shot from 10 feet out.,missed,FALSE,FALSE,Jump Shot,29.3,14.15,1175344,Ques Glover,NA,0,Florida,Florida,18
2019-20,2020-01-11,2188498,92,0,1,Missouri,Florida,Tigers,Gators,4,4,6,4,2,1507,Missouri,2096,896,0,Javon Pickett with a defensive rebound.,NA,FALSE,FALSE,NA,NA,NA,NA,NA,NA,0,Florida,Missouri,18
2019-20,2020-01-11,2188498,93,0,1,Missouri,Florida,Tigers,Gators,4,4,6,4,2,1507,Missouri,2088,888,8,Xavier Pinson misses a 3-point jump shot from 25 feet out.,missed,FALSE,TRUE,Jump Shot,43.3,22.650000000000006,1137211,Xavier Pinson,NA,0,Missouri,Missouri,19
2019-20,2020-01-11,2188498,94,0,1,Missouri,Florida,Tigers,Gators,4,4,6,4,2,1507,Missouri,2088,888,0,Reed Nikko with an offensive rebound.,NA,FALSE,FALSE,NA,NA,NA,NA,NA,NA,0,Missouri,Missouri,19
2019-20,2020-01-11,2188498,95,0,1,Missouri,Florida,Tigers,Gators,4,4,9,4,5,1507,Missouri,2083,883,5,Mark Smith makes a 3-point jump shot from 24 feet out. Javon Pickett with the assist.,made,FALSE,TRUE,Jump Shot,12.799999999999997,26.450000000000003,1061006,Mark Smith,Javon Pickett,0,Missouri,Florida,19
2019-20,2020-01-11,2188498,97,0,1,Missouri,Florida,Tigers,Gators,4,4,9,4,5,1407,Florida,2054,854,29,Kerry Blackshear Jr. misses a jump shot from 9 feet out.,missed,FALSE,FALSE,Jump Shot,27.5,13.95,893012,Kerry Blackshear Jr.,NA,0,Florida,Florida,20
2019-20,2020-01-11,2188498,98,0,1,Missouri,Florida,Tigers,Gators,4,4,9,4,5,1407,Florida,2054,854,0,Omar Payne with an offensive rebound.,NA,FALSE,FALSE,NA,NA,NA,NA,NA,NA,0,Florida,Florida,20
2019-20,2020-01-11,2188498,99,0,1,Missouri,Florida,Tigers,Gators,4,4,9,4,5,1507,Missouri,2051,851,3,Shooting foul committed by Reed Nikko.,NA,FALSE,FALSE,NA,NA,NA,NA,NA,NA,0,Florida,Florida,20
2019-20,2020-01-11,2188498,100,0,1,Missouri,Florida,Tigers,Gators,4,4,9,4,5,1407,Florida,2051,851,0,Omar Payne misses free throw 1 of 2.,missed,TRUE,FALSE,NA,NA,NA,NA,NA,NA,0,Florida,Florida,20
2019-20,2020-01-11,2188498,102,0,1,Missouri,Florida,Tigers,Gators,4,4,9,5,4,1407,Florida,2051,851,0,Omar Payne makes free throw 2 of 2.,made,TRUE,FALSE,NA,NA,NA,NA,NA,NA,0,Florida,Missouri,20
2019-20,2020-01-11,2188498,104,0,1,Missouri,Florida,Tigers,Gators,4,4,11,5,6,1507,Missouri,2039,839,12,Reed Nikko makes a layup. Xavier Pinson with the assist.,made,FALSE,FALSE,Layup Shot,26,6.25,949170,Reed Nikko,Xavier Pinson,0,Missouri,Florida,21
2019-20,2020-01-11,2188498,105,0,1,Missouri,Florida,Tigers,Gators,4,4,11,5,6,1407,Florida,2007,807,32,Reed Nikko steals the ball from Kerry Blackshear Jr..,NA,FALSE,FALSE,NA,NA,NA,NA,NA,NA,0,Florida,Missouri,22
2019-20,2020-01-11,2188498,106,0,1,Missouri,Florida,Tigers,Gators,4,4,13,5,8,1507,Missouri,2001,801,6,Xavier Pinson dunks.,made,FALSE,FALSE,Dunk Shot,26,6.25,1137211,Xavier Pinson,NA,0,Missouri,Florida,23
2019-20,2020-01-11,2188498,109,0,1,Missouri,Florida,Tigers,Gators,4,3,13,5,8,1407,Florida,1990,790,11,Gators take a 30-second timeout.,NA,FALSE,FALSE,NA,NA,NA,NA,NA,NA,0,NA,NA,NA
2019-20,2020-01-11,2188498,113,0,1,Missouri,Florida,Tigers,Gators,4,3,13,5,8,1407,Florida,1979,779,11,Kerry Blackshear Jr. misses a jump shot from 8 feet out.,missed,FALSE,FALSE,Jump Shot,30.4,11.15,893012,Kerry Blackshear Jr.,NA,0,Florida,Florida,24
2019-20,2020-01-11,2188498,114,0,1,Missouri,Florida,Tigers,Gators,4,3,13,5,8,1407,Florida,1979,779,0,Kerry Blackshear Jr. with an offensive rebound.,NA,FALSE,FALSE,NA,NA,NA,NA,NA,NA,0,Florida,Florida,24
2019-20,2020-01-11,2188498,116,0,1,Missouri,Florida,Tigers,Gators,4,3,13,5,8,1507,Missouri,1975,775,4,Shooting foul committed by Kobe Brown.,NA,FALSE,FALSE,NA,NA,NA,NA,NA,NA,0,Florida,Florida,24
2019-20,2020-01-11,2188498,117,0,1,Missouri,Florida,Tigers,Gators,4,3,13,5,8,1407,Florida,1975,775,0,Kerry Blackshear Jr. misses free throw 1 of 2.,missed,TRUE,FALSE,NA,NA,NA,NA,NA,NA,0,Florida,Florida,24
2019-20,2020-01-11,2188498,119,0,1,Missouri,Florida,Tigers,Gators,4,3,13,6,7,1407,Florida,1975,775,0,Kerry Blackshear Jr. makes free throw 2 of 2.,made,TRUE,FALSE,NA,NA,NA,NA,NA,NA,0,Florida,Missouri,24
2019-20,2020-01-11,2188498,121,0,1,Missouri,Florida,Tigers,Gators,4,3,15,6,9,1507,Missouri,1966,766,9,Reed Nikko dunks. Dru Smith with the assist.,made,FALSE,FALSE,Dunk Shot,26,6.25,949170,Reed Nikko,Dru Smith,0,Missouri,Florida,25
2019-20,2020-01-11,2188498,122,0,1,Missouri,Florida,Tigers,Gators,4,3,15,9,6,1407,Florida,1941,741,25,Kerry Blackshear Jr. makes a 3-point jump shot from 24 feet out. Noah Locke with the assist.,made,FALSE,TRUE,Jump Shot,7.899999999999999,21.85,893012,Kerry Blackshear Jr.,Noah Locke,0,Florida,Missouri,26
2019-20,2020-01-11,2188498,124,0,1,Missouri,Florida,Tigers,Gators,4,3,17,9,8,1507,Missouri,1925,725,16,Xavier Pinson makes a layup.,made,FALSE,FALSE,Layup Shot,26,6.25,1137211,Xavier Pinson,NA,0,Missouri,Missouri,27
2019-20,2020-01-11,2188498,126,0,1,Missouri,Florida,Tigers,Gators,4,3,17,9,8,1407,Florida,1924,724,1,Shooting foul committed by Tre Mann.,NA,FALSE,FALSE,NA,NA,NA,NA,NA,NA,0,Missouri,Missouri,27
2019-20,2020-01-11,2188498,127,0,1,Missouri,Florida,Tigers,Gators,4,3,18,9,9,1507,Missouri,1924,724,0,Xavier Pinson makes free throw 1 of 1.,made,TRUE,FALSE,NA,NA,NA,NA,NA,NA,0,Missouri,Florida,27
2019-20,2020-01-11,2188498,129,0,1,Missouri,Florida,Tigers,Gators,4,3,18,12,6,1407,Florida,1906,706,18,Andrew Nembhard makes a 3-point jump shot from 25 feet out. Kerry Blackshear Jr. with the assist.,made,FALSE,TRUE,Jump Shot,8.399999999999999,23.35,1134158,Andrew Nembhard,Kerry Blackshear Jr.,0,Florida,Missouri,28
2019-20,2020-01-11,2188498,130,0,1,Missouri,Florida,Tigers,Gators,4,3,18,12,6,1507,Missouri,1893,693,13,Dru Smith misses a jump shot from 8 feet out.,missed,FALSE,FALSE,Jump Shot,29.7,11.75,953243,Dru Smith,NA,0,Missouri,Missouri,29
2019-20,2020-01-11,2188498,131,0,1,Missouri,Florida,Tigers,Gators,4,3,18,12,6,1407,Florida,1893,693,0,Andrew Nembhard with a defensive rebound.,NA,FALSE,FALSE,NA,NA,NA,NA,NA,NA,0,Missouri,Florida,29
2019-20,2020-01-11,2188498,132,0,1,Missouri,Florida,Tigers,Gators,4,3,18,12,6,1407,Florida,1886,686,7,Xavier Pinson steals the ball from Andrew Nembhard.,NA,FALSE,FALSE,NA,NA,NA,NA,NA,NA,0,Florida,Missouri,30
2019-20,2020-01-11,2188498,133,0,1,Missouri,Florida,Tigers,Gators,4,3,20,12,8,1507,Missouri,1884,684,2,Dru Smith makes a layup. Xavier Pinson with the assist.,made,FALSE,FALSE,Layup Shot,25,5.25,953243,Dru Smith,Xavier Pinson,0,Missouri,Florida,31
2019-20,2020-01-11,2188498,134,0,1,Missouri,Florida,Tigers,Gators,4,3,20,12,8,1407,Florida,1867,667,17,Omar Payne misses a layup.,missed,FALSE,FALSE,Layup Shot,26,6.25,1175359,Omar Payne,NA,0,Florida,Florida,32
2019-20,2020-01-11,2188498,135,0,1,Missouri,Florida,Tigers,Gators,4,3,20,12,8,1407,Florida,1867,667,0,Omar Payne with an offensive rebound.,NA,FALSE,FALSE,NA,NA,NA,NA,NA,NA,0,Florida,Florida,32
2019-20,2020-01-11,2188498,137,0,1,Missouri,Florida,Tigers,Gators,4,3,20,12,8,1407,Florida,1862,662,5,Omar Payne misses a jump shot from 4 feet out.,missed,FALSE,FALSE,Jump Shot,28.1,8.05,1175359,Omar Payne,NA,0,Florida,Florida,32
2019-20,2020-01-11,2188498,138,0,1,Missouri,Florida,Tigers,Gators,4,3,20,12,8,1407,Florida,1862,662,0,Kerry Blackshear Jr. with an offensive rebound.,NA,FALSE,FALSE,NA,NA,NA,NA,NA,NA,0,Florida,Florida,32
2019-20,2020-01-11,2188498,139,0,1,Missouri,Florida,Tigers,Gators,4,3,20,12,8,1407,Florida,1862,662,0,Kerry Blackshear Jr. misses a tip shot from 4 feet out.,missed,FALSE,FALSE,Tip Shot,23.4,8.35,893012,Kerry Blackshear Jr.,NA,0,Florida,Florida,32
2019-20,2020-01-11,2188498,140,0,1,Missouri,Florida,Tigers,Gators,4,3,20,12,8,1407,Florida,1862,662,0,Scottie Lewis with an offensive rebound.,NA,FALSE,FALSE,NA,NA,NA,NA,NA,NA,0,Florida,Florida,32
2019-20,2020-01-11,2188498,141,0,1,Missouri,Florida,Tigers,Gators,4,3,20,12,8,1507,Missouri,1862,662,0,Shooting foul committed by Xavier Pinson.,NA,FALSE,FALSE,NA,NA,NA,NA,NA,NA,0,Florida,Florida,32
2019-20,2020-01-11,2188498,142,0,1,Missouri,Florida,Tigers,Gators,4,3,20,12,8,NA,NA,1862,662,0,Official TV timeout.,NA,FALSE,FALSE,NA,NA,NA,NA,NA,NA,0,NA,NA,NA
2019-20,2020-01-11,2188498,144,0,1,Missouri,Florida,Tigers,Gators,4,3,20,13,7,1407,Florida,1861,661,1,Scottie Lewis makes free throw 1 of 2.,made,TRUE,FALSE,NA,NA,NA,NA,NA,NA,0,Florida,Florida,32
2019-20,2020-01-11,2188498,145,0,1,Missouri,Florida,Tigers,Gators,4,3,20,14,6,1407,Florida,1861,661,0,Scottie Lewis makes free throw 2 of 2.,made,TRUE,FALSE,NA,NA,NA,NA,NA,NA,0,Florida,Missouri,32
2019-20,2020-01-11,2188498,149,0,1,Missouri,Florida,Tigers,Gators,4,3,20,14,6,1407,Florida,1847,647,14,Shooting foul committed by Kerry Blackshear Jr..,NA,FALSE,FALSE,NA,NA,NA,NA,NA,NA,0,Missouri,Missouri,33
2019-20,2020-01-11,2188498,150,0,1,Missouri,Florida,Tigers,Gators,4,3,21,14,7,1507,Missouri,1847,647,0,Kobe Brown makes free throw 1 of 2.,made,TRUE,FALSE,NA,NA,NA,NA,NA,NA,0,Missouri,Missouri,33
2019-20,2020-01-11,2188498,151,0,1,Missouri,Florida,Tigers,Gators,4,3,22,14,8,1507,Missouri,1847,647,0,Kobe Brown makes free throw 2 of 2.,made,TRUE,FALSE,NA,NA,NA,NA,NA,NA,0,Missouri,Florida,33
2019-20,2020-01-11,2188498,156,0,1,Missouri,Florida,Tigers,Gators,4,3,22,14,8,1407,Florida,1830,630,17,Andrew Nembhard with a turnover - Traveling,NA,FALSE,FALSE,NA,NA,NA,NA,NA,NA,0,Florida,Missouri,34
2019-20,2020-01-11,2188498,158,0,1,Missouri,Florida,Tigers,Gators,4,3,22,14,8,1507,Missouri,1810,610,20,Mark Smith misses a layup.,missed,FALSE,FALSE,Layup Shot,26,6.25,1061006,Mark Smith,NA,0,Missouri,Missouri,35
2019-20,2020-01-11,2188498,159,0,1,Missouri,Florida,Tigers,Gators,4,3,22,14,8,1407,Florida,1810,610,0,Noah Locke with a defensive rebound.,NA,FALSE,FALSE,NA,NA,NA,NA,NA,NA,0,Missouri,Florida,35
2019-20,2020-01-11,2188498,160,0,1,Missouri,Florida,Tigers,Gators,4,3,22,16,6,1407,Florida,1801,601,9,Kerry Blackshear Jr. dunks. Noah Locke with the assist.,made,FALSE,FALSE,Dunk Shot,25,5.25,893012,Kerry Blackshear Jr.,Noah Locke,0,Florida,Missouri,36
2019-20,2020-01-11,2188498,161,0,1,Missouri,Florida,Tigers,Gators,4,3,25,16,9,1507,Missouri,1785,585,16,Kobe Brown makes a 3-point jump shot from 26 feet out.,made,FALSE,TRUE,Jump Shot,19.3,30.65,1176611,Kobe Brown,NA,0,Missouri,Florida,37
2019-20,2020-01-11,2188498,163,0,1,Missouri,Florida,Tigers,Gators,4,3,25,18,7,1407,Florida,1763,563,22,Jason Jitoboh makes a layup. Kerry Blackshear Jr. with the assist.,made,FALSE,FALSE,Layup Shot,26,6.25,1175350,Jason Jitoboh,Kerry Blackshear Jr.,0,Florida,Missouri,38
2019-20,2020-01-11,2188498,164,0,1,Missouri,Florida,Tigers,Gators,4,3,27,18,9,1507,Missouri,1744,544,19,Kobe Brown makes a layup.,made,FALSE,FALSE,Layup Shot,25,5.25,1176611,Kobe Brown,NA,0,Missouri,Florida,39
2019-20,2020-01-11,2188498,165,0,1,Missouri,Florida,Tigers,Gators,4,3,27,18,9,1407,Florida,1716,516,28,Dru Smith steals the ball from Andrew Nembhard.,NA,FALSE,FALSE,NA,NA,NA,NA,NA,NA,0,Florida,Missouri,40
2019-20,2020-01-11,2188498,166,0,1,Missouri,Florida,Tigers,Gators,4,3,27,18,9,1507,Missouri,1709,509,7,Scottie Lewis blocks a Dru Smith dunk.,missed,FALSE,FALSE,Dunk Shot,26,6.25,953243,Dru Smith,NA,0,Missouri,Missouri,41
2019-20,2020-01-11,2188498,167,0,1,Missouri,Florida,Tigers,Gators,4,3,27,18,9,1507,Missouri,1709,509,0,Javon Pickett with an offensive rebound.,NA,FALSE,FALSE,NA,NA,NA,NA,NA,NA,0,Missouri,Missouri,41
2019-20,2020-01-11,2188498,168,0,1,Missouri,Florida,Tigers,Gators,4,3,29,18,11,1507,Missouri,1702,502,7,Javon Pickett makes a layup.,made,FALSE,FALSE,Layup Shot,26,6.25,1137212,Javon Pickett,NA,0,Missouri,Florida,41
2019-20,2020-01-11,2188498,169,0,1,Missouri,Florida,Tigers,Gators,4,3,29,18,11,1407,Florida,1689,489,13,Jason Jitoboh misses a hook shot from 9 feet out.,missed,FALSE,FALSE,Hook Shot,30.4,12.65,1175350,Jason Jitoboh,NA,0,Florida,Florida,42
2019-20,2020-01-11,2188498,170,0,1,Missouri,Florida,Tigers,Gators,4,3,29,18,11,1507,Missouri,1689,489,0,Dru Smith with a defensive rebound.,NA,FALSE,FALSE,NA,NA,NA,NA,NA,NA,0,Florida,Missouri,42
2019-20,2020-01-11,2188498,171,0,1,Missouri,Florida,Tigers,Gators,4,3,29,18,11,1507,Missouri,1673,473,16,Mark Smith misses a 3-point jump shot from 26 feet out.,missed,FALSE,TRUE,Jump Shot,11.299999999999997,27.950000000000003,1061006,Mark Smith,NA,0,Missouri,Missouri,43
2019-20,2020-01-11,2188498,172,0,1,Missouri,Florida,Tigers,Gators,4,3,29,18,11,1407,Florida,1673,473,0,Scottie Lewis with a defensive rebound.,NA,FALSE,FALSE,NA,NA,NA,NA,NA,NA,0,Missouri,Florida,43
2019-20,2020-01-11,2188498,173,0,1,Missouri,Florida,Tigers,Gators,4,3,29,18,11,1407,Florida,1652,452,21,Kerry Blackshear Jr. misses a 3-point jump shot from 25 feet out.,missed,FALSE,TRUE,Jump Shot,8.100000000000001,23.85,893012,Kerry Blackshear Jr.,NA,0,Florida,Florida,44
2019-20,2020-01-11,2188498,174,0,1,Missouri,Florida,Tigers,Gators,4,3,29,18,11,1507,Missouri,1652,452,0,Mark Smith with a defensive rebound.,NA,FALSE,FALSE,NA,NA,NA,NA,NA,NA,0,Florida,Missouri,44
2019-20,2020-01-11,2188498,175,0,1,Missouri,Florida,Tigers,Gators,4,3,31,18,13,1507,Missouri,1633,433,19,Dru Smith makes a layup.,made,FALSE,FALSE,Layup Shot,26,6.25,953243,Dru Smith,NA,0,Missouri,Florida,45
2019-20,2020-01-11,2188498,177,0,1,Missouri,Florida,Tigers,Gators,4,3,31,18,13,1507,Missouri,1612,412,21,Shooting foul committed by Axel Okongo.,NA,FALSE,FALSE,NA,NA,NA,NA,NA,NA,0,Florida,Florida,46
2019-20,2020-01-11,2188498,178,0,1,Missouri,Florida,Tigers,Gators,4,3,31,18,13,NA,NA,1612,412,0,Official TV timeout.,NA,FALSE,FALSE,NA,NA,NA,NA,NA,NA,0,NA,NA,NA
2019-20,2020-01-11,2188498,179,0,1,Missouri,Florida,Tigers,Gators,4,3,31,19,12,1407,Florida,1612,412,0,Kerry Blackshear Jr. makes free throw 1 of 2.,made,TRUE,FALSE,NA,NA,NA,NA,NA,NA,0,Florida,Florida,46
2019-20,2020-01-11,2188498,180,0,1,Missouri,Florida,Tigers,Gators,4,3,31,20,11,1407,Florida,1612,412,0,Kerry Blackshear Jr. makes free throw 2 of 2.,made,TRUE,FALSE,NA,NA,NA,NA,NA,NA,0,Florida,Missouri,46
2019-20,2020-01-11,2188498,182,0,1,Missouri,Florida,Tigers,Gators,4,3,34,20,14,1507,Missouri,1601,401,11,Xavier Pinson makes a 3-point jump shot from 25 feet out. Reed Nikko with the assist.,made,FALSE,TRUE,Jump Shot,11.799999999999997,26.049999999999997,1137211,Xavier Pinson,Reed Nikko,0,Missouri,Florida,47
2019-20,2020-01-11,2188498,185,0,1,Missouri,Florida,Tigers,Gators,4,3,34,20,14,1507,Missouri,1585,385,16,Personal foul committed by Xavier Pinson.,NA,FALSE,FALSE,NA,NA,NA,NA,NA,NA,0,Florida,Florida,48
2019-20,2020-01-11,2188498,186,0,1,Missouri,Florida,Tigers,Gators,4,3,34,20,14,1407,Florida,1585,385,0,Ques Glover misses free throw 1st of 1-and-1.,missed,TRUE,FALSE,NA,NA,NA,NA,NA,NA,0,Florida,Florida,48
2019-20,2020-01-11,2188498,193,0,1,Missouri,Florida,Tigers,Gators,4,3,34,20,14,1407,Florida,1581,381,4,Offensive foul committed by Omar Payne.,NA,FALSE,FALSE,NA,NA,NA,NA,NA,NA,0,Florida,Florida,48
2019-20,2020-01-11,2188498,194,0,1,Missouri,Florida,Tigers,Gators,4,3,34,20,14,1407,Florida,1581,381,0,Omar Payne with a turnover,NA,FALSE,FALSE,NA,NA,NA,NA,NA,NA,0,Florida,Missouri,48
2019-20,2020-01-11,2188498,201,0,1,Missouri,Florida,Tigers,Gators,4,3,34,20,14,1407,Florida,1559,359,22,Shooting foul committed by Omar Payne.,NA,FALSE,FALSE,NA,NA,NA,NA,NA,NA,0,Missouri,Missouri,49
2019-20,2020-01-11,2188498,202,0,1,Missouri,Florida,Tigers,Gators,4,3,35,20,15,1507,Missouri,1559,359,0,Reed Nikko makes free throw 1 of 2.,made,TRUE,FALSE,NA,NA,NA,NA,NA,NA,0,Missouri,Missouri,49
2019-20,2020-01-11,2188498,203,0,1,Missouri,Florida,Tigers,Gators,4,3,35,20,15,1507,Missouri,1559,359,0,Reed Nikko misses free throw 2 of 2.,missed,TRUE,FALSE,NA,NA,NA,NA,NA,NA,0,Missouri,Missouri,49
2019-20,2020-01-11,2188498,204,0,1,Missouri,Florida,Tigers,Gators,4,3,35,20,15,1407,Florida,1559,359,0,Keyontae Johnson with a defensive rebound.,NA,FALSE,FALSE,NA,NA,NA,NA,NA,NA,0,Missouri,Florida,49
2019-20,2020-01-11,2188498,207,0,1,Missouri,Florida,Tigers,Gators,4,3,35,23,12,1407,Florida,1541,341,18,Noah Locke makes a 3-point jump shot from 28 feet out. Tre Mann with the assist.,made,FALSE,TRUE,Jump Shot,39.4,28.75,1134159,Noah Locke,Tre Mann,0,Florida,Missouri,50
2019-20,2020-01-11,2188498,208,0,1,Missouri,Florida,Tigers,Gators,4,3,38,23,15,1507,Missouri,1514,314,27,Javon Pickett makes a 3-point jump shot from 24 feet out. Torrence Watson with the assist.,made,FALSE,TRUE,Jump Shot,3,15.150000000000006,1137212,Javon Pickett,Torrence Watson,0,Missouri,Florida,51
2019-20,2020-01-11,2188498,209,0,1,Missouri,Florida,Tigers,Gators,4,3,38,23,15,1407,Florida,1490,290,24,Dru Smith steals the ball from Ques Glover.,NA,FALSE,FALSE,NA,NA,NA,NA,NA,NA,0,Florida,Missouri,52
2019-20,2020-01-11,2188498,210,0,1,Missouri,Florida,Tigers,Gators,4,3,40,23,17,1507,Missouri,1486,286,4,Dru Smith makes a layup.,made,FALSE,FALSE,Layup Shot,26,6.25,953243,Dru Smith,NA,0,Missouri,Florida,53
2019-20,2020-01-11,2188498,213,0,1,Missouri,Florida,Tigers,Gators,4,3,40,23,17,1507,Missouri,1464,264,22,Personal foul committed by Reed Nikko.,NA,FALSE,FALSE,NA,NA,NA,NA,NA,NA,0,Florida,Florida,54
2019-20,2020-01-11,2188498,214,0,1,Missouri,Florida,Tigers,Gators,4,3,40,24,16,1407,Florida,1464,264,0,Ques Glover makes free throw 1st of 1-and-1.,made,TRUE,FALSE,NA,NA,NA,NA,NA,NA,0,Florida,Florida,54
2019-20,2020-01-11,2188498,215,0,1,Missouri,Florida,Tigers,Gators,4,3,40,25,15,1407,Florida,1464,264,0,Ques Glover makes free throw 2nd of 1-and-1.,made,TRUE,FALSE,NA,NA,NA,NA,NA,NA,0,Florida,Missouri,54
2019-20,2020-01-11,2188498,217,0,1,Missouri,Florida,Tigers,Gators,4,3,42,25,17,1507,Missouri,1447,247,17,Mark Smith dunks. Kobe Brown with the assist.,made,FALSE,FALSE,Dunk Shot,25,5.25,1061006,Mark Smith,Kobe Brown,0,Missouri,Florida,55
2019-20,2020-01-11,2188498,219,0,1,Missouri,Florida,Tigers,Gators,4,3,42,25,17,1507,Missouri,1427,227,20,Personal foul committed by Javon Pickett.,NA,FALSE,FALSE,NA,NA,NA,NA,NA,NA,0,Florida,Florida,56
2019-20,2020-01-11,2188498,220,0,1,Missouri,Florida,Tigers,Gators,4,3,42,25,17,NA,NA,1427,227,0,Official TV timeout.,NA,FALSE,FALSE,NA,NA,NA,NA,NA,NA,0,NA,NA,NA
2019-20,2020-01-11,2188498,221,0,1,Missouri,Florida,Tigers,Gators,4,3,42,26,16,1407,Florida,1427,227,0,Scottie Lewis makes free throw 1 of 2.,made,TRUE,FALSE,NA,NA,NA,NA,NA,NA,0,Florida,Florida,56
2019-20,2020-01-11,2188498,222,0,1,Missouri,Florida,Tigers,Gators,4,3,42,27,15,1407,Florida,1427,227,0,Scottie Lewis makes free throw 2 of 2.,made,TRUE,FALSE,NA,NA,NA,NA,NA,NA,0,Florida,Missouri,56
2019-20,2020-01-11,2188498,224,0,1,Missouri,Florida,Tigers,Gators,4,3,45,27,18,1507,Missouri,1406,206,21,Dru Smith makes a 3-point jump shot from 25 feet out. Kobe Brown with the assist.,made,FALSE,TRUE,Jump Shot,7.899999999999999,24.049999999999997,953243,Dru Smith,Kobe Brown,0,Missouri,Florida,57
2019-20,2020-01-11,2188498,225,0,1,Missouri,Florida,Tigers,Gators,4,3,45,27,18,1407,Florida,1381,181,25,Scottie Lewis misses a 3-point jump shot from 23 feet out.,missed,FALSE,TRUE,Jump Shot,2.5,6.55,1175355,Scottie Lewis,NA,0,Florida,Florida,58
2019-20,2020-01-11,2188498,226,0,1,Missouri,Florida,Tigers,Gators,4,3,45,27,18,1507,Missouri,1381,181,0,Javon Pickett with a defensive rebound.,NA,FALSE,FALSE,NA,NA,NA,NA,NA,NA,0,Florida,Missouri,58
2019-20,2020-01-11,2188498,227,0,1,Missouri,Florida,Tigers,Gators,4,3,45,27,18,1507,Missouri,1353,153,28,Keyontae Johnson blocks a Mark Smith layup.,missed,FALSE,FALSE,Layup Shot,25,5.25,1061006,Mark Smith,NA,0,Missouri,Missouri,59
2019-20,2020-01-11,2188498,228,0,1,Missouri,Florida,Tigers,Gators,4,3,45,27,18,1407,Florida,1353,153,0,Kerry Blackshear Jr. with a defensive rebound.,NA,FALSE,FALSE,NA,NA,NA,NA,NA,NA,0,Missouri,Florida,59
2019-20,2020-01-11,2188498,229,0,1,Missouri,Florida,Tigers,Gators,4,3,45,30,15,1407,Florida,1350,150,3,Noah Locke makes a 3-point jump shot from 25 feet out. Andrew Nembhard with the assist.,made,FALSE,TRUE,Jump Shot,25.3,30.35,1134159,Noah Locke,Andrew Nembhard,0,Florida,Missouri,60
2019-20,2020-01-11,2188498,231,0,1,Missouri,Florida,Tigers,Gators,4,3,45,30,15,1507,Missouri,1333,133,17,Andrew Nembhard steals the ball from Parker Braun.,NA,FALSE,FALSE,NA,NA,NA,NA,NA,NA,0,Missouri,Florida,61
2019-20,2020-01-11,2188498,233,0,1,Missouri,Florida,Tigers,Gators,4,3,45,30,15,1507,Missouri,1331,131,2,Personal foul committed by Mark Smith.,NA,FALSE,FALSE,NA,NA,NA,NA,NA,NA,0,Florida,Florida,62
2019-20,2020-01-11,2188498,234,0,1,Missouri,Florida,Tigers,Gators,4,3,45,31,14,1407,Florida,1331,131,0,Andrew Nembhard makes free throw 1 of 2.,made,TRUE,FALSE,NA,NA,NA,NA,NA,NA,0,Florida,Florida,62
2019-20,2020-01-11,2188498,235,0,1,Missouri,Florida,Tigers,Gators,4,3,45,31,14,1407,Florida,1331,131,0,Andrew Nembhard misses free throw 2 of 2.,missed,TRUE,FALSE,NA,NA,NA,NA,NA,NA,0,Florida,Florida,62
2019-20,2020-01-11,2188498,236,0,1,Missouri,Florida,Tigers,Gators,4,3,45,31,14,1507,Missouri,1331,131,0,Kobe Brown with a defensive rebound.,NA,FALSE,FALSE,NA,NA,NA,NA,NA,NA,0,Florida,Missouri,62
2019-20,2020-01-11,2188498,239,0,1,Missouri,Florida,Tigers,Gators,4,3,45,31,14,1507,Missouri,1299,99,32,Keyontae Johnson blocks a Kobe Brown layup.,missed,FALSE,FALSE,Layup Shot,25,5.25,1176611,Kobe Brown,NA,0,Missouri,Missouri,63
2019-20,2020-01-11,2188498,240,0,1,Missouri,Florida,Tigers,Gators,4,3,45,31,14,1407,Florida,1299,99,0,Keyontae Johnson with a defensive rebound.,NA,FALSE,FALSE,NA,NA,NA,NA,NA,NA,0,Missouri,Florida,63
2019-20,2020-01-11,2188498,241,0,1,Missouri,Florida,Tigers,Gators,4,3,45,34,11,1407,Florida,1294,94,5,Scottie Lewis makes a 3-point jump shot from 25 feet out. Andrew Nembhard with the assist.,made,FALSE,TRUE,Jump Shot,38.5,25.75,1175355,Scottie Lewis,Andrew Nembhard,0,Florida,Missouri,64
2019-20,2020-01-11,2188498,242,0,1,Missouri,Florida,Tigers,Gators,4,3,48,34,14,1507,Missouri,1265,65,29,Dru Smith makes a 3-point jump shot from 26 feet out.,made,FALSE,TRUE,Jump Shot,36.5,28.950000000000003,953243,Dru Smith,NA,0,Missouri,Florida,65
2019-20,2020-01-11,2188498,243,0,1,Missouri,Florida,Tigers,Gators,4,3,48,34,14,1407,Florida,1249,49,16,Kerry Blackshear Jr. misses a jump shot from 18 feet out.,missed,FALSE,FALSE,Jump Shot,19.5,22.65,893012,Kerry Blackshear Jr.,NA,0,Florida,Florida,66
2019-20,2020-01-11,2188498,244,0,1,Missouri,Florida,Tigers,Gators,4,3,48,34,14,1507,Missouri,1249,49,0,Mark Smith with a defensive rebound.,NA,FALSE,FALSE,NA,NA,NA,NA,NA,NA,0,Florida,Missouri,66
2019-20,2020-01-11,2188498,254,0,1,Missouri,Florida,Tigers,Gators,4,3,51,34,17,1507,Missouri,1217,17,32,Mark Smith makes a 3-point jump shot from 24 feet out. Dru Smith with the assist.,made,FALSE,TRUE,Jump Shot,14.399999999999999,26.950000000000003,1061006,Mark Smith,Dru Smith,0,Missouri,Florida,67
2019-20,2020-01-11,2188498,263,0,1,Missouri,Florida,Tigers,Gators,4,3,51,34,17,1507,Missouri,1201,1,16,Shooting foul committed by Axel Okongo.,NA,FALSE,FALSE,NA,NA,NA,NA,NA,NA,0,Florida,Florida,68
2019-20,2020-01-11,2188498,264,0,1,Missouri,Florida,Tigers,Gators,4,3,51,35,16,1407,Florida,1201,1,0,Andrew Nembhard makes free throw 1 of 2.,made,TRUE,FALSE,NA,NA,NA,NA,NA,NA,0,Florida,Florida,68
2019-20,2020-01-11,2188498,265,0,1,Missouri,Florida,Tigers,Gators,4,3,51,36,15,1407,Florida,1201,1,0,Andrew Nembhard makes free throw 2 of 2.,made,TRUE,FALSE,NA,NA,NA,NA,NA,NA,0,Florida,Missouri,68
2019-20,2020-01-11,2188498,267,0,1,Missouri,Florida,Tigers,Gators,4,3,51,36,15,NA,NA,1200,0,1,End of the 1st Half,NA,FALSE,FALSE,NA,NA,NA,NA,NA,NA,0,NA,NA,NA
2019-20,2020-01-11,2188498,268,0,2,Missouri,Florida,Tigers,Gators,4,4,51,36,15,NA,NA,1200,1200,0,Start of the 2nd Half,NA,FALSE,FALSE,NA,NA,NA,NA,NA,NA,0,NA,Missouri,69
2019-20,2020-01-11,2188498,275,0,2,Missouri,Florida,Tigers,Gators,4,4,54,36,18,1507,Missouri,1173,1173,27,Mitchell Smith makes a 3-point jump shot from 22 feet out. Kobe Brown with the assist.,made,FALSE,TRUE,Jump Shot,3.1000000000000014,7.150000000000006,949168,Mitchell Smith,Kobe Brown,0,Missouri,Florida,70
2019-20,2020-01-11,2188498,278,0,2,Missouri,Florida,Tigers,Gators,4,3,54,36,18,1407,Florida,1160,1160,13,Gators take a 30-second timeout.,NA,FALSE,FALSE,NA,NA,NA,NA,NA,NA,0,NA,NA,NA
2019-20,2020-01-11,2188498,280,0,2,Missouri,Florida,Tigers,Gators,4,3,54,39,15,1407,Florida,1152,1152,8,Kerry Blackshear Jr. makes a 3-point jump shot from 24 feet out. Andrew Nembhard with the assist.,made,FALSE,TRUE,Jump Shot,24.4,29.15,893012,Kerry Blackshear Jr.,Andrew Nembhard,0,Florida,Missouri,71
2019-20,2020-01-11,2188498,282,0,2,Missouri,Florida,Tigers,Gators,4,3,54,39,15,1507,Missouri,1135,1135,17,Offensive foul committed by Reed Nikko.,NA,FALSE,FALSE,NA,NA,NA,NA,NA,NA,0,Missouri,Missouri,72
2019-20,2020-01-11,2188498,283,0,2,Missouri,Florida,Tigers,Gators,4,3,54,39,15,1507,Missouri,1135,1135,0,Reed Nikko with a turnover,NA,FALSE,FALSE,NA,NA,NA,NA,NA,NA,0,Missouri,Florida,72
2019-20,2020-01-11,2188498,285,0,2,Missouri,Florida,Tigers,Gators,4,3,54,41,13,1407,Florida,1120,1120,15,Andrew Nembhard makes a layup.,made,FALSE,FALSE,Layup Shot,26,6.25,1134158,Andrew Nembhard,NA,0,Florida,Missouri,73
2019-20,2020-01-11,2188498,286,0,2,Missouri,Florida,Tigers,Gators,4,3,54,41,13,1507,Missouri,1093,1093,27,Mark Smith misses a layup.,missed,FALSE,FALSE,Layup Shot,26,6.25,1061006,Mark Smith,NA,0,Missouri,Missouri,74
2019-20,2020-01-11,2188498,287,0,2,Missouri,Florida,Tigers,Gators,4,3,54,41,13,1507,Missouri,1093,1093,0,Kobe Brown with an offensive rebound.,NA,FALSE,FALSE,NA,NA,NA,NA,NA,NA,0,Missouri,Missouri,74
2019-20,2020-01-11,2188498,288,0,2,Missouri,Florida,Tigers,Gators,4,3,56,41,15,1507,Missouri,1088,1088,5,Kobe Brown makes a layup.,made,FALSE,FALSE,Layup Shot,25,5.25,1176611,Kobe Brown,NA,0,Missouri,Florida,74
2019-20,2020-01-11,2188498,290,0,2,Missouri,Florida,Tigers,Gators,4,3,56,41,15,1407,Florida,1065,1065,23,Ques Glover misses a layup.,missed,FALSE,FALSE,Layup Shot,25,5.25,1175344,Ques Glover,NA,0,Florida,Florida,75
2019-20,2020-01-11,2188498,294,0,2,Missouri,Florida,Tigers,Gators,4,3,56,44,12,1407,Florida,1053,1053,12,Noah Locke makes a 3-point jump shot from 25 feet out. Ques Glover with the assist.,made,FALSE,TRUE,Jump Shot,41.8,24.35,1134159,Noah Locke,Ques Glover,0,Florida,Missouri,75
2019-20,2020-01-11,2188498,296,0,2,Missouri,Florida,Tigers,Gators,4,3,56,44,12,1407,Florida,1032,1032,21,Shooting foul committed by Noah Locke.,NA,FALSE,FALSE,NA,NA,NA,NA,NA,NA,0,Missouri,Missouri,76
2019-20,2020-01-11,2188498,297,0,2,Missouri,Florida,Tigers,Gators,4,3,57,44,13,1507,Missouri,1032,1032,0,Mark Smith makes free throw 1 of 2.,made,TRUE,FALSE,NA,NA,NA,NA,NA,NA,0,Missouri,Missouri,76
2019-20,2020-01-11,2188498,298,0,2,Missouri,Florida,Tigers,Gators,4,3,58,44,14,1507,Missouri,1032,1032,0,Mark Smith makes free throw 2 of 2.,made,TRUE,FALSE,NA,NA,NA,NA,NA,NA,0,Missouri,Florida,76
2019-20,2020-01-11,2188498,304,0,2,Missouri,Florida,Tigers,Gators,4,3,58,44,14,1407,Florida,1009,1009,23,Xavier Pinson steals the ball from Scottie Lewis.,NA,FALSE,FALSE,NA,NA,NA,NA,NA,NA,0,Florida,Missouri,77
2019-20,2020-01-11,2188498,306,0,2,Missouri,Florida,Tigers,Gators,4,3,58,44,14,1507,Missouri,1004,1004,5,Xavier Pinson misses a layup.,missed,FALSE,FALSE,Layup Shot,25,5.25,1137211,Xavier Pinson,NA,0,Missouri,Missouri,78
2019-20,2020-01-11,2188498,307,0,2,Missouri,Florida,Tigers,Gators,4,3,58,44,14,1407,Florida,1004,1004,0,Scottie Lewis with a defensive rebound.,NA,FALSE,FALSE,NA,NA,NA,NA,NA,NA,0,Missouri,Florida,78
2019-20,2020-01-11,2188498,309,0,2,Missouri,Florida,Tigers,Gators,4,3,58,44,14,1507,Missouri,1000,1000,4,Personal foul committed by Javon Pickett.,NA,FALSE,FALSE,NA,NA,NA,NA,NA,NA,0,Florida,Florida,79
2019-20,2020-01-11,2188498,311,0,2,Missouri,Florida,Tigers,Gators,4,3,58,44,14,1407,Florida,994,994,6,Mitchell Smith steals the ball from Andrew Nembhard.,NA,FALSE,FALSE,NA,NA,NA,NA,NA,NA,0,Florida,Missouri,79
2019-20,2020-01-11,2188498,312,0,2,Missouri,Florida,Tigers,Gators,4,3,60,44,16,1507,Missouri,989,989,5,Javon Pickett makes a layup. Xavier Pinson with the assist.,made,FALSE,FALSE,Layup Shot,25,5.25,1137212,Javon Pickett,Xavier Pinson,0,Missouri,Florida,80
2019-20,2020-01-11,2188498,313,0,2,Missouri,Florida,Tigers,Gators,4,3,60,47,13,1407,Florida,966,966,23,Noah Locke makes a 3-point jump shot from 27 feet out. Scottie Lewis with the assist.,made,FALSE,TRUE,Jump Shot,34.6,30.35,1134159,Noah Locke,Scottie Lewis,0,Florida,Missouri,81
2019-20,2020-01-11,2188498,316,0,2,Missouri,Florida,Tigers,Gators,4,3,60,47,13,1407,Florida,948,948,18,Personal foul committed by Ques Glover.,NA,FALSE,FALSE,NA,NA,NA,NA,NA,NA,0,Missouri,Missouri,82
2019-20,2020-01-11,2188498,317,0,2,Missouri,Florida,Tigers,Gators,4,3,60,47,13,NA,NA,948,948,0,Official TV timeout.,NA,FALSE,FALSE,NA,NA,NA,NA,NA,NA,0,NA,NA,NA
2019-20,2020-01-11,2188498,320,0,2,Missouri,Florida,Tigers,Gators,4,3,60,47,13,1507,Missouri,941,941,7,Dru Smith misses a 3-point jump shot from 23 feet out.,missed,FALSE,TRUE,Jump Shot,1.7999999999999972,5.150000000000006,953243,Dru Smith,NA,0,Missouri,Missouri,82
2019-20,2020-01-11,2188498,321,0,2,Missouri,Florida,Tigers,Gators,4,3,60,47,13,1407,Florida,941,941,0,Ques Glover with a defensive rebound.,NA,FALSE,FALSE,NA,NA,NA,NA,NA,NA,0,Missouri,Florida,82
2019-20,2020-01-11,2188498,323,0,2,Missouri,Florida,Tigers,Gators,4,3,60,47,13,1507,Missouri,924,924,17,Personal foul committed by Javon Pickett.,NA,FALSE,FALSE,NA,NA,NA,NA,NA,NA,0,Florida,Florida,83
2019-20,2020-01-11,2188498,325,0,2,Missouri,Florida,Tigers,Gators,4,3,60,47,13,1407,Florida,922,922,2,Keyontae Johnson misses a jump shot from 17 feet out.,missed,FALSE,FALSE,Jump Shot,25.1,21.85,1134160,Keyontae Johnson,NA,0,Florida,Florida,83
2019-20,2020-01-11,2188498,326,0,2,Missouri,Florida,Tigers,Gators,4,3,60,47,13,1507,Missouri,922,922,0,Dru Smith with a defensive rebound.,NA,FALSE,FALSE,NA,NA,NA,NA,NA,NA,0,Florida,Missouri,83
2019-20,2020-01-11,2188498,328,0,2,Missouri,Florida,Tigers,Gators,4,3,60,47,13,1507,Missouri,912,912,10,Offensive foul committed by Dru Smith.,NA,FALSE,FALSE,NA,NA,NA,NA,NA,NA,0,Missouri,Missouri,84
2019-20,2020-01-11,2188498,329,0,2,Missouri,Florida,Tigers,Gators,4,3,60,47,13,1507,Missouri,912,912,0,Dru Smith with a turnover,NA,FALSE,FALSE,NA,NA,NA,NA,NA,NA,0,Missouri,Florida,84
2019-20,2020-01-11,2188498,334,0,2,Missouri,Florida,Tigers,Gators,4,3,60,47,13,1507,Missouri,903,903,9,Personal foul committed by Xavier Pinson.,NA,FALSE,FALSE,NA,NA,NA,NA,NA,NA,0,Florida,Florida,85
2019-20,2020-01-11,2188498,336,0,2,Missouri,Florida,Tigers,Gators,4,3,60,50,10,1407,Florida,891,891,12,Tre Mann makes a 3-point jump shot from 23 feet out. Keyontae Johnson with the assist.,made,FALSE,TRUE,Jump Shot,47.4,8.55,1175356,Tre Mann,Keyontae Johnson,0,Florida,Missouri,85
2019-20,2020-01-11,2188498,337,0,2,Missouri,Florida,Tigers,Gators,4,3,63,50,13,1507,Missouri,864,864,27,Mitchell Smith makes a 3-point jump shot from 24 feet out. Javon Pickett with the assist.,made,FALSE,TRUE,Jump Shot,5.5,19.650000000000006,949168,Mitchell Smith,Javon Pickett,0,Missouri,Florida,86
2019-20,2020-01-11,2188498,340,0,2,Missouri,Florida,Tigers,Gators,4,3,63,50,13,1507,Missouri,843,843,21,Shooting foul committed by Xavier Pinson.,NA,FALSE,FALSE,NA,NA,NA,NA,NA,NA,0,Florida,Florida,87
2019-20,2020-01-11,2188498,342,0,2,Missouri,Florida,Tigers,Gators,4,3,63,50,13,1407,Florida,832,832,11,Dru Smith blocks a Ques Glover layup.,missed,FALSE,FALSE,Layup Shot,25,5.25,1175344,Ques Glover,NA,0,Florida,Florida,87
2019-20,2020-01-11,2188498,343,0,2,Missouri,Florida,Tigers,Gators,4,3,63,50,13,1507,Missouri,832,832,0,Mitchell Smith with a defensive rebound.,NA,FALSE,FALSE,NA,NA,NA,NA,NA,NA,0,Florida,Missouri,87
2019-20,2020-01-11,2188498,347,0,2,Missouri,Florida,Tigers,Gators,4,3,63,50,13,1507,Missouri,816,816,16,Javon Pickett misses a jump shot from 9 feet out.,missed,FALSE,FALSE,Jump Shot,33.6,8.75,1137212,Javon Pickett,NA,0,Missouri,Missouri,88
2019-20,2020-01-11,2188498,348,0,2,Missouri,Florida,Tigers,Gators,4,3,63,50,13,1407,Florida,816,816,0,Keyontae Johnson with a defensive rebound.,NA,FALSE,FALSE,NA,NA,NA,NA,NA,NA,0,Missouri,Florida,88
2019-20,2020-01-11,2188498,353,0,2,Missouri,Florida,Tigers,Gators,4,3,63,50,13,1507,Missouri,800,800,16,Personal foul committed by Mitchell Smith.,NA,FALSE,FALSE,NA,NA,NA,NA,NA,NA,0,Florida,Florida,89
2019-20,2020-01-11,2188498,354,0,2,Missouri,Florida,Tigers,Gators,4,3,63,51,12,1407,Florida,800,800,0,Kerry Blackshear Jr. makes free throw 1st of 1-and-1.,made,TRUE,FALSE,NA,NA,NA,NA,NA,NA,0,Florida,Florida,89
2019-20,2020-01-11,2188498,355,0,2,Missouri,Florida,Tigers,Gators,4,3,63,52,11,1407,Florida,800,800,0,Kerry Blackshear Jr. makes free throw 2nd of 1-and-1.,made,TRUE,FALSE,NA,NA,NA,NA,NA,NA,0,Florida,Missouri,89
2019-20,2020-01-11,2188498,358,0,2,Missouri,Florida,Tigers,Gators,4,3,65,52,13,1507,Missouri,778,778,22,Reed Nikko makes a layup. Dru Smith with the assist.,made,FALSE,FALSE,Layup Shot,26,6.25,949170,Reed Nikko,Dru Smith,0,Missouri,Missouri,90
2019-20,2020-01-11,2188498,360,0,2,Missouri,Florida,Tigers,Gators,4,3,65,52,13,1407,Florida,777,777,1,Shooting foul committed by Scottie Lewis.,NA,FALSE,FALSE,NA,NA,NA,NA,NA,NA,0,Missouri,Missouri,90
2019-20,2020-01-11,2188498,361,0,2,Missouri,Florida,Tigers,Gators,4,3,65,52,13,1507,Missouri,777,777,0,Reed Nikko misses free throw 1 of 1.,missed,TRUE,FALSE,NA,NA,NA,NA,NA,NA,0,Missouri,Missouri,90
2019-20,2020-01-11,2188498,362,0,2,Missouri,Florida,Tigers,Gators,4,3,65,52,13,1507,Missouri,777,777,0,Kobe Brown with an offensive rebound.,NA,FALSE,FALSE,NA,NA,NA,NA,NA,NA,0,Missouri,Missouri,90
2019-20,2020-01-11,2188498,364,0,2,Missouri,Florida,Tigers,Gators,4,3,65,52,13,1507,Missouri,775,775,2,Torrence Watson misses a 3-point jump shot from 26 feet out.,missed,FALSE,TRUE,Jump Shot,34.4,29.349999999999994,1137210,Torrence Watson,NA,0,Missouri,Missouri,90
2019-20,2020-01-11,2188498,365,0,2,Missouri,Florida,Tigers,Gators,4,3,65,52,13,1407,Florida,775,775,0,Scottie Lewis with a defensive rebound.,NA,FALSE,FALSE,NA,NA,NA,NA,NA,NA,0,Missouri,Florida,90
2019-20,2020-01-11,2188498,367,0,2,Missouri,Florida,Tigers,Gators,4,3,65,54,11,1407,Florida,749,749,26,Tre Mann makes a jump shot from 20 feet out.,made,FALSE,FALSE,Jump Shot,21,25.05,1175356,Tre Mann,NA,0,Florida,Missouri,91
2019-20,2020-01-11,2188498,368,0,2,Missouri,Florida,Tigers,Gators,4,3,65,54,11,1507,Missouri,727,727,22,Tre Mann steals the ball from Kobe Brown.,NA,FALSE,FALSE,NA,NA,NA,NA,NA,NA,0,Missouri,Florida,92
2019-20,2020-01-11,2188498,371,0,2,Missouri,Florida,Tigers,Gators,4,3,65,54,11,1507,Missouri,704,704,23,Personal foul committed by Torrence Watson.,NA,FALSE,FALSE,NA,NA,NA,NA,NA,NA,0,Florida,Florida,93
2019-20,2020-01-11,2188498,372,0,2,Missouri,Florida,Tigers,Gators,4,3,65,54,11,NA,NA,704,704,0,Official TV timeout.,NA,FALSE,FALSE,NA,NA,NA,NA,NA,NA,0,NA,NA,NA
2019-20,2020-01-11,2188498,373,0,2,Missouri,Florida,Tigers,Gators,4,3,65,54,11,1407,Florida,704,704,0,Tre Mann misses free throw 1st of 1-and-1.,missed,TRUE,FALSE,NA,NA,NA,NA,NA,NA,0,Florida,Florida,93
2019-20,2020-01-11,2188498,374,0,2,Missouri,Florida,Tigers,Gators,4,3,65,54,11,1507,Missouri,704,704,0,Reed Nikko with a defensive rebound.,NA,FALSE,FALSE,NA,NA,NA,NA,NA,NA,0,Florida,Missouri,93
2019-20,2020-01-11,2188498,377,0,2,Missouri,Florida,Tigers,Gators,4,3,67,54,13,1507,Missouri,688,688,16,Dru Smith makes a layup.,made,FALSE,FALSE,Layup Shot,26,6.25,953243,Dru Smith,NA,0,Missouri,Florida,94
2019-20,2020-01-11,2188498,379,0,2,Missouri,Florida,Tigers,Gators,4,3,67,54,13,1407,Florida,663,663,25,Andrew Nembhard misses a jump shot from 12 feet out.,missed,FALSE,FALSE,Jump Shot,13,8.75,1134158,Andrew Nembhard,NA,0,Florida,Florida,95
2019-20,2020-01-11,2188498,381,0,2,Missouri,Florida,Tigers,Gators,4,3,67,54,13,1507,Missouri,662,662,1,Personal foul committed by Reed Nikko.,NA,FALSE,FALSE,NA,NA,NA,NA,NA,NA,0,Florida,Florida,95
2019-20,2020-01-11,2188498,384,0,2,Missouri,Florida,Tigers,Gators,4,3,67,54,13,1407,Florida,660,660,2,Omar Payne misses free throw 1st of 1-and-1.,missed,TRUE,FALSE,NA,NA,NA,NA,NA,NA,0,Florida,Missouri,95
2019-20,2020-01-11,2188498,388,0,2,Missouri,Florida,Tigers,Gators,4,3,67,54,13,1407,Florida,660,660,0,Personal foul committed by Scottie Lewis.,NA,FALSE,FALSE,NA,NA,NA,NA,NA,NA,0,Missouri,Missouri,96
2019-20,2020-01-11,2188498,392,0,2,Missouri,Florida,Tigers,Gators,4,3,67,54,13,1507,Missouri,648,648,12,Mark Smith with a turnover - Bad Pass,NA,FALSE,FALSE,NA,NA,NA,NA,NA,NA,0,Missouri,Florida,96
2019-20,2020-01-11,2188498,395,0,2,Missouri,Florida,Tigers,Gators,4,3,67,54,13,1407,Florida,640,640,8,Andrew Nembhard misses a layup.,missed,FALSE,FALSE,Layup Shot,25,5.25,1134158,Andrew Nembhard,NA,0,Florida,Florida,97
2019-20,2020-01-11,2188498,396,0,2,Missouri,Florida,Tigers,Gators,4,3,67,54,13,1407,Florida,640,640,0,Andrew Nembhard with an offensive rebound.,NA,FALSE,FALSE,NA,NA,NA,NA,NA,NA,0,Florida,Florida,97
2019-20,2020-01-11,2188498,397,0,2,Missouri,Florida,Tigers,Gators,4,3,67,54,13,1407,Florida,627,627,13,Mark Smith blocks a Andrew Nembhard layup.,missed,FALSE,FALSE,Layup Shot,26,6.25,1134158,Andrew Nembhard,NA,0,Florida,Florida,97
2019-20,2020-01-11,2188498,398,0,2,Missouri,Florida,Tigers,Gators,4,3,67,54,13,1507,Missouri,627,627,0,Mark Smith with a defensive rebound.,NA,FALSE,FALSE,NA,NA,NA,NA,NA,NA,0,Florida,Missouri,97
2019-20,2020-01-11,2188498,401,0,2,Missouri,Florida,Tigers,Gators,4,3,67,54,13,1407,Florida,612,612,15,Personal foul committed by Scottie Lewis.,NA,FALSE,FALSE,NA,NA,NA,NA,NA,NA,0,Missouri,Missouri,98
2019-20,2020-01-11,2188498,403,0,2,Missouri,Florida,Tigers,Gators,4,3,67,54,13,1507,Missouri,600,600,12,Keyontae Johnson blocks a Kobe Brown layup.,missed,FALSE,FALSE,Layup Shot,25,5.25,1176611,Kobe Brown,NA,0,Missouri,Missouri,98
2019-20,2020-01-11,2188498,404,0,2,Missouri,Florida,Tigers,Gators,4,3,67,54,13,1407,Florida,600,600,0,Keyontae Johnson with a defensive rebound.,NA,FALSE,FALSE,NA,NA,NA,NA,NA,NA,0,Missouri,Florida,98
2019-20,2020-01-11,2188498,405,0,2,Missouri,Florida,Tigers,Gators,4,3,67,54,13,1407,Florida,597,597,3,Noah Locke misses a 3-point jump shot from 25 feet out.,missed,FALSE,TRUE,Jump Shot,8.100000000000001,23.85,1134159,Noah Locke,NA,0,Florida,Florida,99
2019-20,2020-01-11,2188498,406,0,2,Missouri,Florida,Tigers,Gators,4,3,67,54,13,1507,Missouri,597,597,0,Dru Smith with a defensive rebound.,NA,FALSE,FALSE,NA,NA,NA,NA,NA,NA,0,Florida,Missouri,99
2019-20,2020-01-11,2188498,407,0,2,Missouri,Florida,Tigers,Gators,4,3,69,54,15,1507,Missouri,589,589,8,Javon Pickett makes a layup.,made,FALSE,FALSE,Layup Shot,26,6.25,1137212,Javon Pickett,NA,0,Missouri,Florida,100
2019-20,2020-01-11,2188498,408,0,2,Missouri,Florida,Tigers,Gators,4,3,69,54,15,1407,Florida,566,566,23,Keyontae Johnson misses a 3-point jump shot from 23 feet out.,missed,FALSE,TRUE,Jump Shot,48.2,8.35,1134160,Keyontae Johnson,NA,0,Florida,Florida,101
2019-20,2020-01-11,2188498,409,0,2,Missouri,Florida,Tigers,Gators,4,3,69,54,15,1507,Missouri,566,566,0,Mark Smith with a defensive rebound.,NA,FALSE,FALSE,NA,NA,NA,NA,NA,NA,0,Florida,Missouri,101
2019-20,2020-01-11,2188498,412,0,2,Missouri,Florida,Tigers,Gators,4,3,69,54,15,1507,Missouri,543,543,23,Offensive foul committed by Mark Smith.,NA,FALSE,FALSE,NA,NA,NA,NA,NA,NA,0,Missouri,Missouri,102
2019-20,2020-01-11,2188498,413,0,2,Missouri,Florida,Tigers,Gators,4,3,69,54,15,1507,Missouri,543,543,0,Mark Smith with a turnover,NA,FALSE,FALSE,NA,NA,NA,NA,NA,NA,0,Missouri,Florida,102
2019-20,2020-01-11,2188498,416,0,2,Missouri,Florida,Tigers,Gators,4,3,69,56,13,1407,Florida,528,528,15,Tre Mann makes a jump shot from 17 feet out. Andrew Nembhard with the assist.,made,FALSE,FALSE,Jump Shot,13.9,17.75,1175356,Tre Mann,Andrew Nembhard,0,Florida,Missouri,103
2019-20,2020-01-11,2188498,420,0,2,Missouri,Florida,Tigers,Gators,4,3,72,56,16,1507,Missouri,497,497,31,Javon Pickett makes a 3-point jump shot from 23 feet out. Dru Smith with the assist.,made,FALSE,TRUE,Jump Shot,6.700000000000003,19.450000000000003,1137212,Javon Pickett,Dru Smith,0,Missouri,Florida,104
2019-20,2020-01-11,2188498,421,0,2,Missouri,Florida,Tigers,Gators,4,3,72,58,14,1407,Florida,474,474,23,Kerry Blackshear Jr. makes a hook shot from 7 feet out.,made,FALSE,FALSE,Hook Shot,25.8,11.75,893012,Kerry Blackshear Jr.,NA,0,Florida,Missouri,105
2019-20,2020-01-11,2188498,422,0,2,Missouri,Florida,Tigers,Gators,4,3,75,58,17,1507,Missouri,452,452,22,Torrence Watson makes a 3-point jump shot from 24 feet out. Dru Smith with the assist.,made,FALSE,TRUE,Jump Shot,7.700000000000003,21.650000000000006,1137210,Torrence Watson,Dru Smith,0,Missouri,Florida,106
2019-20,2020-01-11,2188498,424,0,2,Missouri,Florida,Tigers,Gators,4,3,75,58,17,1407,Florida,430,430,22,Dru Smith steals the ball from Kerry Blackshear Jr..,NA,FALSE,FALSE,NA,NA,NA,NA,NA,NA,0,Florida,Missouri,107
2019-20,2020-01-11,2188498,425,0,2,Missouri,Florida,Tigers,Gators,4,3,75,58,17,1407,Florida,430,430,0,Personal foul committed by Andrew Nembhard.,NA,FALSE,FALSE,NA,NA,NA,NA,NA,NA,0,Missouri,Missouri,108
2019-20,2020-01-11,2188498,426,0,2,Missouri,Florida,Tigers,Gators,4,3,75,58,17,NA,NA,430,430,0,Official TV timeout.,NA,FALSE,FALSE,NA,NA,NA,NA,NA,NA,0,NA,NA,NA
2019-20,2020-01-11,2188498,428,0,2,Missouri,Florida,Tigers,Gators,4,3,77,58,19,1507,Missouri,415,415,15,Dru Smith makes a layup.,made,FALSE,FALSE,Layup Shot,26,6.25,953243,Dru Smith,NA,0,Missouri,Florida,108
2019-20,2020-01-11,2188498,429,0,2,Missouri,Florida,Tigers,Gators,4,3,77,58,19,1407,Florida,393,393,22,Tre Mann misses a layup.,missed,FALSE,FALSE,Layup Shot,26,6.25,1175356,Tre Mann,NA,0,Florida,Florida,109
2019-20,2020-01-11,2188498,430,0,2,Missouri,Florida,Tigers,Gators,4,3,77,58,19,1407,Florida,393,393,0,Tre Mann with an offensive rebound.,NA,FALSE,FALSE,NA,NA,NA,NA,NA,NA,0,Florida,Florida,109
2019-20,2020-01-11,2188498,431,0,2,Missouri,Florida,Tigers,Gators,4,3,77,58,19,1407,Florida,389,389,4,Tre Mann misses a layup.,missed,FALSE,FALSE,Layup Shot,26,6.25,1175356,Tre Mann,NA,0,Florida,Florida,109
2019-20,2020-01-11,2188498,432,0,2,Missouri,Florida,Tigers,Gators,4,3,77,58,19,1407,Florida,389,389,0,Ques Glover with an offensive rebound.,NA,FALSE,FALSE,NA,NA,NA,NA,NA,NA,0,Florida,Florida,109
2019-20,2020-01-11,2188498,433,0,2,Missouri,Florida,Tigers,Gators,4,3,77,58,19,1407,Florida,382,382,7,Tre Mann misses a 3-point jump shot from 23 feet out.,missed,FALSE,TRUE,Jump Shot,7.100000000000001,19.75,1175356,Tre Mann,NA,0,Florida,Florida,109
2019-20,2020-01-11,2188498,434,0,2,Missouri,Florida,Tigers,Gators,4,3,77,58,19,1507,Missouri,382,382,0,Torrence Watson with a defensive rebound.,NA,FALSE,FALSE,NA,NA,NA,NA,NA,NA,0,Florida,Missouri,109
2019-20,2020-01-11,2188498,436,0,2,Missouri,Florida,Tigers,Gators,4,3,79,58,21,1507,Missouri,358,358,24,Javon Pickett makes a layup.,made,FALSE,FALSE,Layup Shot,26,6.25,1137212,Javon Pickett,NA,0,Missouri,Florida,110
2019-20,2020-01-11,2188498,440,0,2,Missouri,Florida,Tigers,Gators,4,3,79,58,21,1407,Florida,345,345,13,Parker Braun steals the ball from Kerry Blackshear Jr..,NA,FALSE,FALSE,NA,NA,NA,NA,NA,NA,0,Florida,Missouri,111
2019-20,2020-01-11,2188498,442,0,2,Missouri,Florida,Tigers,Gators,4,3,81,58,23,1507,Missouri,338,338,7,Torrence Watson makes a layup.,made,FALSE,FALSE,Layup Shot,26,6.25,1137210,Torrence Watson,NA,0,Missouri,Missouri,112
2019-20,2020-01-11,2188498,444,0,2,Missouri,Florida,Tigers,Gators,4,3,81,58,23,1407,Florida,337,337,1,Shooting foul committed by Kerry Blackshear Jr..,NA,FALSE,FALSE,NA,NA,NA,NA,NA,NA,0,Missouri,Missouri,112
2019-20,2020-01-11,2188498,445,0,2,Missouri,Florida,Tigers,Gators,4,3,82,58,24,1507,Missouri,337,337,0,Torrence Watson makes free throw 1 of 1.,made,TRUE,FALSE,NA,NA,NA,NA,NA,NA,0,Missouri,Florida,112
2019-20,2020-01-11,2188498,448,0,2,Missouri,Florida,Tigers,Gators,4,3,82,58,24,1407,Florida,318,318,19,Kerry Blackshear Jr. misses a 3-point jump shot from 25 feet out.,missed,FALSE,TRUE,Jump Shot,37.8,27.05,893012,Kerry Blackshear Jr.,NA,0,Florida,Florida,113
2019-20,2020-01-11,2188498,451,0,2,Missouri,Florida,Tigers,Gators,4,3,82,58,24,1507,Missouri,316,316,2,Personal foul committed by Mark Smith.,NA,FALSE,FALSE,NA,NA,NA,NA,NA,NA,0,Florida,Florida,113
2019-20,2020-01-11,2188498,452,0,2,Missouri,Florida,Tigers,Gators,4,3,82,59,23,1407,Florida,316,316,0,Scottie Lewis makes free throw 1 of 2.,made,TRUE,FALSE,NA,NA,NA,NA,NA,NA,0,Florida,Florida,113
2019-20,2020-01-11,2188498,453,0,2,Missouri,Florida,Tigers,Gators,4,3,82,60,22,1407,Florida,316,316,0,Scottie Lewis makes free throw 2 of 2.,made,TRUE,FALSE,NA,NA,NA,NA,NA,NA,0,Florida,Missouri,113
2019-20,2020-01-11,2188498,457,0,2,Missouri,Florida,Tigers,Gators,4,3,82,60,22,1407,Florida,303,303,13,Personal foul committed by Omar Payne.,NA,FALSE,FALSE,NA,NA,NA,NA,NA,NA,0,Missouri,Missouri,114
2019-20,2020-01-11,2188498,459,0,2,Missouri,Florida,Tigers,Gators,4,3,83,60,23,1507,Missouri,303,303,0,Dru Smith makes free throw 1st of 1-and-1.,made,TRUE,FALSE,NA,NA,NA,NA,NA,NA,0,Missouri,Missouri,114
2019-20,2020-01-11,2188498,460,0,2,Missouri,Florida,Tigers,Gators,4,3,84,60,24,1507,Missouri,303,303,0,Dru Smith makes free throw 2nd of 1-and-1.,made,TRUE,FALSE,NA,NA,NA,NA,NA,NA,0,Missouri,Florida,114
2019-20,2020-01-11,2188498,462,0,2,Missouri,Florida,Tigers,Gators,4,3,84,60,24,1407,Florida,286,286,17,Dru Smith steals the ball from Ques Glover.,NA,FALSE,FALSE,NA,NA,NA,NA,NA,NA,0,Florida,Missouri,115
2019-20,2020-01-11,2188498,465,0,2,Missouri,Florida,Tigers,Gators,4,3,84,60,24,1407,Florida,274,274,12,Personal foul committed by Ques Glover.,NA,FALSE,FALSE,NA,NA,NA,NA,NA,NA,0,Missouri,Missouri,116
2019-20,2020-01-11,2188498,466,0,2,Missouri,Florida,Tigers,Gators,4,3,84,60,24,1507,Missouri,274,274,0,Xavier Pinson misses free throw 1st of 1-and-1.,missed,TRUE,FALSE,NA,NA,NA,NA,NA,NA,0,Missouri,Missouri,116
2019-20,2020-01-11,2188498,467,0,2,Missouri,Florida,Tigers,Gators,4,3,84,60,24,1407,Florida,274,274,0,Kerry Blackshear Jr. with a defensive rebound.,NA,FALSE,FALSE,NA,NA,NA,NA,NA,NA,0,Missouri,Florida,116
2019-20,2020-01-11,2188498,478,0,2,Missouri,Florida,Tigers,Gators,4,3,84,60,24,1507,Missouri,263,263,11,Personal foul committed by Mitchell Smith.,NA,FALSE,FALSE,NA,NA,NA,NA,NA,NA,0,Florida,Florida,117
2019-20,2020-01-11,2188498,479,0,2,Missouri,Florida,Tigers,Gators,4,3,84,61,23,1407,Florida,263,263,0,Kerry Blackshear Jr. makes free throw 1 of 2.,made,TRUE,FALSE,NA,NA,NA,NA,NA,NA,0,Florida,Florida,117
2019-20,2020-01-11,2188498,480,0,2,Missouri,Florida,Tigers,Gators,4,3,84,62,22,1407,Florida,263,263,0,Kerry Blackshear Jr. makes free throw 2 of 2.,made,TRUE,FALSE,NA,NA,NA,NA,NA,NA,0,Florida,Missouri,117
2019-20,2020-01-11,2188498,489,0,2,Missouri,Florida,Tigers,Gators,4,3,84,62,22,1507,Missouri,251,251,12,Tigers with a turnover: 10 Second Violation,NA,FALSE,FALSE,NA,NA,NA,NA,NA,NA,0,Missouri,Florida,118
2019-20,2020-01-11,2188498,492,0,2,Missouri,Florida,Tigers,Gators,4,3,84,62,22,1407,Florida,241,241,10,Ques Glover misses a 3-point jump shot from 25 feet out.,missed,FALSE,TRUE,Jump Shot,43.1,23.15,1175344,Ques Glover,NA,0,Florida,Florida,119
2019-20,2020-01-11,2188498,493,0,2,Missouri,Florida,Tigers,Gators,4,3,84,62,22,1507,Missouri,241,241,0,Mitchell Smith with a defensive rebound.,NA,FALSE,FALSE,NA,NA,NA,NA,NA,NA,0,Florida,Missouri,119
2019-20,2020-01-11,2188498,495,0,2,Missouri,Florida,Tigers,Gators,4,3,84,62,22,1407,Florida,239,239,2,Personal foul committed by Kerry Blackshear Jr..,NA,FALSE,FALSE,NA,NA,NA,NA,NA,NA,0,Missouri,Missouri,120
2019-20,2020-01-11,2188498,496,0,2,Missouri,Florida,Tigers,Gators,4,3,84,62,22,NA,NA,239,239,0,Official TV timeout.,NA,FALSE,FALSE,NA,NA,NA,NA,NA,NA,0,NA,NA,NA
2019-20,2020-01-11,2188498,498,0,2,Missouri,Florida,Tigers,Gators,4,3,85,62,23,1507,Missouri,239,239,0,Mitchell Smith makes free throw 1 of 2.,made,TRUE,FALSE,NA,NA,NA,NA,NA,NA,0,Missouri,Missouri,120
2019-20,2020-01-11,2188498,499,0,2,Missouri,Florida,Tigers,Gators,4,3,86,62,24,1507,Missouri,239,239,0,Mitchell Smith makes free throw 2 of 2.,made,TRUE,FALSE,NA,NA,NA,NA,NA,NA,0,Missouri,Florida,120
2019-20,2020-01-11,2188498,504,0,2,Missouri,Florida,Tigers,Gators,4,3,86,62,24,1507,Missouri,226,226,13,Personal foul committed by Dru Smith.,NA,FALSE,FALSE,NA,NA,NA,NA,NA,NA,0,Florida,Florida,121
2019-20,2020-01-11,2188498,505,0,2,Missouri,Florida,Tigers,Gators,4,3,86,63,23,1407,Florida,226,226,0,Kerry Blackshear Jr. makes free throw 1 of 2.,made,TRUE,FALSE,NA,NA,NA,NA,NA,NA,0,Florida,Florida,121
2019-20,2020-01-11,2188498,506,0,2,Missouri,Florida,Tigers,Gators,4,3,86,64,22,1407,Florida,226,226,0,Kerry Blackshear Jr. makes free throw 2 of 2.,made,TRUE,FALSE,NA,NA,NA,NA,NA,NA,0,Florida,Missouri,121
2019-20,2020-01-11,2188498,508,0,2,Missouri,Florida,Tigers,Gators,4,3,88,64,24,1507,Missouri,220,220,6,Mitchell Smith dunks. Javon Pickett with the assist.,made,FALSE,FALSE,Dunk Shot,26,6.25,949168,Mitchell Smith,Javon Pickett,0,Missouri,Florida,122
2019-20,2020-01-11,2188498,510,0,2,Missouri,Florida,Tigers,Gators,4,3,88,64,24,1407,Florida,201,201,19,Offensive foul committed by Jason Jitoboh.,NA,FALSE,FALSE,NA,NA,NA,NA,NA,NA,0,Florida,Florida,123
2019-20,2020-01-11,2188498,511,0,2,Missouri,Florida,Tigers,Gators,4,3,88,64,24,1407,Florida,201,201,0,Jason Jitoboh with a turnover,NA,FALSE,FALSE,NA,NA,NA,NA,NA,NA,0,Florida,Missouri,123
2019-20,2020-01-11,2188498,512,0,2,Missouri,Florida,Tigers,Gators,4,3,88,64,24,1507,Missouri,201,201,0,Offensive foul committed by Xavier Pinson.,NA,FALSE,FALSE,NA,NA,NA,NA,NA,NA,0,Missouri,Missouri,124
2019-20,2020-01-11,2188498,513,0,2,Missouri,Florida,Tigers,Gators,4,3,88,64,24,1507,Missouri,201,201,0,Xavier Pinson with a turnover,NA,FALSE,FALSE,NA,NA,NA,NA,NA,NA,0,Missouri,Florida,124
2019-20,2020-01-11,2188498,519.1875,0,2,Missouri,Florida,Tigers,Gators,4,3,88,64,24,1407,Florida,195,195,6,Tre Mann misses a 3-point jump shot from 23 feet out.,missed,FALSE,TRUE,Jump Shot,47,10.25,1175356,Tre Mann,NA,0,Florida,Florida,125
2019-20,2020-01-11,2188498,522.28125,0,2,Missouri,Florida,Tigers,Gators,4,3,88,64,24,1407,Florida,195,195,0,Ques Glover with an offensive rebound.,NA,FALSE,FALSE,NA,NA,NA,NA,NA,NA,0,Florida,Florida,125
2019-20,2020-01-11,2188498,525.375,0,2,Missouri,Florida,Tigers,Gators,4,3,88,67,21,1407,Florida,188,188,7,Keyontae Johnson makes a 3-point jump shot from 26 feet out. Ques Glover with the assist.,made,FALSE,TRUE,Jump Shot,7,23.25,1134160,Keyontae Johnson,Ques Glover,0,Florida,Missouri,125
2019-20,2020-01-11,2188498,535.75,0,2,Missouri,Florida,Tigers,Gators,4,3,88,67,21,1507,Missouri,151,151,37,Dru Smith misses a 3-point jump shot from 27 feet out.,missed,FALSE,TRUE,Jump Shot,6,24.25,953243,Dru Smith,NA,0,Missouri,Missouri,126
2019-20,2020-01-11,2188498,545.625,0,2,Missouri,Florida,Tigers,Gators,4,3,88,67,21,1407,Florida,151,151,0,Jason Jitoboh with a defensive rebound.,NA,FALSE,FALSE,NA,NA,NA,NA,NA,NA,0,Missouri,Florida,126
2019-20,2020-01-11,2188498,555.5,0,2,Missouri,Florida,Tigers,Gators,4,3,88,67,21,1407,Florida,141,141,10,Keyontae Johnson misses a layup.,missed,FALSE,FALSE,Layup Shot,26,6.25,1134160,Keyontae Johnson,NA,0,Florida,Florida,127
2019-20,2020-01-11,2188498,574.25,0,2,Missouri,Florida,Tigers,Gators,4,3,88,67,21,1407,Florida,141,141,0,Keyontae Johnson with an offensive rebound.,NA,FALSE,FALSE,NA,NA,NA,NA,NA,NA,0,Florida,Florida,127
2019-20,2020-01-11,2188498,593,0,2,Missouri,Florida,Tigers,Gators,4,3,88,69,19,1407,Florida,136,136,5,Keyontae Johnson makes a layup.,made,FALSE,FALSE,Layup Shot,25,5.25,1134160,Keyontae Johnson,NA,0,Florida,Missouri,127
2019-20,2020-01-11,2188498,594,0,2,Missouri,Florida,Tigers,Gators,4,2,88,69,19,1407,Florida,136,136,0,Gators take a full timeout.,NA,FALSE,FALSE,NA,NA,NA,NA,NA,NA,0,NA,NA,NA
2019-20,2020-01-11,2188498,611,0,2,Missouri,Florida,Tigers,Gators,4,2,88,69,19,1507,Missouri,110,110,26,Mark Smith misses a 3-point jump shot from 27 feet out.,missed,FALSE,TRUE,Jump Shot,22.2,32.35,1061006,Mark Smith,NA,0,Missouri,Missouri,128
2019-20,2020-01-11,2188498,612,0,2,Missouri,Florida,Tigers,Gators,4,2,88,69,19,1507,Missouri,110,110,0,Kobe Brown with an offensive rebound.,NA,FALSE,FALSE,NA,NA,NA,NA,NA,NA,0,Missouri,Missouri,128
2019-20,2020-01-11,2188498,613,0,2,Missouri,Florida,Tigers,Gators,4,2,90,69,21,1507,Missouri,89,89,21,Dru Smith makes a layup.,made,FALSE,FALSE,Layup Shot,26,6.25,953243,Dru Smith,NA,0,Missouri,Florida,128
2019-20,2020-01-11,2188498,614,0,2,Missouri,Florida,Tigers,Gators,4,2,90,71,19,1407,Florida,69,69,20,Ques Glover makes a layup.,made,FALSE,FALSE,Layup Shot,26,6.25,1175344,Ques Glover,NA,0,Florida,Missouri,129
2019-20,2020-01-11,2188498,616,0,2,Missouri,Florida,Tigers,Gators,4,2,90,71,19,1507,Missouri,43,43,26,Scottie Lewis steals the ball from Mitchell Smith.,NA,FALSE,FALSE,NA,NA,NA,NA,NA,NA,0,Missouri,Florida,130
2019-20,2020-01-11,2188498,624,0,2,Missouri,Florida,Tigers,Gators,4,2,90,71,19,1507,Missouri,42,42,1,Personal foul committed by Mark Smith.,NA,FALSE,FALSE,NA,NA,NA,NA,NA,NA,0,Florida,Florida,131
2019-20,2020-01-11,2188498,625,0,2,Missouri,Florida,Tigers,Gators,4,2,90,72,18,1407,Florida,42,42,0,Scottie Lewis makes free throw 1 of 2.,made,TRUE,FALSE,NA,NA,NA,NA,NA,NA,0,Florida,Florida,131
2019-20,2020-01-11,2188498,626,0,2,Missouri,Florida,Tigers,Gators,4,2,90,73,17,1407,Florida,42,42,0,Scottie Lewis makes free throw 2 of 2.,made,TRUE,FALSE,NA,NA,NA,NA,NA,NA,0,Florida,Missouri,131
2019-20,2020-01-11,2188498,632,0,2,Missouri,Florida,Tigers,Gators,4,2,90,73,17,1407,Florida,34,34,8,Personal foul committed by Scottie Lewis.,NA,FALSE,FALSE,NA,NA,NA,NA,NA,NA,0,Missouri,Missouri,132
2019-20,2020-01-11,2188498,633,0,2,Missouri,Florida,Tigers,Gators,4,2,90,73,17,1507,Missouri,34,34,0,Mark Smith misses free throw 1 of 2.,missed,TRUE,FALSE,NA,NA,NA,NA,NA,NA,0,Missouri,Missouri,132
2019-20,2020-01-11,2188498,635,0,2,Missouri,Florida,Tigers,Gators,4,2,91,73,18,1507,Missouri,34,34,0,Mark Smith makes free throw 2 of 2.,made,TRUE,FALSE,NA,NA,NA,NA,NA,NA,0,Missouri,Florida,132
2019-20,2020-01-11,2188498,638,0,2,Missouri,Florida,Tigers,Gators,4,2,91,75,16,1407,Florida,23,23,11,Ques Glover makes a jump shot from 19 feet out.,made,FALSE,FALSE,Jump Shot,34.4,21.85,1175344,Ques Glover,NA,0,Florida,Missouri,133
2019-20,2020-01-11,2188498,640,0,2,Missouri,Florida,Tigers,Gators,4,2,91,75,16,NA,NA,0,0,23,End of the 2nd Half,NA,FALSE,FALSE,NA,NA,NA,NA,NA,NA,0,NA,NA,NA
2019-20,2020-01-11,2188498,641,0,2,Missouri,Florida,Tigers,Gators,4,2,91,75,16,NA,NA,0,0,0,End of the Game,NA,FALSE,FALSE,NA,NA,NA,NA,NA,NA,0,Missouri,Missouri,NA
