season,date,game_id,play_id,neutral,half,home,away,home_name,away_name,home_timeouts,away_timeouts,home_score,away_score,score_diff,team_id,event_team,game_secs_remaining,half_secs_remaining,play_length,desc,shot_outcome,free_throw,three_pt,shot_desc,loc_x,loc_y,shooter_id,shooter,assist,substitution,poss_before,poss_after,poss_number,sub_error,home_1,home_2,home_3,home_4,home_5,away_1,away_2,away_3,away_4,away_5
2015-16,2016-02-01,1576696,1,0,1,Baylor,Texas,Bears,Longhorns,4,4,0,0,0,1313,Baylor,NA,NA,NA,Starting Lineup - Rico Gathers,NA,FALSE,FALSE,NA,NA,NA,NA,NA,NA,1,NA,NA,NA,NA,Rico Gathers,Taurean Prince,Al Freeman,Ishmail Wainright,Lester Medford,Javan Felix,Prince Ibeh,Connor Lammert,Isaiah Taylor,Kendal Yancy
2015-16,2016-02-01,1576696,1,0,1,Baylor,Texas,Bears,Longhorns,4,4,0,0,0,1313,Baylor,NA,NA,NA,Starting Lineup - Taurean Prince,NA,FALSE,FALSE,NA,NA,NA,NA,NA,NA,1,NA,NA,NA,NA,Rico Gathers,Taurean Prince,Al Freeman,Ishmail Wainright,Lester Medford,Javan Felix,Prince Ibeh,Connor Lammert,Isaiah Taylor,Kendal Yancy
2015-16,2016-02-01,1576696,1,0,1,Baylor,Texas,Bears,Longhorns,4,4,0,0,0,1651,Texas,NA,NA,NA,Starting Lineup - Javan Felix,NA,FALSE,FALSE,NA,NA,NA,NA,NA,NA,1,NA,NA,NA,NA,Rico Gathers,Taurean Prince,Al Freeman,Ishmail Wainright,Lester Medford,Javan Felix,Prince Ibeh,Connor Lammert,Isaiah Taylor,Kendal Yancy
2015-16,2016-02-01,1576696,1,0,1,Baylor,Texas,Bears,Longhorns,4,4,0,0,0,1651,Texas,NA,NA,NA,Starting Lineup - Prince Ibeh,NA,FALSE,FALSE,NA,NA,NA,NA,NA,NA,1,NA,NA,NA,NA,Rico Gathers,Taurean Prince,Al Freeman,Ishmail Wainright,Lester Medford,Javan Felix,Prince Ibeh,Connor Lammert,Isaiah Taylor,Kendal Yancy
2015-16,2016-02-01,1576696,1,0,1,Baylor,Texas,Bears,Longhorns,4,4,0,0,0,1651,Texas,NA,NA,NA,Starting Lineup - Connor Lammert,NA,FALSE,FALSE,NA,NA,NA,NA,NA,NA,1,NA,NA,NA,NA,Rico Gathers,Taurean Prince,Al Freeman,Ishmail Wainright,Lester Medford,Javan Felix,Prince Ibeh,Connor Lammert,Isaiah Taylor,Kendal Yancy
2015-16,2016-02-01,1576696,1,0,1,Baylor,Texas,Bears,Longhorns,4,4,0,0,0,1313,Baylor,NA,NA,NA,Starting Lineup - Al Freeman,NA,FALSE,FALSE,NA,NA,NA,NA,NA,NA,1,NA,NA,NA,NA,Rico Gathers,Taurean Prince,Al Freeman,Ishmail Wainright,Lester Medford,Javan Felix,Prince Ibeh,Connor Lammert,Isaiah Taylor,Kendal Yancy
2015-16,2016-02-01,1576696,1,0,1,Baylor,Texas,Bears,Longhorns,4,4,0,0,0,1313,Baylor,NA,NA,NA,Starting Lineup - Ishmail Wainright,NA,FALSE,FALSE,NA,NA,NA,NA,NA,NA,1,NA,NA,NA,NA,Rico Gathers,Taurean Prince,Al Freeman,Ishmail Wainright,Lester Medford,Javan Felix,Prince Ibeh,Connor Lammert,Isaiah Taylor,Kendal Yancy
2015-16,2016-02-01,1576696,1,0,1,Baylor,Texas,Bears,Longhorns,4,4,0,0,0,1651,Texas,NA,NA,NA,Starting Lineup - Isaiah Taylor,NA,FALSE,FALSE,NA,NA,NA,NA,NA,NA,1,NA,NA,NA,NA,Rico Gathers,Taurean Prince,Al Freeman,Ishmail Wainright,Lester Medford,Javan Felix,Prince Ibeh,Connor Lammert,Isaiah Taylor,Kendal Yancy
2015-16,2016-02-01,1576696,1,0,1,Baylor,Texas,Bears,Longhorns,4,4,0,0,0,1651,Texas,NA,NA,NA,Starting Lineup - Kendal Yancy,NA,FALSE,FALSE,NA,NA,NA,NA,NA,NA,1,NA,NA,NA,NA,Rico Gathers,Taurean Prince,Al Freeman,Ishmail Wainright,Lester Medford,Javan Felix,Prince Ibeh,Connor Lammert,Isaiah Taylor,Kendal Yancy
2015-16,2016-02-01,1576696,1,0,1,Baylor,Texas,Bears,Longhorns,4,4,0,0,0,1313,Baylor,NA,NA,NA,Starting Lineup - Lester Medford,NA,FALSE,FALSE,NA,NA,NA,NA,NA,NA,1,NA,NA,NA,NA,Rico Gathers,Taurean Prince,Al Freeman,Ishmail Wainright,Lester Medford,Javan Felix,Prince Ibeh,Connor Lammert,Isaiah Taylor,Kendal Yancy
2015-16,2016-02-01,1576696,2,0,1,Baylor,Texas,Bears,Longhorns,4,4,0,0,0,NA,NA,2400,1200,NA,Start of the 1st Half,NA,FALSE,FALSE,NA,NA,NA,NA,NA,NA,0,NA,Texas,1,NA,Rico Gathers,Taurean Prince,Al Freeman,Ishmail Wainright,Lester Medford,Javan Felix,Prince Ibeh,Connor Lammert,Isaiah Taylor,Kendal Yancy
2015-16,2016-02-01,1576696,4,0,1,Baylor,Texas,Bears,Longhorns,4,4,0,3,-3,1651,Texas,2373,1173,27,Isaiah Taylor makes a 3-point jump shot from 24 feet out. Javan Felix with the assist.,made,FALSE,TRUE,Jump Shot,29,28.95,795435,Isaiah Taylor,Javan Felix,0,Texas,Baylor,1,NA,Rico Gathers,Taurean Prince,Al Freeman,Ishmail Wainright,Lester Medford,Javan Felix,Prince Ibeh,Connor Lammert,Isaiah Taylor,Kendal Yancy
2015-16,2016-02-01,1576696,7,0,1,Baylor,Texas,Bears,Longhorns,4,4,2,3,-1,1313,Baylor,2360,1160,13,Ishmail Wainright makes a jump shot from 7 feet out. Lester Medford with the assist.,made,FALSE,FALSE,Jump Shot,30.9,9.549999999999997,748530,Ishmail Wainright,Lester Medford,0,Baylor,Texas,2,NA,Rico Gathers,Taurean Prince,Al Freeman,Ishmail Wainright,Lester Medford,Javan Felix,Prince Ibeh,Connor Lammert,Isaiah Taylor,Kendal Yancy
2015-16,2016-02-01,1576696,8,0,1,Baylor,Texas,Bears,Longhorns,4,4,2,3,-1,1651,Texas,2354,1154,6,Taurean Prince steals the ball from Isaiah Taylor.,NA,FALSE,FALSE,NA,NA,NA,NA,NA,NA,0,Texas,Baylor,3,NA,Rico Gathers,Taurean Prince,Al Freeman,Ishmail Wainright,Lester Medford,Javan Felix,Prince Ibeh,Connor Lammert,Isaiah Taylor,Kendal Yancy
2015-16,2016-02-01,1576696,28,0,1,Baylor,Texas,Bears,Longhorns,4,4,2,3,-1,1313,Baylor,2350,1150,4,Offensive foul committed by Taurean Prince.,NA,FALSE,FALSE,NA,NA,NA,NA,NA,NA,0,Baylor,Baylor,4,NA,Rico Gathers,Taurean Prince,Al Freeman,Ishmail Wainright,Lester Medford,Javan Felix,Prince Ibeh,Connor Lammert,Isaiah Taylor,Kendal Yancy
2015-16,2016-02-01,1576696,29,0,1,Baylor,Texas,Bears,Longhorns,4,4,2,3,-1,1313,Baylor,2350,1150,0,Taurean Prince with a turnover,NA,FALSE,FALSE,NA,NA,NA,NA,NA,NA,0,Baylor,Texas,4,NA,Rico Gathers,Taurean Prince,Al Freeman,Ishmail Wainright,Lester Medford,Javan Felix,Prince Ibeh,Connor Lammert,Isaiah Taylor,Kendal Yancy
2015-16,2016-02-01,1576696,32,0,1,Baylor,Texas,Bears,Longhorns,4,4,2,3,-1,1651,Texas,2336,1136,14,Kendal Yancy misses a jump shot from 8 feet out.,missed,FALSE,FALSE,Jump Shot,26.3,13.15,795437,Kendal Yancy,NA,0,Texas,Texas,5,NA,Rico Gathers,Taurean Prince,Al Freeman,Ishmail Wainright,Lester Medford,Javan Felix,Prince Ibeh,Connor Lammert,Isaiah Taylor,Kendal Yancy
2015-16,2016-02-01,1576696,33,0,1,Baylor,Texas,Bears,Longhorns,4,4,2,3,-1,1651,Texas,2336,1136,0,Prince Ibeh with an offensive rebound.,NA,FALSE,FALSE,NA,NA,NA,NA,NA,NA,0,Texas,Texas,5,NA,Rico Gathers,Taurean Prince,Al Freeman,Ishmail Wainright,Lester Medford,Javan Felix,Prince Ibeh,Connor Lammert,Isaiah Taylor,Kendal Yancy
2015-16,2016-02-01,1576696,34,0,1,Baylor,Texas,Bears,Longhorns,4,4,2,3,-1,1651,Texas,2329,1129,7,Isaiah Taylor misses a 3-point jump shot from 25 feet out.,missed,FALSE,TRUE,Jump Shot,34.8,27.95,795435,Isaiah Taylor,NA,0,Texas,Texas,5,NA,Rico Gathers,Taurean Prince,Al Freeman,Ishmail Wainright,Lester Medford,Javan Felix,Prince Ibeh,Connor Lammert,Isaiah Taylor,Kendal Yancy
2015-16,2016-02-01,1576696,35,0,1,Baylor,Texas,Bears,Longhorns,4,4,2,3,-1,1313,Baylor,2329,1129,0,Ishmail Wainright with a defensive rebound.,NA,FALSE,FALSE,NA,NA,NA,NA,NA,NA,0,Texas,Baylor,5,NA,Rico Gathers,Taurean Prince,Al Freeman,Ishmail Wainright,Lester Medford,Javan Felix,Prince Ibeh,Connor Lammert,Isaiah Taylor,Kendal Yancy
2015-16,2016-02-01,1576696,38,0,1,Baylor,Texas,Bears,Longhorns,4,4,2,3,-1,1313,Baylor,2314,1114,15,Ishmail Wainright misses a 3-point jump shot from 27 feet out.,missed,FALSE,TRUE,Jump Shot,12.5,28.950000000000003,748530,Ishmail Wainright,NA,0,Baylor,Baylor,6,NA,Rico Gathers,Taurean Prince,Al Freeman,Ishmail Wainright,Lester Medford,Javan Felix,Prince Ibeh,Connor Lammert,Isaiah Taylor,Kendal Yancy
2015-16,2016-02-01,1576696,40,0,1,Baylor,Texas,Bears,Longhorns,4,4,2,3,-1,1651,Texas,2314,1114,0,Personal foul committed by Javan Felix.,NA,FALSE,FALSE,NA,NA,NA,NA,NA,NA,0,Baylor,Baylor,6,NA,Rico Gathers,Taurean Prince,Al Freeman,Ishmail Wainright,Lester Medford,Javan Felix,Prince Ibeh,Connor Lammert,Isaiah Taylor,Kendal Yancy
2015-16,2016-02-01,1576696,42,0,1,Baylor,Texas,Bears,Longhorns,4,4,5,3,2,1313,Baylor,2295,1095,19,Taurean Prince makes a 3-point jump shot from 24 feet out.,made,FALSE,TRUE,Jump Shot,9.299999999999997,24.049999999999997,696209,Taurean Prince,NA,0,Baylor,Texas,6,NA,Rico Gathers,Taurean Prince,Al Freeman,Ishmail Wainright,Lester Medford,Javan Felix,Prince Ibeh,Connor Lammert,Isaiah Taylor,Kendal Yancy
2015-16,2016-02-01,1576696,43,0,1,Baylor,Texas,Bears,Longhorns,4,4,5,5,0,1651,Texas,2267,1067,28,Prince Ibeh makes a hook shot from 6 feet out. Connor Lammert with the assist.,made,FALSE,FALSE,Hook Shot,26.8,10.55,697627,Prince Ibeh,Connor Lammert,0,Texas,Baylor,7,NA,Rico Gathers,Taurean Prince,Al Freeman,Ishmail Wainright,Lester Medford,Javan Felix,Prince Ibeh,Connor Lammert,Isaiah Taylor,Kendal Yancy
2015-16,2016-02-01,1576696,44,0,1,Baylor,Texas,Bears,Longhorns,4,4,5,5,0,1313,Baylor,2257,1057,10,Prince Ibeh blocks a Taurean Prince jump shot from 3 feet out.,missed,FALSE,FALSE,Jump Shot,23,8.25,696209,Taurean Prince,NA,0,Baylor,Baylor,8,NA,Rico Gathers,Taurean Prince,Al Freeman,Ishmail Wainright,Lester Medford,Javan Felix,Prince Ibeh,Connor Lammert,Isaiah Taylor,Kendal Yancy
2015-16,2016-02-01,1576696,45,0,1,Baylor,Texas,Bears,Longhorns,4,4,5,5,0,1313,Baylor,2257,1057,0,Rico Gathers with an offensive rebound.,NA,FALSE,FALSE,NA,NA,NA,NA,NA,NA,0,Baylor,Baylor,8,NA,Rico Gathers,Taurean Prince,Al Freeman,Ishmail Wainright,Lester Medford,Javan Felix,Prince Ibeh,Connor Lammert,Isaiah Taylor,Kendal Yancy
2015-16,2016-02-01,1576696,46,0,1,Baylor,Texas,Bears,Longhorns,4,4,7,5,2,1313,Baylor,2253,1053,4,Rico Gathers makes a tip shot from 2 feet out.,made,FALSE,FALSE,Tip Shot,27.1,6.150000000000006,696197,Rico Gathers,NA,0,Baylor,Texas,8,NA,Rico Gathers,Taurean Prince,Al Freeman,Ishmail Wainright,Lester Medford,Javan Felix,Prince Ibeh,Connor Lammert,Isaiah Taylor,Kendal Yancy
2015-16,2016-02-01,1576696,50,0,1,Baylor,Texas,Bears,Longhorns,4,4,7,7,0,1651,Texas,2231,1031,22,Connor Lammert makes a jump shot from 15 feet out. Javan Felix with the assist.,made,FALSE,FALSE,Jump Shot,27.5,20.45,697628,Connor Lammert,Javan Felix,0,Texas,Texas,9,NA,Rico Gathers,Taurean Prince,Al Freeman,Ishmail Wainright,Lester Medford,Javan Felix,Prince Ibeh,Connor Lammert,Isaiah Taylor,Kendal Yancy
2015-16,2016-02-01,1576696,51,0,1,Baylor,Texas,Bears,Longhorns,4,4,7,7,0,1313,Baylor,2231,1031,0,Shooting foul committed by Allerik Freeman.,NA,FALSE,FALSE,NA,NA,NA,NA,NA,NA,0,Texas,Texas,9,NA,Rico Gathers,Taurean Prince,Al Freeman,Ishmail Wainright,Lester Medford,Javan Felix,Prince Ibeh,Connor Lammert,Isaiah Taylor,Kendal Yancy
2015-16,2016-02-01,1576696,52,0,1,Baylor,Texas,Bears,Longhorns,4,4,7,8,-1,1651,Texas,2231,1031,0,Connor Lammert makes free throw 1 of 1.,made,TRUE,FALSE,NA,NA,NA,NA,NA,NA,0,Texas,Baylor,9,NA,Rico Gathers,Taurean Prince,Al Freeman,Ishmail Wainright,Lester Medford,Javan Felix,Prince Ibeh,Connor Lammert,Isaiah Taylor,Kendal Yancy
2015-16,2016-02-01,1576696,54,0,1,Baylor,Texas,Bears,Longhorns,4,4,7,8,-1,1313,Baylor,2211,1011,20,Allerik Freeman misses a 3-point jump shot from 25 feet out.,missed,FALSE,TRUE,Jump Shot,8.899999999999999,24.049999999999997,748528,Allerik Freeman,NA,0,Baylor,Baylor,10,NA,Rico Gathers,Taurean Prince,Al Freeman,Ishmail Wainright,Lester Medford,Javan Felix,Prince Ibeh,Connor Lammert,Isaiah Taylor,Kendal Yancy
2015-16,2016-02-01,1576696,55,0,1,Baylor,Texas,Bears,Longhorns,4,4,7,8,-1,1313,Baylor,2211,1011,0,Ishmail Wainright with an offensive rebound.,NA,FALSE,FALSE,NA,NA,NA,NA,NA,NA,0,Baylor,Baylor,10,NA,Rico Gathers,Taurean Prince,Al Freeman,Ishmail Wainright,Lester Medford,Javan Felix,Prince Ibeh,Connor Lammert,Isaiah Taylor,Kendal Yancy
2015-16,2016-02-01,1576696,56,0,1,Baylor,Texas,Bears,Longhorns,4,4,9,8,1,1313,Baylor,2181,981,30,Lester Medford makes a jump shot from 14 feet out. Ishmail Wainright with the assist.,made,FALSE,FALSE,Jump Shot,11.100000000000001,7.549999999999997,851165,Lester Medford,Ishmail Wainright,0,Baylor,Texas,10,NA,Rico Gathers,Taurean Prince,Al Freeman,Ishmail Wainright,Lester Medford,Javan Felix,Prince Ibeh,Connor Lammert,Isaiah Taylor,Kendal Yancy
2015-16,2016-02-01,1576696,57,0,1,Baylor,Texas,Bears,Longhorns,4,4,9,8,1,1651,Texas,2155,955,26,Javan Felix misses a 3-point jump shot from 25 feet out.,missed,FALSE,TRUE,Jump Shot,28.8,29.65,697625,Javan Felix,NA,0,Texas,Texas,11,NA,Rico Gathers,Taurean Prince,Al Freeman,Ishmail Wainright,Lester Medford,Javan Felix,Prince Ibeh,Connor Lammert,Isaiah Taylor,Kendal Yancy
2015-16,2016-02-01,1576696,58,0,1,Baylor,Texas,Bears,Longhorns,4,4,9,8,1,1651,Texas,2155,955,0,Connor Lammert with an offensive rebound.,NA,FALSE,FALSE,NA,NA,NA,NA,NA,NA,0,Texas,Texas,11,NA,Rico Gathers,Taurean Prince,Al Freeman,Ishmail Wainright,Lester Medford,Javan Felix,Prince Ibeh,Connor Lammert,Isaiah Taylor,Kendal Yancy
2015-16,2016-02-01,1576696,59,0,1,Baylor,Texas,Bears,Longhorns,4,4,9,10,-1,1651,Texas,2141,941,14,Javan Felix makes a jump shot from 5 feet out. Isaiah Taylor with the assist.,made,FALSE,FALSE,Jump Shot,26.6,10.45,697625,Javan Felix,Isaiah Taylor,0,Texas,Baylor,11,NA,Rico Gathers,Taurean Prince,Al Freeman,Ishmail Wainright,Lester Medford,Javan Felix,Prince Ibeh,Connor Lammert,Isaiah Taylor,Kendal Yancy
2015-16,2016-02-01,1576696,61,0,1,Baylor,Texas,Bears,Longhorns,4,4,9,10,-1,1651,Texas,2116,916,25,Shooting foul committed by Connor Lammert.,NA,FALSE,FALSE,NA,NA,NA,NA,NA,NA,0,Baylor,Baylor,12,NA,Rico Gathers,Taurean Prince,Al Freeman,Ishmail Wainright,Lester Medford,Javan Felix,Prince Ibeh,Connor Lammert,Isaiah Taylor,Kendal Yancy
2015-16,2016-02-01,1576696,62,0,1,Baylor,Texas,Bears,Longhorns,4,4,9,10,-1,NA,NA,2116,916,0,Official TV timeout.,NA,FALSE,FALSE,NA,NA,NA,NA,NA,NA,0,NA,NA,NA,NA,Rico Gathers,Taurean Prince,Al Freeman,Ishmail Wainright,Lester Medford,Javan Felix,Prince Ibeh,Connor Lammert,Isaiah Taylor,Kendal Yancy
2015-16,2016-02-01,1576696,63,0,1,Baylor,Texas,Bears,Longhorns,4,4,10,10,0,1313,Baylor,2116,916,0,Rico Gathers makes free throw 1 of 2.,made,TRUE,FALSE,NA,NA,NA,NA,NA,NA,0,Baylor,Baylor,12,NA,Rico Gathers,Taurean Prince,Al Freeman,Ishmail Wainright,Lester Medford,Javan Felix,Prince Ibeh,Connor Lammert,Isaiah Taylor,Kendal Yancy
2015-16,2016-02-01,1576696,64,0,1,Baylor,Texas,Bears,Longhorns,4,4,11,10,1,1313,Baylor,2116,916,0,Rico Gathers makes free throw 2 of 2.,made,TRUE,FALSE,NA,NA,NA,NA,NA,NA,0,Baylor,Texas,12,NA,Rico Gathers,Taurean Prince,Al Freeman,Ishmail Wainright,Lester Medford,Javan Felix,Prince Ibeh,Connor Lammert,Isaiah Taylor,Kendal Yancy
2015-16,2016-02-01,1576696,68,0,1,Baylor,Texas,Bears,Longhorns,4,4,11,10,1,1313,Baylor,2102,902,14,Personal foul committed by Johnathan Motley.,NA,FALSE,FALSE,NA,NA,NA,NA,NA,NA,0,Texas,Texas,13,NA,Rico Gathers,Taurean Prince,Al Freeman,Ishmail Wainright,Lester Medford,Javan Felix,Prince Ibeh,Connor Lammert,Isaiah Taylor,Kendal Yancy
2015-16,2016-02-01,1576696,70,0,1,Baylor,Texas,Bears,Longhorns,4,4,11,13,-2,1651,Texas,2088,888,14,Javan Felix makes a 3-point jump shot from 25 feet out. Isaiah Taylor with the assist.,made,FALSE,TRUE,Jump Shot,34.8,27.95,697625,Javan Felix,Isaiah Taylor,0,Texas,Baylor,13,NA,Rico Gathers,Taurean Prince,Al Freeman,Ishmail Wainright,Lester Medford,Javan Felix,Prince Ibeh,Connor Lammert,Isaiah Taylor,Kendal Yancy
2015-16,2016-02-01,1576696,71,0,1,Baylor,Texas,Bears,Longhorns,4,4,13,13,0,1313,Baylor,2059,859,29,Taurean Prince makes a jump shot from 15 feet out. Ishmail Wainright with the assist.,made,FALSE,FALSE,Jump Shot,39.9,7.049999999999997,696209,Taurean Prince,Ishmail Wainright,0,Baylor,Texas,14,NA,Rico Gathers,Taurean Prince,Al Freeman,Ishmail Wainright,Lester Medford,Javan Felix,Prince Ibeh,Connor Lammert,Isaiah Taylor,Kendal Yancy
2015-16,2016-02-01,1576696,72,0,1,Baylor,Texas,Bears,Longhorns,4,4,13,13,0,1651,Texas,2038,838,21,Isaiah Taylor misses a 3-point jump shot from 24 feet out.,missed,FALSE,TRUE,Jump Shot,11.3,24.55,795435,Isaiah Taylor,NA,0,Texas,Texas,15,NA,Rico Gathers,Taurean Prince,Al Freeman,Ishmail Wainright,Lester Medford,Javan Felix,Prince Ibeh,Connor Lammert,Isaiah Taylor,Kendal Yancy
2015-16,2016-02-01,1576696,73,0,1,Baylor,Texas,Bears,Longhorns,4,4,13,13,0,1313,Baylor,2038,838,0,Ishmail Wainright with a defensive rebound.,NA,FALSE,FALSE,NA,NA,NA,NA,NA,NA,0,Texas,Baylor,15,NA,Rico Gathers,Taurean Prince,Al Freeman,Ishmail Wainright,Lester Medford,Javan Felix,Prince Ibeh,Connor Lammert,Isaiah Taylor,Kendal Yancy
2015-16,2016-02-01,1576696,76,0,1,Baylor,Texas,Bears,Longhorns,4,4,13,13,0,1651,Texas,2022,822,16,Personal foul committed by Isaiah Taylor.,NA,FALSE,FALSE,NA,NA,NA,NA,NA,NA,0,Baylor,Baylor,16,NA,Rico Gathers,Taurean Prince,Al Freeman,Ishmail Wainright,Lester Medford,Javan Felix,Prince Ibeh,Connor Lammert,Isaiah Taylor,Kendal Yancy
2015-16,2016-02-01,1576696,78,0,1,Baylor,Texas,Bears,Longhorns,4,4,13,13,0,1313,Baylor,2020,820,2,King McClure misses a 3-point jump shot from 23 feet out.,missed,FALSE,TRUE,Jump Shot,47.7,10.950000000000003,887890,King McClure,NA,0,Baylor,Baylor,16,NA,Rico Gathers,Taurean Prince,Al Freeman,Ishmail Wainright,Lester Medford,Javan Felix,Prince Ibeh,Connor Lammert,Isaiah Taylor,Kendal Yancy
2015-16,2016-02-01,1576696,79,0,1,Baylor,Texas,Bears,Longhorns,4,4,13,13,0,1313,Baylor,2020,820,0,Taurean Prince with an offensive rebound.,NA,FALSE,FALSE,NA,NA,NA,NA,NA,NA,0,Baylor,Baylor,16,NA,Rico Gathers,Taurean Prince,Al Freeman,Ishmail Wainright,Lester Medford,Javan Felix,Prince Ibeh,Connor Lammert,Isaiah Taylor,Kendal Yancy
2015-16,2016-02-01,1576696,80,0,1,Baylor,Texas,Bears,Longhorns,4,4,13,13,0,1313,Baylor,2007,807,13,Johnathan Motley misses a jump shot from 16 feet out.,missed,FALSE,FALSE,Jump Shot,8.600000000000001,6.549999999999997,748529,Johnathan Motley,NA,0,Baylor,Baylor,16,NA,Rico Gathers,Taurean Prince,Al Freeman,Ishmail Wainright,Lester Medford,Javan Felix,Prince Ibeh,Connor Lammert,Isaiah Taylor,Kendal Yancy
2015-16,2016-02-01,1576696,81,0,1,Baylor,Texas,Bears,Longhorns,4,4,13,13,0,1651,Texas,2007,807,0,Eric Davis Jr. with a defensive rebound.,NA,FALSE,FALSE,NA,NA,NA,NA,NA,NA,0,Baylor,Texas,16,NA,Rico Gathers,Taurean Prince,Al Freeman,Ishmail Wainright,Lester Medford,Javan Felix,Prince Ibeh,Connor Lammert,Isaiah Taylor,Kendal Yancy
2015-16,2016-02-01,1576696,82,0,1,Baylor,Texas,Bears,Longhorns,4,4,13,16,-3,1651,Texas,1989,789,18,Kerwin Roach makes a 3-point jump shot from 25 feet out. Javan Felix with the assist.,made,FALSE,TRUE,Jump Shot,39.9,25.05,880686,Kerwin Roach,Javan Felix,0,Texas,Baylor,17,NA,Rico Gathers,Taurean Prince,Al Freeman,Ishmail Wainright,Lester Medford,Javan Felix,Prince Ibeh,Connor Lammert,Isaiah Taylor,Kendal Yancy
2015-16,2016-02-01,1576696,87,0,1,Baylor,Texas,Bears,Longhorns,4,4,16,16,0,1313,Baylor,1971,771,18,Taurean Prince makes a 3-point jump shot from 23 feet out. Lester Medford with the assist.,made,FALSE,TRUE,Jump Shot,6.700000000000003,19.150000000000006,696209,Taurean Prince,Lester Medford,0,Baylor,Texas,18,NA,Rico Gathers,Taurean Prince,Al Freeman,Ishmail Wainright,Lester Medford,Javan Felix,Prince Ibeh,Connor Lammert,Isaiah Taylor,Kendal Yancy
2015-16,2016-02-01,1576696,90,0,1,Baylor,Texas,Bears,Longhorns,4,4,16,16,0,1651,Texas,1943,743,28,Eric Davis Jr. misses a layup.,missed,FALSE,FALSE,Layup Shot,26,6.25,880683,Eric Davis Jr.,NA,0,Texas,Texas,19,NA,Rico Gathers,Taurean Prince,Al Freeman,Ishmail Wainright,Lester Medford,Javan Felix,Prince Ibeh,Connor Lammert,Isaiah Taylor,Kendal Yancy
2015-16,2016-02-01,1576696,91,0,1,Baylor,Texas,Bears,Longhorns,4,4,16,16,0,1651,Texas,1943,743,0,Prince Ibeh with an offensive rebound.,NA,FALSE,FALSE,NA,NA,NA,NA,NA,NA,0,Texas,Texas,19,NA,Rico Gathers,Taurean Prince,Al Freeman,Ishmail Wainright,Lester Medford,Javan Felix,Prince Ibeh,Connor Lammert,Isaiah Taylor,Kendal Yancy
2015-16,2016-02-01,1576696,93,0,1,Baylor,Texas,Bears,Longhorns,4,4,16,19,-3,1651,Texas,1925,725,18,Kerwin Roach makes a 3-point jump shot from 24 feet out. Javan Felix with the assist.,made,FALSE,TRUE,Jump Shot,35.3,27.45,880686,Kerwin Roach,Javan Felix,0,Texas,Baylor,19,NA,Rico Gathers,Taurean Prince,Al Freeman,Ishmail Wainright,Lester Medford,Javan Felix,Prince Ibeh,Connor Lammert,Isaiah Taylor,Kendal Yancy
2015-16,2016-02-01,1576696,95,0,1,Baylor,Texas,Bears,Longhorns,4,4,16,19,-3,1651,Texas,1907,707,18,Shooting foul committed by Shaquille Cleare.,NA,FALSE,FALSE,NA,NA,NA,NA,NA,NA,0,Baylor,Baylor,20,NA,Rico Gathers,Taurean Prince,Al Freeman,Ishmail Wainright,Lester Medford,Javan Felix,Prince Ibeh,Connor Lammert,Isaiah Taylor,Kendal Yancy
2015-16,2016-02-01,1576696,96,0,1,Baylor,Texas,Bears,Longhorns,4,4,16,19,-3,NA,NA,1907,707,0,Official TV timeout.,NA,FALSE,FALSE,NA,NA,NA,NA,NA,NA,0,NA,NA,NA,NA,Rico Gathers,Taurean Prince,Al Freeman,Ishmail Wainright,Lester Medford,Javan Felix,Prince Ibeh,Connor Lammert,Isaiah Taylor,Kendal Yancy
2015-16,2016-02-01,1576696,97,0,1,Baylor,Texas,Bears,Longhorns,4,4,17,19,-2,1313,Baylor,1907,707,0,T.J. Maston makes free throw 1 of 2.,made,TRUE,FALSE,NA,NA,NA,NA,NA,NA,0,Baylor,Baylor,20,NA,Rico Gathers,Taurean Prince,Al Freeman,Ishmail Wainright,Lester Medford,Javan Felix,Prince Ibeh,Connor Lammert,Isaiah Taylor,Kendal Yancy
2015-16,2016-02-01,1576696,98,0,1,Baylor,Texas,Bears,Longhorns,4,4,18,19,-1,1313,Baylor,1907,707,0,T.J. Maston makes free throw 2 of 2.,made,TRUE,FALSE,NA,NA,NA,NA,NA,NA,0,Baylor,Texas,20,NA,Rico Gathers,Taurean Prince,Al Freeman,Ishmail Wainright,Lester Medford,Javan Felix,Prince Ibeh,Connor Lammert,Isaiah Taylor,Kendal Yancy
2015-16,2016-02-01,1576696,103,0,1,Baylor,Texas,Bears,Longhorns,4,4,18,19,-1,1651,Texas,1890,690,17,Rico Gathers steals the ball from Shaquille Cleare.,NA,FALSE,FALSE,NA,NA,NA,NA,NA,NA,0,Texas,Baylor,21,NA,Rico Gathers,Taurean Prince,Al Freeman,Ishmail Wainright,Lester Medford,Javan Felix,Prince Ibeh,Connor Lammert,Isaiah Taylor,Kendal Yancy
2015-16,2016-02-01,1576696,107,0,1,Baylor,Texas,Bears,Longhorns,4,4,18,19,-1,1313,Baylor,1868,668,22,Taurean Prince misses a jump shot from 14 feet out.,missed,FALSE,FALSE,Jump Shot,11.100000000000001,7.75,696209,Taurean Prince,NA,0,Baylor,Baylor,22,NA,Rico Gathers,Taurean Prince,Al Freeman,Ishmail Wainright,Lester Medford,Javan Felix,Prince Ibeh,Connor Lammert,Isaiah Taylor,Kendal Yancy
2015-16,2016-02-01,1576696,110,0,1,Baylor,Texas,Bears,Longhorns,4,4,18,19,-1,1313,Baylor,1844,644,24,Rico Gathers misses a jump shot from 13 feet out.,missed,FALSE,FALSE,Jump Shot,24.6,17.950000000000003,696197,Rico Gathers,NA,0,Baylor,Baylor,22,NA,Rico Gathers,Taurean Prince,Al Freeman,Ishmail Wainright,Lester Medford,Javan Felix,Prince Ibeh,Connor Lammert,Isaiah Taylor,Kendal Yancy
2015-16,2016-02-01,1576696,111,0,1,Baylor,Texas,Bears,Longhorns,4,4,18,19,-1,1651,Texas,1844,644,0,Isaiah Taylor with a defensive rebound.,NA,FALSE,FALSE,NA,NA,NA,NA,NA,NA,0,Baylor,Texas,22,NA,Rico Gathers,Taurean Prince,Al Freeman,Ishmail Wainright,Lester Medford,Javan Felix,Prince Ibeh,Connor Lammert,Isaiah Taylor,Kendal Yancy
2015-16,2016-02-01,1576696,112,0,1,Baylor,Texas,Bears,Longhorns,4,4,18,21,-3,1651,Texas,1824,624,20,Isaiah Taylor makes a jump shot from 18 feet out. Kerwin Roach with the assist.,made,FALSE,FALSE,Jump Shot,7.600000000000001,7.15,795435,Isaiah Taylor,Kerwin Roach,0,Texas,Baylor,23,NA,Rico Gathers,Taurean Prince,Al Freeman,Ishmail Wainright,Lester Medford,Javan Felix,Prince Ibeh,Connor Lammert,Isaiah Taylor,Kendal Yancy
2015-16,2016-02-01,1576696,114,0,1,Baylor,Texas,Bears,Longhorns,4,4,18,21,-3,1651,Texas,1801,601,23,Personal foul committed by Kerwin Roach.,NA,FALSE,FALSE,NA,NA,NA,NA,NA,NA,0,Baylor,Baylor,24,NA,Rico Gathers,Taurean Prince,Al Freeman,Ishmail Wainright,Lester Medford,Javan Felix,Prince Ibeh,Connor Lammert,Isaiah Taylor,Kendal Yancy
2015-16,2016-02-01,1576696,116,0,1,Baylor,Texas,Bears,Longhorns,4,4,18,21,-3,1313,Baylor,1781,581,20,Jake Lindsey misses a layup.,missed,FALSE,FALSE,Layup Shot,26,6.25,887888,Jake Lindsey,NA,0,Baylor,Baylor,24,NA,Rico Gathers,Taurean Prince,Al Freeman,Ishmail Wainright,Lester Medford,Javan Felix,Prince Ibeh,Connor Lammert,Isaiah Taylor,Kendal Yancy
2015-16,2016-02-01,1576696,117,0,1,Baylor,Texas,Bears,Longhorns,4,4,18,21,-3,1651,Texas,1781,581,0,Shaquille Cleare with a defensive rebound.,NA,FALSE,FALSE,NA,NA,NA,NA,NA,NA,0,Baylor,Texas,24,NA,Rico Gathers,Taurean Prince,Al Freeman,Ishmail Wainright,Lester Medford,Javan Felix,Prince Ibeh,Connor Lammert,Isaiah Taylor,Kendal Yancy
2015-16,2016-02-01,1576696,118,0,1,Baylor,Texas,Bears,Longhorns,4,4,18,21,-3,1651,Texas,1762,562,19,Eric Davis Jr. misses a jump shot from 9 feet out.,missed,FALSE,FALSE,Jump Shot,33.1,8.75,880683,Eric Davis Jr.,NA,0,Texas,Texas,25,NA,Rico Gathers,Taurean Prince,Al Freeman,Ishmail Wainright,Lester Medford,Javan Felix,Prince Ibeh,Connor Lammert,Isaiah Taylor,Kendal Yancy
2015-16,2016-02-01,1576696,119,0,1,Baylor,Texas,Bears,Longhorns,4,4,18,21,-3,1313,Baylor,1762,562,0,Allerik Freeman with a defensive rebound.,NA,FALSE,FALSE,NA,NA,NA,NA,NA,NA,0,Texas,Baylor,25,NA,Rico Gathers,Taurean Prince,Al Freeman,Ishmail Wainright,Lester Medford,Javan Felix,Prince Ibeh,Connor Lammert,Isaiah Taylor,Kendal Yancy
2015-16,2016-02-01,1576696,123,0,1,Baylor,Texas,Bears,Longhorns,4,4,18,21,-3,1651,Texas,1759,559,3,Personal foul committed by Kerwin Roach.,NA,FALSE,FALSE,NA,NA,NA,NA,NA,NA,0,Baylor,Baylor,26,NA,Rico Gathers,Taurean Prince,Al Freeman,Ishmail Wainright,Lester Medford,Javan Felix,Prince Ibeh,Connor Lammert,Isaiah Taylor,Kendal Yancy
2015-16,2016-02-01,1576696,125,0,1,Baylor,Texas,Bears,Longhorns,4,4,18,21,-3,1313,Baylor,1736,536,23,Tevin Mack blocks a T.J. Maston layup.,missed,FALSE,FALSE,Layup Shot,26,6.25,851164,T.J. Maston,NA,0,Baylor,Baylor,26,NA,Rico Gathers,Taurean Prince,Al Freeman,Ishmail Wainright,Lester Medford,Javan Felix,Prince Ibeh,Connor Lammert,Isaiah Taylor,Kendal Yancy
2015-16,2016-02-01,1576696,126,0,1,Baylor,Texas,Bears,Longhorns,4,4,18,21,-3,1651,Texas,1736,536,0,Tevin Mack with a defensive rebound.,NA,FALSE,FALSE,NA,NA,NA,NA,NA,NA,0,Baylor,Texas,26,NA,Rico Gathers,Taurean Prince,Al Freeman,Ishmail Wainright,Lester Medford,Javan Felix,Prince Ibeh,Connor Lammert,Isaiah Taylor,Kendal Yancy
2015-16,2016-02-01,1576696,130,0,1,Baylor,Texas,Bears,Longhorns,4,4,18,21,-3,1651,Texas,1721,521,15,Isaiah Taylor misses a jump shot from 10 feet out.,missed,FALSE,FALSE,Jump Shot,33.8,9.25,795435,Isaiah Taylor,NA,0,Texas,Texas,27,NA,Rico Gathers,Taurean Prince,Al Freeman,Ishmail Wainright,Lester Medford,Javan Felix,Prince Ibeh,Connor Lammert,Isaiah Taylor,Kendal Yancy
2015-16,2016-02-01,1576696,131,0,1,Baylor,Texas,Bears,Longhorns,4,4,18,21,-3,1651,Texas,1721,521,0,Shaquille Cleare with an offensive rebound.,NA,FALSE,FALSE,NA,NA,NA,NA,NA,NA,0,Texas,Texas,27,NA,Rico Gathers,Taurean Prince,Al Freeman,Ishmail Wainright,Lester Medford,Javan Felix,Prince Ibeh,Connor Lammert,Isaiah Taylor,Kendal Yancy
2015-16,2016-02-01,1576696,132,0,1,Baylor,Texas,Bears,Longhorns,4,4,18,21,-3,1651,Texas,1715,515,6,Tevin Mack misses a 3-point jump shot from 23 feet out.,missed,FALSE,TRUE,Jump Shot,8.100000000000001,20.25,880684,Tevin Mack,NA,0,Texas,Texas,27,NA,Rico Gathers,Taurean Prince,Al Freeman,Ishmail Wainright,Lester Medford,Javan Felix,Prince Ibeh,Connor Lammert,Isaiah Taylor,Kendal Yancy
2015-16,2016-02-01,1576696,133,0,1,Baylor,Texas,Bears,Longhorns,4,4,18,21,-3,1313,Baylor,1715,515,0,Allerik Freeman with a defensive rebound.,NA,FALSE,FALSE,NA,NA,NA,NA,NA,NA,0,Texas,Baylor,27,NA,Rico Gathers,Taurean Prince,Al Freeman,Ishmail Wainright,Lester Medford,Javan Felix,Prince Ibeh,Connor Lammert,Isaiah Taylor,Kendal Yancy
2015-16,2016-02-01,1576696,135,0,1,Baylor,Texas,Bears,Longhorns,4,4,18,21,-3,1313,Baylor,1710,510,5,Allerik Freeman with a turnover - Bad Pass,NA,FALSE,FALSE,NA,NA,NA,NA,NA,NA,0,Baylor,Texas,28,NA,Rico Gathers,Taurean Prince,Al Freeman,Ishmail Wainright,Lester Medford,Javan Felix,Prince Ibeh,Connor Lammert,Isaiah Taylor,Kendal Yancy
2015-16,2016-02-01,1576696,138,0,1,Baylor,Texas,Bears,Longhorns,4,4,18,23,-5,1651,Texas,1688,488,22,Shaquille Cleare makes a hook shot from 6 feet out. Javan Felix with the assist.,made,FALSE,FALSE,Hook Shot,25.6,11.45,698667,Shaquille Cleare,Javan Felix,0,Texas,Texas,29,NA,Rico Gathers,Taurean Prince,Al Freeman,Ishmail Wainright,Lester Medford,Javan Felix,Prince Ibeh,Connor Lammert,Isaiah Taylor,Kendal Yancy
2015-16,2016-02-01,1576696,139,0,1,Baylor,Texas,Bears,Longhorns,4,4,18,23,-5,1313,Baylor,1688,488,0,Shooting foul committed by Rico Gathers.,NA,FALSE,FALSE,NA,NA,NA,NA,NA,NA,0,Texas,Texas,29,NA,Rico Gathers,Taurean Prince,Al Freeman,Ishmail Wainright,Lester Medford,Javan Felix,Prince Ibeh,Connor Lammert,Isaiah Taylor,Kendal Yancy
2015-16,2016-02-01,1576696,140,0,1,Baylor,Texas,Bears,Longhorns,4,4,18,24,-6,1651,Texas,1688,488,0,Shaquille Cleare makes free throw 1 of 1.,made,TRUE,FALSE,NA,NA,NA,NA,NA,NA,0,Texas,Baylor,29,NA,Rico Gathers,Taurean Prince,Al Freeman,Ishmail Wainright,Lester Medford,Javan Felix,Prince Ibeh,Connor Lammert,Isaiah Taylor,Kendal Yancy
2015-16,2016-02-01,1576696,142,0,1,Baylor,Texas,Bears,Longhorns,4,4,20,24,-4,1313,Baylor,1667,467,21,Rico Gathers makes a hook shot from 7 feet out. Allerik Freeman with the assist.,made,FALSE,FALSE,Hook Shot,22,11.25,696197,Rico Gathers,Allerik Freeman,0,Baylor,Texas,30,NA,Rico Gathers,Taurean Prince,Al Freeman,Ishmail Wainright,Lester Medford,Javan Felix,Prince Ibeh,Connor Lammert,Isaiah Taylor,Kendal Yancy
2015-16,2016-02-01,1576696,143,0,1,Baylor,Texas,Bears,Longhorns,4,4,20,26,-6,1651,Texas,1644,444,23,Demarcus Holland makes a layup. Isaiah Taylor with the assist.,made,FALSE,FALSE,Layup Shot,26,6.25,697626,Demarcus Holland,Isaiah Taylor,0,Texas,Baylor,31,NA,Rico Gathers,Taurean Prince,Al Freeman,Ishmail Wainright,Lester Medford,Javan Felix,Prince Ibeh,Connor Lammert,Isaiah Taylor,Kendal Yancy
2015-16,2016-02-01,1576696,145,0,1,Baylor,Texas,Bears,Longhorns,4,4,22,26,-4,1313,Baylor,1616,416,28,Johnathan Motley makes a jump shot from 7 feet out. Lester Medford with the assist.,made,FALSE,FALSE,Jump Shot,31.2,7.75,748529,Johnathan Motley,Lester Medford,0,Baylor,Texas,32,NA,Rico Gathers,Taurean Prince,Al Freeman,Ishmail Wainright,Lester Medford,Javan Felix,Prince Ibeh,Connor Lammert,Isaiah Taylor,Kendal Yancy
2015-16,2016-02-01,1576696,146,0,1,Baylor,Texas,Bears,Longhorns,4,4,22,26,-4,1651,Texas,1588,388,28,Johnathan Motley blocks a Tevin Mack 3-point jump shot from 25 feet out.,missed,FALSE,TRUE,Jump Shot,14.2,27.25,880684,Tevin Mack,NA,0,Texas,Texas,33,NA,Rico Gathers,Taurean Prince,Al Freeman,Ishmail Wainright,Lester Medford,Javan Felix,Prince Ibeh,Connor Lammert,Isaiah Taylor,Kendal Yancy
2015-16,2016-02-01,1576696,147,0,1,Baylor,Texas,Bears,Longhorns,4,4,22,26,-4,1313,Baylor,1588,388,0,Rico Gathers with a defensive rebound.,NA,FALSE,FALSE,NA,NA,NA,NA,NA,NA,0,Texas,Baylor,33,NA,Rico Gathers,Taurean Prince,Al Freeman,Ishmail Wainright,Lester Medford,Javan Felix,Prince Ibeh,Connor Lammert,Isaiah Taylor,Kendal Yancy
2015-16,2016-02-01,1576696,148,0,1,Baylor,Texas,Bears,Longhorns,4,4,22,26,-4,1313,Baylor,1577,377,11,Isaiah Taylor steals the ball from Lester Medford.,NA,FALSE,FALSE,NA,NA,NA,NA,NA,NA,0,Baylor,Texas,34,NA,Rico Gathers,Taurean Prince,Al Freeman,Ishmail Wainright,Lester Medford,Javan Felix,Prince Ibeh,Connor Lammert,Isaiah Taylor,Kendal Yancy
2015-16,2016-02-01,1576696,149,0,1,Baylor,Texas,Bears,Longhorns,4,4,22,28,-6,1651,Texas,1570,370,7,Javan Felix makes a jump shot from 14 feet out. Isaiah Taylor with the assist.,made,FALSE,FALSE,Jump Shot,38.9,5.65,697625,Javan Felix,Isaiah Taylor,0,Texas,Baylor,35,NA,Rico Gathers,Taurean Prince,Al Freeman,Ishmail Wainright,Lester Medford,Javan Felix,Prince Ibeh,Connor Lammert,Isaiah Taylor,Kendal Yancy
2015-16,2016-02-01,1576696,152,0,1,Baylor,Texas,Bears,Longhorns,4,4,22,28,-6,NA,NA,1549,349,21,Official TV timeout.,NA,FALSE,FALSE,NA,NA,NA,NA,NA,NA,0,NA,NA,NA,NA,Rico Gathers,Taurean Prince,Al Freeman,Ishmail Wainright,Lester Medford,Javan Felix,Prince Ibeh,Connor Lammert,Isaiah Taylor,Kendal Yancy
2015-16,2016-02-01,1576696,155,0,1,Baylor,Texas,Bears,Longhorns,4,4,24,28,-4,1313,Baylor,1541,341,8,Allerik Freeman makes a jump shot from 7 feet out. Lester Medford with the assist.,made,FALSE,FALSE,Jump Shot,21,11.25,748528,Allerik Freeman,Lester Medford,0,Baylor,Baylor,36,NA,Rico Gathers,Taurean Prince,Al Freeman,Ishmail Wainright,Lester Medford,Javan Felix,Prince Ibeh,Connor Lammert,Isaiah Taylor,Kendal Yancy
2015-16,2016-02-01,1576696,156,0,1,Baylor,Texas,Bears,Longhorns,4,4,24,28,-4,1651,Texas,1541,341,0,Shooting foul committed by Isaiah Taylor.,NA,FALSE,FALSE,NA,NA,NA,NA,NA,NA,0,Baylor,Baylor,36,NA,Rico Gathers,Taurean Prince,Al Freeman,Ishmail Wainright,Lester Medford,Javan Felix,Prince Ibeh,Connor Lammert,Isaiah Taylor,Kendal Yancy
2015-16,2016-02-01,1576696,157,0,1,Baylor,Texas,Bears,Longhorns,4,4,24,28,-4,1313,Baylor,1541,341,0,Allerik Freeman misses free throw 1 of 1.,missed,TRUE,FALSE,NA,NA,NA,NA,NA,NA,0,Baylor,Baylor,36,NA,Rico Gathers,Taurean Prince,Al Freeman,Ishmail Wainright,Lester Medford,Javan Felix,Prince Ibeh,Connor Lammert,Isaiah Taylor,Kendal Yancy
2015-16,2016-02-01,1576696,158,0,1,Baylor,Texas,Bears,Longhorns,4,4,24,28,-4,1651,Texas,1541,341,0,Demarcus Holland with a defensive rebound.,NA,FALSE,FALSE,NA,NA,NA,NA,NA,NA,0,Baylor,Texas,36,NA,Rico Gathers,Taurean Prince,Al Freeman,Ishmail Wainright,Lester Medford,Javan Felix,Prince Ibeh,Connor Lammert,Isaiah Taylor,Kendal Yancy
2015-16,2016-02-01,1576696,163,0,1,Baylor,Texas,Bears,Longhorns,4,4,24,28,-4,1313,Baylor,1516,316,25,Shooting foul committed by Ishmail Wainright.,NA,FALSE,FALSE,NA,NA,NA,NA,NA,NA,0,Texas,Texas,37,NA,Rico Gathers,Taurean Prince,Al Freeman,Ishmail Wainright,Lester Medford,Javan Felix,Prince Ibeh,Connor Lammert,Isaiah Taylor,Kendal Yancy
2015-16,2016-02-01,1576696,164,0,1,Baylor,Texas,Bears,Longhorns,4,4,24,29,-5,1651,Texas,1516,316,0,Tevin Mack makes free throw 1 of 2.,made,TRUE,FALSE,NA,NA,NA,NA,NA,NA,0,Texas,Texas,37,NA,Rico Gathers,Taurean Prince,Al Freeman,Ishmail Wainright,Lester Medford,Javan Felix,Prince Ibeh,Connor Lammert,Isaiah Taylor,Kendal Yancy
2015-16,2016-02-01,1576696,165,0,1,Baylor,Texas,Bears,Longhorns,4,4,24,30,-6,1651,Texas,1516,316,0,Tevin Mack makes free throw 2 of 2.,made,TRUE,FALSE,NA,NA,NA,NA,NA,NA,0,Texas,Baylor,37,NA,Rico Gathers,Taurean Prince,Al Freeman,Ishmail Wainright,Lester Medford,Javan Felix,Prince Ibeh,Connor Lammert,Isaiah Taylor,Kendal Yancy
2015-16,2016-02-01,1576696,167,0,1,Baylor,Texas,Bears,Longhorns,4,4,24,30,-6,1313,Baylor,1500,300,16,Demarcus Holland steals the ball from Allerik Freeman.,NA,FALSE,FALSE,NA,NA,NA,NA,NA,NA,0,Baylor,Texas,38,NA,Rico Gathers,Taurean Prince,Al Freeman,Ishmail Wainright,Lester Medford,Javan Felix,Prince Ibeh,Connor Lammert,Isaiah Taylor,Kendal Yancy
2015-16,2016-02-01,1576696,170,0,1,Baylor,Texas,Bears,Longhorns,4,4,24,30,-6,1651,Texas,1496,296,4,Taurean Prince blocks a Demarcus Holland dunk.,missed,FALSE,FALSE,Dunk Shot,26,6.25,697626,Demarcus Holland,NA,0,Texas,Texas,39,NA,Rico Gathers,Taurean Prince,Al Freeman,Ishmail Wainright,Lester Medford,Javan Felix,Prince Ibeh,Connor Lammert,Isaiah Taylor,Kendal Yancy
2015-16,2016-02-01,1576696,173,0,1,Baylor,Texas,Bears,Longhorns,4,4,24,30,-6,1651,Texas,1494,294,2,Taurean Prince steals the ball from Prince Ibeh.,NA,FALSE,FALSE,NA,NA,NA,NA,NA,NA,0,Texas,Baylor,39,NA,Rico Gathers,Taurean Prince,Al Freeman,Ishmail Wainright,Lester Medford,Javan Felix,Prince Ibeh,Connor Lammert,Isaiah Taylor,Kendal Yancy
2015-16,2016-02-01,1576696,174,0,1,Baylor,Texas,Bears,Longhorns,4,4,24,30,-6,1313,Baylor,1489,289,5,Demarcus Holland steals the ball from Taurean Prince.,NA,FALSE,FALSE,NA,NA,NA,NA,NA,NA,0,Baylor,Texas,40,NA,Rico Gathers,Taurean Prince,Al Freeman,Ishmail Wainright,Lester Medford,Javan Felix,Prince Ibeh,Connor Lammert,Isaiah Taylor,Kendal Yancy
2015-16,2016-02-01,1576696,177,0,1,Baylor,Texas,Bears,Longhorns,4,4,24,30,-6,1313,Baylor,1487,287,2,Personal foul committed by Ishmail Wainright.,NA,FALSE,FALSE,NA,NA,NA,NA,NA,NA,0,Texas,Texas,41,NA,Rico Gathers,Taurean Prince,Al Freeman,Ishmail Wainright,Lester Medford,Javan Felix,Prince Ibeh,Connor Lammert,Isaiah Taylor,Kendal Yancy
2015-16,2016-02-01,1576696,182,0,1,Baylor,Texas,Bears,Longhorns,4,4,24,30,-6,1313,Baylor,1466,266,21,Shooting foul committed by Johnathan Motley.,NA,FALSE,FALSE,NA,NA,NA,NA,NA,NA,0,Texas,Texas,41,NA,Rico Gathers,Taurean Prince,Al Freeman,Ishmail Wainright,Lester Medford,Javan Felix,Prince Ibeh,Connor Lammert,Isaiah Taylor,Kendal Yancy
2015-16,2016-02-01,1576696,183,0,1,Baylor,Texas,Bears,Longhorns,4,4,24,31,-7,1651,Texas,1466,266,0,Kendal Yancy makes free throw 1 of 2.,made,TRUE,FALSE,NA,NA,NA,NA,NA,NA,0,Texas,Texas,41,NA,Rico Gathers,Taurean Prince,Al Freeman,Ishmail Wainright,Lester Medford,Javan Felix,Prince Ibeh,Connor Lammert,Isaiah Taylor,Kendal Yancy
2015-16,2016-02-01,1576696,184,0,1,Baylor,Texas,Bears,Longhorns,4,4,24,32,-8,1651,Texas,1466,266,0,Kendal Yancy makes free throw 2 of 2.,made,TRUE,FALSE,NA,NA,NA,NA,NA,NA,0,Texas,Baylor,41,NA,Rico Gathers,Taurean Prince,Al Freeman,Ishmail Wainright,Lester Medford,Javan Felix,Prince Ibeh,Connor Lammert,Isaiah Taylor,Kendal Yancy
2015-16,2016-02-01,1576696,188,0,1,Baylor,Texas,Bears,Longhorns,4,4,26,32,-6,1313,Baylor,1445,245,21,Rico Gathers makes a layup. Taurean Prince with the assist.,made,FALSE,FALSE,Layup Shot,25,5.25,696197,Rico Gathers,Taurean Prince,0,Baylor,Baylor,42,NA,Rico Gathers,Taurean Prince,Al Freeman,Ishmail Wainright,Lester Medford,Javan Felix,Prince Ibeh,Connor Lammert,Isaiah Taylor,Kendal Yancy
2015-16,2016-02-01,1576696,189,0,1,Baylor,Texas,Bears,Longhorns,4,4,26,32,-6,1651,Texas,1445,245,0,Shooting foul committed by Prince Ibeh.,NA,FALSE,FALSE,NA,NA,NA,NA,NA,NA,0,Baylor,Baylor,42,NA,Rico Gathers,Taurean Prince,Al Freeman,Ishmail Wainright,Lester Medford,Javan Felix,Prince Ibeh,Connor Lammert,Isaiah Taylor,Kendal Yancy
2015-16,2016-02-01,1576696,190,0,1,Baylor,Texas,Bears,Longhorns,4,4,27,32,-5,1313,Baylor,1445,245,0,Rico Gathers makes free throw 1 of 1.,made,TRUE,FALSE,NA,NA,NA,NA,NA,NA,0,Baylor,Texas,42,NA,Rico Gathers,Taurean Prince,Al Freeman,Ishmail Wainright,Lester Medford,Javan Felix,Prince Ibeh,Connor Lammert,Isaiah Taylor,Kendal Yancy
2015-16,2016-02-01,1576696,195.5,0,1,Baylor,Texas,Bears,Longhorns,4,4,27,32,-5,1651,Texas,1431,231,14,Rico Gathers steals the ball from Prince Ibeh.,NA,FALSE,FALSE,NA,NA,NA,NA,NA,NA,0,Texas,Baylor,43,NA,Rico Gathers,Taurean Prince,Al Freeman,Ishmail Wainright,Lester Medford,Javan Felix,Prince Ibeh,Connor Lammert,Isaiah Taylor,Kendal Yancy
2015-16,2016-02-01,1576696,196,0,1,Baylor,Texas,Bears,Longhorns,4,4,27,32,-5,NA,NA,1431,231,0,Official TV timeout.,NA,FALSE,FALSE,NA,NA,NA,NA,NA,NA,0,NA,NA,NA,NA,Rico Gathers,Taurean Prince,Al Freeman,Ishmail Wainright,Lester Medford,Javan Felix,Prince Ibeh,Connor Lammert,Isaiah Taylor,Kendal Yancy
2015-16,2016-02-01,1576696,201,0,1,Baylor,Texas,Bears,Longhorns,4,4,27,32,-5,1313,Baylor,1404,204,27,Allerik Freeman misses a jump shot from 19 feet out.,missed,FALSE,FALSE,Jump Shot,23.2,24.049999999999997,748528,Allerik Freeman,NA,0,Baylor,Baylor,44,NA,Rico Gathers,Taurean Prince,Al Freeman,Ishmail Wainright,Lester Medford,Javan Felix,Prince Ibeh,Connor Lammert,Isaiah Taylor,Kendal Yancy
2015-16,2016-02-01,1576696,202,0,1,Baylor,Texas,Bears,Longhorns,4,4,27,32,-5,1313,Baylor,1404,204,0,Rico Gathers with an offensive rebound.,NA,FALSE,FALSE,NA,NA,NA,NA,NA,NA,0,Baylor,Baylor,44,NA,Rico Gathers,Taurean Prince,Al Freeman,Ishmail Wainright,Lester Medford,Javan Felix,Prince Ibeh,Connor Lammert,Isaiah Taylor,Kendal Yancy
2015-16,2016-02-01,1576696,203,0,1,Baylor,Texas,Bears,Longhorns,4,4,29,32,-3,1313,Baylor,1399,199,5,Rico Gathers makes a layup.,made,FALSE,FALSE,Layup Shot,25,5.25,696197,Rico Gathers,NA,0,Baylor,Texas,44,NA,Rico Gathers,Taurean Prince,Al Freeman,Ishmail Wainright,Lester Medford,Javan Felix,Prince Ibeh,Connor Lammert,Isaiah Taylor,Kendal Yancy
2015-16,2016-02-01,1576696,205,0,1,Baylor,Texas,Bears,Longhorns,4,4,29,32,-3,1651,Texas,1379,179,20,Demarcus Holland with a turnover - Lost Ball Out of Bounds,NA,FALSE,FALSE,NA,NA,NA,NA,NA,NA,0,Texas,Baylor,45,NA,Rico Gathers,Taurean Prince,Al Freeman,Ishmail Wainright,Lester Medford,Javan Felix,Prince Ibeh,Connor Lammert,Isaiah Taylor,Kendal Yancy
2015-16,2016-02-01,1576696,219,0,1,Baylor,Texas,Bears,Longhorns,4,4,29,32,-3,1313,Baylor,1358,158,21,Taurean Prince with a turnover - Traveling,NA,FALSE,FALSE,NA,NA,NA,NA,NA,NA,0,Baylor,Texas,46,NA,Rico Gathers,Taurean Prince,Al Freeman,Ishmail Wainright,Lester Medford,Javan Felix,Prince Ibeh,Connor Lammert,Isaiah Taylor,Kendal Yancy
2015-16,2016-02-01,1576696,221,0,1,Baylor,Texas,Bears,Longhorns,4,4,29,35,-6,1651,Texas,1337,137,21,Eric Davis Jr. makes a 3-point jump shot from 24 feet out. Kendal Yancy with the assist.,made,FALSE,TRUE,Jump Shot,37.3,25.75,880683,Eric Davis Jr.,Kendal Yancy,0,Texas,Baylor,47,NA,Rico Gathers,Taurean Prince,Al Freeman,Ishmail Wainright,Lester Medford,Javan Felix,Prince Ibeh,Connor Lammert,Isaiah Taylor,Kendal Yancy
2015-16,2016-02-01,1576696,222,0,1,Baylor,Texas,Bears,Longhorns,4,4,29,35,-6,1313,Baylor,1306,106,31,Prince Ibeh blocks a Rico Gathers layup.,missed,FALSE,FALSE,Layup Shot,26,6.25,696197,Rico Gathers,NA,0,Baylor,Baylor,48,NA,Rico Gathers,Taurean Prince,Al Freeman,Ishmail Wainright,Lester Medford,Javan Felix,Prince Ibeh,Connor Lammert,Isaiah Taylor,Kendal Yancy
2015-16,2016-02-01,1576696,223,0,1,Baylor,Texas,Bears,Longhorns,4,4,29,35,-6,1651,Texas,1306,106,0,Eric Davis Jr. with a defensive rebound.,NA,FALSE,FALSE,NA,NA,NA,NA,NA,NA,0,Baylor,Texas,48,NA,Rico Gathers,Taurean Prince,Al Freeman,Ishmail Wainright,Lester Medford,Javan Felix,Prince Ibeh,Connor Lammert,Isaiah Taylor,Kendal Yancy
2015-16,2016-02-01,1576696,228,0,1,Baylor,Texas,Bears,Longhorns,4,4,29,35,-6,1313,Baylor,1300,100,6,Personal foul committed by Lester Medford.,NA,FALSE,FALSE,NA,NA,NA,NA,NA,NA,0,Texas,Texas,49,NA,Rico Gathers,Taurean Prince,Al Freeman,Ishmail Wainright,Lester Medford,Javan Felix,Prince Ibeh,Connor Lammert,Isaiah Taylor,Kendal Yancy
2015-16,2016-02-01,1576696,229,0,1,Baylor,Texas,Bears,Longhorns,4,4,29,35,-6,1651,Texas,1300,100,0,Javan Felix misses free throw 1st of 1-and-1.,missed,TRUE,FALSE,NA,NA,NA,NA,NA,NA,0,Texas,Texas,49,NA,Rico Gathers,Taurean Prince,Al Freeman,Ishmail Wainright,Lester Medford,Javan Felix,Prince Ibeh,Connor Lammert,Isaiah Taylor,Kendal Yancy
2015-16,2016-02-01,1576696,230,0,1,Baylor,Texas,Bears,Longhorns,4,4,29,35,-6,1313,Baylor,1300,100,0,Taurean Prince with a defensive rebound.,NA,FALSE,FALSE,NA,NA,NA,NA,NA,NA,0,Texas,Baylor,49,NA,Rico Gathers,Taurean Prince,Al Freeman,Ishmail Wainright,Lester Medford,Javan Felix,Prince Ibeh,Connor Lammert,Isaiah Taylor,Kendal Yancy
2015-16,2016-02-01,1576696,232,0,1,Baylor,Texas,Bears,Longhorns,4,4,29,35,-6,1313,Baylor,1284,84,16,Lester Medford misses a jump shot from 7 feet out.,missed,FALSE,FALSE,Jump Shot,26.6,11.75,851165,Lester Medford,NA,0,Baylor,Baylor,50,NA,Rico Gathers,Taurean Prince,Al Freeman,Ishmail Wainright,Lester Medford,Javan Felix,Prince Ibeh,Connor Lammert,Isaiah Taylor,Kendal Yancy
2015-16,2016-02-01,1576696,233,0,1,Baylor,Texas,Bears,Longhorns,4,4,29,35,-6,1313,Baylor,1284,84,0,Taurean Prince with an offensive rebound.,NA,FALSE,FALSE,NA,NA,NA,NA,NA,NA,0,Baylor,Baylor,50,NA,Rico Gathers,Taurean Prince,Al Freeman,Ishmail Wainright,Lester Medford,Javan Felix,Prince Ibeh,Connor Lammert,Isaiah Taylor,Kendal Yancy
2015-16,2016-02-01,1576696,234,0,1,Baylor,Texas,Bears,Longhorns,4,4,29,35,-6,1313,Baylor,1260,60,24,T.J. Maston misses a jump shot from 6 feet out.,missed,FALSE,FALSE,Jump Shot,19.6,8.849999999999994,851164,T.J. Maston,NA,0,Baylor,Baylor,50,NA,Rico Gathers,Taurean Prince,Al Freeman,Ishmail Wainright,Lester Medford,Javan Felix,Prince Ibeh,Connor Lammert,Isaiah Taylor,Kendal Yancy
2015-16,2016-02-01,1576696,235,0,1,Baylor,Texas,Bears,Longhorns,4,4,29,35,-6,1651,Texas,1260,60,0,Kendal Yancy with a defensive rebound.,NA,FALSE,FALSE,NA,NA,NA,NA,NA,NA,0,Baylor,Texas,50,NA,Rico Gathers,Taurean Prince,Al Freeman,Ishmail Wainright,Lester Medford,Javan Felix,Prince Ibeh,Connor Lammert,Isaiah Taylor,Kendal Yancy
2015-16,2016-02-01,1576696,246,0,1,Baylor,Texas,Bears,Longhorns,4,4,29,35,-6,1313,Baylor,1228,28,32,Personal foul committed by Allerik Freeman.,NA,FALSE,FALSE,NA,NA,NA,NA,NA,NA,0,Texas,Texas,51,NA,Rico Gathers,Taurean Prince,Al Freeman,Ishmail Wainright,Lester Medford,Javan Felix,Prince Ibeh,Connor Lammert,Isaiah Taylor,Kendal Yancy
2015-16,2016-02-01,1576696,247,0,1,Baylor,Texas,Bears,Longhorns,4,4,29,35,-6,1651,Texas,1228,28,0,Eric Davis Jr. misses free throw 1st of 1-and-1.,missed,TRUE,FALSE,NA,NA,NA,NA,NA,NA,0,Texas,Texas,51,NA,Rico Gathers,Taurean Prince,Al Freeman,Ishmail Wainright,Lester Medford,Javan Felix,Prince Ibeh,Connor Lammert,Isaiah Taylor,Kendal Yancy
2015-16,2016-02-01,1576696,248,0,1,Baylor,Texas,Bears,Longhorns,4,4,29,35,-6,1313,Baylor,1228,28,0,Rico Gathers with a defensive rebound.,NA,FALSE,FALSE,NA,NA,NA,NA,NA,NA,0,Texas,Baylor,51,NA,Rico Gathers,Taurean Prince,Al Freeman,Ishmail Wainright,Lester Medford,Javan Felix,Prince Ibeh,Connor Lammert,Isaiah Taylor,Kendal Yancy
2015-16,2016-02-01,1576696,254,0,1,Baylor,Texas,Bears,Longhorns,4,4,29,35,-6,1313,Baylor,1201,1,27,Lester Medford misses a layup.,missed,FALSE,FALSE,Layup Shot,26,6.25,851165,Lester Medford,NA,0,Baylor,Baylor,52,NA,Rico Gathers,Taurean Prince,Al Freeman,Ishmail Wainright,Lester Medford,Javan Felix,Prince Ibeh,Connor Lammert,Isaiah Taylor,Kendal Yancy
2015-16,2016-02-01,1576696,255,0,1,Baylor,Texas,Bears,Longhorns,4,4,29,35,-6,1651,Texas,1201,1,0,Prince Ibeh with a defensive rebound.,NA,FALSE,FALSE,NA,NA,NA,NA,NA,NA,0,Baylor,Texas,52,NA,Rico Gathers,Taurean Prince,Al Freeman,Ishmail Wainright,Lester Medford,Javan Felix,Prince Ibeh,Connor Lammert,Isaiah Taylor,Kendal Yancy
2015-16,2016-02-01,1576696,256,0,1,Baylor,Texas,Bears,Longhorns,4,4,29,35,-6,NA,NA,1200,0,1,End of the 1st Half,NA,FALSE,FALSE,NA,NA,NA,NA,NA,NA,0,NA,NA,NA,NA,Rico Gathers,Taurean Prince,Al Freeman,Ishmail Wainright,Lester Medford,Javan Felix,Prince Ibeh,Connor Lammert,Isaiah Taylor,Kendal Yancy
2015-16,2016-02-01,1576696,258,0,2,Baylor,Texas,Bears,Longhorns,4,4,29,35,-6,NA,NA,1200,1200,0,Start of the 2nd Half,NA,FALSE,FALSE,NA,NA,NA,NA,NA,NA,0,NA,Baylor,53,NA,Rico Gathers,Taurean Prince,Al Freeman,Ishmail Wainright,Lester Medford,Javan Felix,Prince Ibeh,Connor Lammert,Isaiah Taylor,Kendal Yancy
2015-16,2016-02-01,1576696,262,0,2,Baylor,Texas,Bears,Longhorns,4,4,29,35,-6,1313,Baylor,1186,1186,14,Isaiah Taylor steals the ball from Lester Medford.,NA,FALSE,FALSE,NA,NA,NA,NA,NA,NA,0,Baylor,Texas,54,NA,Rico Gathers,Taurean Prince,Al Freeman,Ishmail Wainright,Lester Medford,Javan Felix,Prince Ibeh,Connor Lammert,Isaiah Taylor,Kendal Yancy
2015-16,2016-02-01,1576696,267,0,2,Baylor,Texas,Bears,Longhorns,4,4,29,35,-6,1651,Texas,1169,1169,17,Prince Ibeh with a turnover - Lost Ball Out of Bounds,NA,FALSE,FALSE,NA,NA,NA,NA,NA,NA,0,Texas,Baylor,55,NA,Rico Gathers,Taurean Prince,Al Freeman,Ishmail Wainright,Lester Medford,Javan Felix,Prince Ibeh,Connor Lammert,Isaiah Taylor,Kendal Yancy
2015-16,2016-02-01,1576696,269,0,2,Baylor,Texas,Bears,Longhorns,4,4,29,35,-6,1313,Baylor,1147,1147,22,Taurean Prince misses a 3-point jump shot from 22 feet out.,missed,FALSE,TRUE,Jump Shot,47,7.349999999999994,696209,Taurean Prince,NA,0,Baylor,Baylor,56,NA,Rico Gathers,Taurean Prince,Al Freeman,Ishmail Wainright,Lester Medford,Javan Felix,Prince Ibeh,Connor Lammert,Isaiah Taylor,Kendal Yancy
2015-16,2016-02-01,1576696,270,0,2,Baylor,Texas,Bears,Longhorns,4,4,29,35,-6,1651,Texas,1147,1147,0,Kendal Yancy with a defensive rebound.,NA,FALSE,FALSE,NA,NA,NA,NA,NA,NA,0,Baylor,Texas,56,NA,Rico Gathers,Taurean Prince,Al Freeman,Ishmail Wainright,Lester Medford,Javan Felix,Prince Ibeh,Connor Lammert,Isaiah Taylor,Kendal Yancy
2015-16,2016-02-01,1576696,271,0,2,Baylor,Texas,Bears,Longhorns,4,4,29,35,-6,1651,Texas,1115,1115,32,Isaiah Taylor misses a layup.,missed,FALSE,FALSE,Layup Shot,25,5.25,795435,Isaiah Taylor,NA,0,Texas,Texas,57,NA,Rico Gathers,Taurean Prince,Al Freeman,Ishmail Wainright,Lester Medford,Javan Felix,Prince Ibeh,Connor Lammert,Isaiah Taylor,Kendal Yancy
2015-16,2016-02-01,1576696,272,0,2,Baylor,Texas,Bears,Longhorns,4,4,29,35,-6,1313,Baylor,1115,1115,0,Taurean Prince with a defensive rebound.,NA,FALSE,FALSE,NA,NA,NA,NA,NA,NA,0,Texas,Baylor,57,NA,Rico Gathers,Taurean Prince,Al Freeman,Ishmail Wainright,Lester Medford,Javan Felix,Prince Ibeh,Connor Lammert,Isaiah Taylor,Kendal Yancy
2015-16,2016-02-01,1576696,275,0,2,Baylor,Texas,Bears,Longhorns,4,4,29,35,-6,1313,Baylor,1101,1101,14,Rico Gathers misses a jump shot from 5 feet out.,missed,FALSE,FALSE,Jump Shot,28.3,9.25,696197,Rico Gathers,NA,0,Baylor,Baylor,58,NA,Rico Gathers,Taurean Prince,Al Freeman,Ishmail Wainright,Lester Medford,Javan Felix,Prince Ibeh,Connor Lammert,Isaiah Taylor,Kendal Yancy
2015-16,2016-02-01,1576696,276,0,2,Baylor,Texas,Bears,Longhorns,4,4,29,35,-6,1313,Baylor,1101,1101,0,Taurean Prince with an offensive rebound.,NA,FALSE,FALSE,NA,NA,NA,NA,NA,NA,0,Baylor,Baylor,58,NA,Rico Gathers,Taurean Prince,Al Freeman,Ishmail Wainright,Lester Medford,Javan Felix,Prince Ibeh,Connor Lammert,Isaiah Taylor,Kendal Yancy
2015-16,2016-02-01,1576696,279,0,2,Baylor,Texas,Bears,Longhorns,4,4,29,35,-6,1651,Texas,1099,1099,2,Shooting foul committed by Kendal Yancy.,NA,FALSE,FALSE,NA,NA,NA,NA,NA,NA,0,Baylor,Baylor,58,NA,Rico Gathers,Taurean Prince,Al Freeman,Ishmail Wainright,Lester Medford,Javan Felix,Prince Ibeh,Connor Lammert,Isaiah Taylor,Kendal Yancy
2015-16,2016-02-01,1576696,280,0,2,Baylor,Texas,Bears,Longhorns,4,4,30,35,-5,1313,Baylor,1099,1099,0,Taurean Prince makes free throw 1 of 2.,made,TRUE,FALSE,NA,NA,NA,NA,NA,NA,0,Baylor,Baylor,58,NA,Rico Gathers,Taurean Prince,Al Freeman,Ishmail Wainright,Lester Medford,Javan Felix,Prince Ibeh,Connor Lammert,Isaiah Taylor,Kendal Yancy
2015-16,2016-02-01,1576696,281,0,2,Baylor,Texas,Bears,Longhorns,4,4,31,35,-4,1313,Baylor,1099,1099,0,Taurean Prince makes free throw 2 of 2.,made,TRUE,FALSE,NA,NA,NA,NA,NA,NA,0,Baylor,Texas,58,NA,Rico Gathers,Taurean Prince,Al Freeman,Ishmail Wainright,Lester Medford,Javan Felix,Prince Ibeh,Connor Lammert,Isaiah Taylor,Kendal Yancy
2015-16,2016-02-01,1576696,283,0,2,Baylor,Texas,Bears,Longhorns,4,4,31,37,-6,1651,Texas,1076,1076,23,Prince Ibeh makes a hook shot from 4 feet out. Connor Lammert with the assist.,made,FALSE,FALSE,Hook Shot,23.4,8.85,697627,Prince Ibeh,Connor Lammert,0,Texas,Baylor,59,NA,Rico Gathers,Taurean Prince,Al Freeman,Ishmail Wainright,Lester Medford,Javan Felix,Prince Ibeh,Connor Lammert,Isaiah Taylor,Kendal Yancy
2015-16,2016-02-01,1576696,284,0,2,Baylor,Texas,Bears,Longhorns,4,4,31,37,-6,1313,Baylor,1056,1056,20,Allerik Freeman misses a 3-point jump shot from 23 feet out.,missed,FALSE,TRUE,Jump Shot,47.5,10.75,748528,Allerik Freeman,NA,0,Baylor,Baylor,60,NA,Rico Gathers,Taurean Prince,Al Freeman,Ishmail Wainright,Lester Medford,Javan Felix,Prince Ibeh,Connor Lammert,Isaiah Taylor,Kendal Yancy
2015-16,2016-02-01,1576696,285,0,2,Baylor,Texas,Bears,Longhorns,4,4,31,37,-6,1651,Texas,1056,1056,0,Isaiah Taylor with a defensive rebound.,NA,FALSE,FALSE,NA,NA,NA,NA,NA,NA,0,Baylor,Texas,60,NA,Rico Gathers,Taurean Prince,Al Freeman,Ishmail Wainright,Lester Medford,Javan Felix,Prince Ibeh,Connor Lammert,Isaiah Taylor,Kendal Yancy
2015-16,2016-02-01,1576696,286,0,2,Baylor,Texas,Bears,Longhorns,4,4,31,37,-6,1651,Texas,1049,1049,7,Javan Felix misses a layup.,missed,FALSE,FALSE,Layup Shot,25,5.25,697625,Javan Felix,NA,0,Texas,Texas,61,NA,Rico Gathers,Taurean Prince,Al Freeman,Ishmail Wainright,Lester Medford,Javan Felix,Prince Ibeh,Connor Lammert,Isaiah Taylor,Kendal Yancy
2015-16,2016-02-01,1576696,287,0,2,Baylor,Texas,Bears,Longhorns,4,4,31,37,-6,1651,Texas,1049,1049,0,Kendal Yancy with an offensive rebound.,NA,FALSE,FALSE,NA,NA,NA,NA,NA,NA,0,Texas,Texas,61,NA,Rico Gathers,Taurean Prince,Al Freeman,Ishmail Wainright,Lester Medford,Javan Felix,Prince Ibeh,Connor Lammert,Isaiah Taylor,Kendal Yancy
2015-16,2016-02-01,1576696,288,0,2,Baylor,Texas,Bears,Longhorns,4,4,31,37,-6,1651,Texas,1042,1042,7,Kendal Yancy misses a tip shot from 3 feet out.,missed,FALSE,FALSE,Tip Shot,25.4,8.25,795437,Kendal Yancy,NA,0,Texas,Texas,61,NA,Rico Gathers,Taurean Prince,Al Freeman,Ishmail Wainright,Lester Medford,Javan Felix,Prince Ibeh,Connor Lammert,Isaiah Taylor,Kendal Yancy
2015-16,2016-02-01,1576696,289,0,2,Baylor,Texas,Bears,Longhorns,4,4,31,37,-6,1313,Baylor,1042,1042,0,Lester Medford with a defensive rebound.,NA,FALSE,FALSE,NA,NA,NA,NA,NA,NA,0,Texas,Baylor,61,NA,Rico Gathers,Taurean Prince,Al Freeman,Ishmail Wainright,Lester Medford,Javan Felix,Prince Ibeh,Connor Lammert,Isaiah Taylor,Kendal Yancy
2015-16,2016-02-01,1576696,290,0,2,Baylor,Texas,Bears,Longhorns,4,4,31,37,-6,1313,Baylor,1023,1023,19,Prince Ibeh blocks a Taurean Prince jump shot from 9 feet out.,missed,FALSE,FALSE,Jump Shot,29,13.450000000000003,696209,Taurean Prince,NA,0,Baylor,Baylor,62,NA,Rico Gathers,Taurean Prince,Al Freeman,Ishmail Wainright,Lester Medford,Javan Felix,Prince Ibeh,Connor Lammert,Isaiah Taylor,Kendal Yancy
2015-16,2016-02-01,1576696,291,0,2,Baylor,Texas,Bears,Longhorns,4,4,31,37,-6,1313,Baylor,1023,1023,0,Rico Gathers with an offensive rebound.,NA,FALSE,FALSE,NA,NA,NA,NA,NA,NA,0,Baylor,Baylor,62,NA,Rico Gathers,Taurean Prince,Al Freeman,Ishmail Wainright,Lester Medford,Javan Felix,Prince Ibeh,Connor Lammert,Isaiah Taylor,Kendal Yancy
2015-16,2016-02-01,1576696,291.5,0,2,Baylor,Texas,Bears,Longhorns,4,4,31,37,-6,1313,Baylor,1020,1020,3,Taurean Prince misses a jump shot from 13 feet out.,missed,FALSE,FALSE,Jump Shot,14,12.25,696209,Taurean Prince,NA,0,Baylor,Baylor,62,NA,Rico Gathers,Taurean Prince,Al Freeman,Ishmail Wainright,Lester Medford,Javan Felix,Prince Ibeh,Connor Lammert,Isaiah Taylor,Kendal Yancy
2015-16,2016-02-01,1576696,291.75,0,2,Baylor,Texas,Bears,Longhorns,4,4,31,37,-6,1651,Texas,1020,1020,0,Kendal Yancy with a defensive rebound.,NA,FALSE,FALSE,NA,NA,NA,NA,NA,NA,0,Baylor,Texas,62,NA,Rico Gathers,Taurean Prince,Al Freeman,Ishmail Wainright,Lester Medford,Javan Felix,Prince Ibeh,Connor Lammert,Isaiah Taylor,Kendal Yancy
2015-16,2016-02-01,1576696,292,0,2,Baylor,Texas,Bears,Longhorns,4,4,31,37,-6,1651,Texas,1014,1014,6,Kendal Yancy misses a 3-point jump shot from 24 feet out.,missed,FALSE,TRUE,Jump Shot,41.1,23.05,795437,Kendal Yancy,NA,0,Texas,Texas,63,NA,Rico Gathers,Taurean Prince,Al Freeman,Ishmail Wainright,Lester Medford,Javan Felix,Prince Ibeh,Connor Lammert,Isaiah Taylor,Kendal Yancy
2015-16,2016-02-01,1576696,293,0,2,Baylor,Texas,Bears,Longhorns,4,4,31,37,-6,1313,Baylor,1014,1014,0,Lester Medford with a defensive rebound.,NA,FALSE,FALSE,NA,NA,NA,NA,NA,NA,0,Texas,Baylor,63,NA,Rico Gathers,Taurean Prince,Al Freeman,Ishmail Wainright,Lester Medford,Javan Felix,Prince Ibeh,Connor Lammert,Isaiah Taylor,Kendal Yancy
2015-16,2016-02-01,1576696,294,0,2,Baylor,Texas,Bears,Longhorns,4,4,34,37,-3,1313,Baylor,1008,1008,6,Taurean Prince makes a 3-point jump shot from 24 feet out. Lester Medford with the assist.,made,FALSE,TRUE,Jump Shot,45,19.25,696209,Taurean Prince,Lester Medford,0,Baylor,Texas,64,NA,Rico Gathers,Taurean Prince,Al Freeman,Ishmail Wainright,Lester Medford,Javan Felix,Prince Ibeh,Connor Lammert,Isaiah Taylor,Kendal Yancy
2015-16,2016-02-01,1576696,298,0,2,Baylor,Texas,Bears,Longhorns,4,4,34,37,-3,1313,Baylor,984,984,24,Personal foul committed by Rico Gathers.,NA,FALSE,FALSE,NA,NA,NA,NA,NA,NA,0,Texas,Texas,65,NA,Rico Gathers,Taurean Prince,Al Freeman,Ishmail Wainright,Lester Medford,Javan Felix,Prince Ibeh,Connor Lammert,Isaiah Taylor,Kendal Yancy
2015-16,2016-02-01,1576696,303,0,2,Baylor,Texas,Bears,Longhorns,4,4,34,37,-3,1313,Baylor,984,984,0,Technical foul committed by Rico Gathers.,NA,FALSE,FALSE,NA,NA,NA,NA,NA,NA,0,Texas,Texas,65,NA,Rico Gathers,Taurean Prince,Al Freeman,Ishmail Wainright,Lester Medford,Javan Felix,Prince Ibeh,Connor Lammert,Isaiah Taylor,Kendal Yancy
2015-16,2016-02-01,1576696,303.5,0,2,Baylor,Texas,Bears,Longhorns,4,4,34,37,-3,1313,Baylor,984,984,0,Personal foul committed by Rico Gathers.,NA,FALSE,FALSE,NA,NA,NA,NA,NA,NA,0,Texas,Texas,65,NA,Rico Gathers,Taurean Prince,Al Freeman,Ishmail Wainright,Lester Medford,Javan Felix,Prince Ibeh,Connor Lammert,Isaiah Taylor,Kendal Yancy
2015-16,2016-02-01,1576696,304,0,2,Baylor,Texas,Bears,Longhorns,4,4,34,37,-3,1651,Texas,984,984,0,Personal foul committed by Isaiah Taylor.,NA,FALSE,FALSE,NA,NA,NA,NA,NA,NA,0,Baylor,Baylor,65,NA,Rico Gathers,Taurean Prince,Al Freeman,Ishmail Wainright,Lester Medford,Javan Felix,Prince Ibeh,Connor Lammert,Isaiah Taylor,Kendal Yancy
2015-16,2016-02-01,1576696,305,0,2,Baylor,Texas,Bears,Longhorns,4,4,34,37,-3,1651,Texas,984,984,0,Technical foul committed by Isaiah Taylor.,NA,FALSE,FALSE,NA,NA,NA,NA,NA,NA,0,Baylor,Texas,65,NA,Rico Gathers,Taurean Prince,Al Freeman,Ishmail Wainright,Lester Medford,Javan Felix,Prince Ibeh,Connor Lammert,Isaiah Taylor,Kendal Yancy
2015-16,2016-02-01,1576696,314,0,2,Baylor,Texas,Bears,Longhorns,4,4,34,37,-3,1651,Texas,963,963,21,Ishmail Wainright steals the ball from Kendal Yancy.,NA,FALSE,FALSE,NA,NA,NA,NA,NA,NA,0,Texas,Baylor,66,NA,Rico Gathers,Taurean Prince,Al Freeman,Ishmail Wainright,Lester Medford,Javan Felix,Prince Ibeh,Connor Lammert,Isaiah Taylor,Kendal Yancy
2015-16,2016-02-01,1576696,318,0,2,Baylor,Texas,Bears,Longhorns,4,4,34,37,-3,1651,Texas,938,938,25,Personal foul committed by Eric Davis Jr..,NA,FALSE,FALSE,NA,NA,NA,NA,NA,NA,0,Baylor,Baylor,67,NA,Rico Gathers,Taurean Prince,Al Freeman,Ishmail Wainright,Lester Medford,Javan Felix,Prince Ibeh,Connor Lammert,Isaiah Taylor,Kendal Yancy
2015-16,2016-02-01,1576696,319,0,2,Baylor,Texas,Bears,Longhorns,4,4,34,37,-3,NA,NA,938,938,0,Official TV timeout.,NA,FALSE,FALSE,NA,NA,NA,NA,NA,NA,0,NA,NA,NA,NA,Rico Gathers,Taurean Prince,Al Freeman,Ishmail Wainright,Lester Medford,Javan Felix,Prince Ibeh,Connor Lammert,Isaiah Taylor,Kendal Yancy
2015-16,2016-02-01,1576696,322,0,2,Baylor,Texas,Bears,Longhorns,4,4,34,37,-3,1313,Baylor,935,935,3,King McClure misses a 3-point jump shot from 24 feet out.,missed,FALSE,TRUE,Jump Shot,35.5,27.049999999999997,887890,King McClure,NA,0,Baylor,Baylor,67,NA,Rico Gathers,Taurean Prince,Al Freeman,Ishmail Wainright,Lester Medford,Javan Felix,Prince Ibeh,Connor Lammert,Isaiah Taylor,Kendal Yancy
2015-16,2016-02-01,1576696,323,0,2,Baylor,Texas,Bears,Longhorns,4,4,34,37,-3,1313,Baylor,935,935,0,Taurean Prince with an offensive rebound.,NA,FALSE,FALSE,NA,NA,NA,NA,NA,NA,0,Baylor,Baylor,67,NA,Rico Gathers,Taurean Prince,Al Freeman,Ishmail Wainright,Lester Medford,Javan Felix,Prince Ibeh,Connor Lammert,Isaiah Taylor,Kendal Yancy
2015-16,2016-02-01,1576696,324,0,2,Baylor,Texas,Bears,Longhorns,4,4,37,37,0,1313,Baylor,907,907,28,Taurean Prince makes a 3-point jump shot from 24 feet out.,made,FALSE,TRUE,Jump Shot,13,26.450000000000003,696209,Taurean Prince,NA,0,Baylor,Texas,67,NA,Rico Gathers,Taurean Prince,Al Freeman,Ishmail Wainright,Lester Medford,Javan Felix,Prince Ibeh,Connor Lammert,Isaiah Taylor,Kendal Yancy
2015-16,2016-02-01,1576696,328,0,2,Baylor,Texas,Bears,Longhorns,4,4,37,37,0,1651,Texas,886,886,21,Connor Lammert misses a jump shot from 18 feet out.,missed,FALSE,FALSE,Jump Shot,33.9,20.45,697628,Connor Lammert,NA,0,Texas,Texas,68,NA,Rico Gathers,Taurean Prince,Al Freeman,Ishmail Wainright,Lester Medford,Javan Felix,Prince Ibeh,Connor Lammert,Isaiah Taylor,Kendal Yancy
2015-16,2016-02-01,1576696,329,0,2,Baylor,Texas,Bears,Longhorns,4,4,37,37,0,1313,Baylor,886,886,0,Johnathan Motley with a defensive rebound.,NA,FALSE,FALSE,NA,NA,NA,NA,NA,NA,0,Texas,Baylor,68,NA,Rico Gathers,Taurean Prince,Al Freeman,Ishmail Wainright,Lester Medford,Javan Felix,Prince Ibeh,Connor Lammert,Isaiah Taylor,Kendal Yancy
2015-16,2016-02-01,1576696,330,0,2,Baylor,Texas,Bears,Longhorns,4,4,37,37,0,1651,Texas,886,886,0,Personal foul committed by Kendal Yancy.,NA,FALSE,FALSE,NA,NA,NA,NA,NA,NA,0,Baylor,Baylor,69,NA,Rico Gathers,Taurean Prince,Al Freeman,Ishmail Wainright,Lester Medford,Javan Felix,Prince Ibeh,Connor Lammert,Isaiah Taylor,Kendal Yancy
2015-16,2016-02-01,1576696,339,0,2,Baylor,Texas,Bears,Longhorns,4,4,37,37,0,1313,Baylor,863,863,23,Prince Ibeh blocks a Taurean Prince jump shot from 14 feet out.,missed,FALSE,FALSE,Jump Shot,11,8.349999999999994,696209,Taurean Prince,NA,0,Baylor,Baylor,69,NA,Rico Gathers,Taurean Prince,Al Freeman,Ishmail Wainright,Lester Medford,Javan Felix,Prince Ibeh,Connor Lammert,Isaiah Taylor,Kendal Yancy
2015-16,2016-02-01,1576696,340,0,2,Baylor,Texas,Bears,Longhorns,4,4,37,37,0,1651,Texas,863,863,0,Connor Lammert with a defensive rebound.,NA,FALSE,FALSE,NA,NA,NA,NA,NA,NA,0,Baylor,Texas,69,NA,Rico Gathers,Taurean Prince,Al Freeman,Ishmail Wainright,Lester Medford,Javan Felix,Prince Ibeh,Connor Lammert,Isaiah Taylor,Kendal Yancy
2015-16,2016-02-01,1576696,343,0,2,Baylor,Texas,Bears,Longhorns,4,4,37,39,-2,1651,Texas,840,840,23,Connor Lammert makes a layup. Isaiah Taylor with the assist.,made,FALSE,FALSE,Layup Shot,26,6.25,697628,Connor Lammert,Isaiah Taylor,0,Texas,Texas,70,NA,Rico Gathers,Taurean Prince,Al Freeman,Ishmail Wainright,Lester Medford,Javan Felix,Prince Ibeh,Connor Lammert,Isaiah Taylor,Kendal Yancy
2015-16,2016-02-01,1576696,344,0,2,Baylor,Texas,Bears,Longhorns,4,4,37,39,-2,1313,Baylor,840,840,0,Shooting foul committed by Johnathan Motley.,NA,FALSE,FALSE,NA,NA,NA,NA,NA,NA,0,Texas,Texas,70,NA,Rico Gathers,Taurean Prince,Al Freeman,Ishmail Wainright,Lester Medford,Javan Felix,Prince Ibeh,Connor Lammert,Isaiah Taylor,Kendal Yancy
2015-16,2016-02-01,1576696,345,0,2,Baylor,Texas,Bears,Longhorns,4,4,37,40,-3,1651,Texas,840,840,0,Connor Lammert makes free throw 1 of 1.,made,TRUE,FALSE,NA,NA,NA,NA,NA,NA,0,Texas,Baylor,70,NA,Rico Gathers,Taurean Prince,Al Freeman,Ishmail Wainright,Lester Medford,Javan Felix,Prince Ibeh,Connor Lammert,Isaiah Taylor,Kendal Yancy
2015-16,2016-02-01,1576696,347,0,2,Baylor,Texas,Bears,Longhorns,4,4,37,40,-3,1313,Baylor,815,815,25,Prince Ibeh blocks a Johnathan Motley hook shot from 4 feet out.,missed,FALSE,FALSE,Hook Shot,25.8,9.049999999999997,748529,Johnathan Motley,NA,0,Baylor,Baylor,71,NA,Rico Gathers,Taurean Prince,Al Freeman,Ishmail Wainright,Lester Medford,Javan Felix,Prince Ibeh,Connor Lammert,Isaiah Taylor,Kendal Yancy
2015-16,2016-02-01,1576696,348,0,2,Baylor,Texas,Bears,Longhorns,4,4,37,40,-3,1651,Texas,815,815,0,Eric Davis Jr. with a defensive rebound.,NA,FALSE,FALSE,NA,NA,NA,NA,NA,NA,0,Baylor,Texas,71,NA,Rico Gathers,Taurean Prince,Al Freeman,Ishmail Wainright,Lester Medford,Javan Felix,Prince Ibeh,Connor Lammert,Isaiah Taylor,Kendal Yancy
2015-16,2016-02-01,1576696,349,0,2,Baylor,Texas,Bears,Longhorns,4,4,37,40,-3,1651,Texas,796,796,19,Connor Lammert misses a 3-point jump shot from 23 feet out.,missed,FALSE,TRUE,Jump Shot,2,8.05,697628,Connor Lammert,NA,0,Texas,Texas,72,NA,Rico Gathers,Taurean Prince,Al Freeman,Ishmail Wainright,Lester Medford,Javan Felix,Prince Ibeh,Connor Lammert,Isaiah Taylor,Kendal Yancy
2015-16,2016-02-01,1576696,350,0,2,Baylor,Texas,Bears,Longhorns,4,4,37,40,-3,1313,Baylor,796,796,0,Ishmail Wainright with a defensive rebound.,NA,FALSE,FALSE,NA,NA,NA,NA,NA,NA,0,Texas,Baylor,72,NA,Rico Gathers,Taurean Prince,Al Freeman,Ishmail Wainright,Lester Medford,Javan Felix,Prince Ibeh,Connor Lammert,Isaiah Taylor,Kendal Yancy
2015-16,2016-02-01,1576696,351,0,2,Baylor,Texas,Bears,Longhorns,4,4,37,40,-3,1313,Baylor,787,787,9,Johnathan Motley misses a jump shot from 7 feet out.,missed,FALSE,FALSE,Jump Shot,21.3,11.150000000000006,748529,Johnathan Motley,NA,0,Baylor,Baylor,73,NA,Rico Gathers,Taurean Prince,Al Freeman,Ishmail Wainright,Lester Medford,Javan Felix,Prince Ibeh,Connor Lammert,Isaiah Taylor,Kendal Yancy
2015-16,2016-02-01,1576696,352,0,2,Baylor,Texas,Bears,Longhorns,4,4,37,40,-3,1651,Texas,787,787,0,Prince Ibeh with a defensive rebound.,NA,FALSE,FALSE,NA,NA,NA,NA,NA,NA,0,Baylor,Texas,73,NA,Rico Gathers,Taurean Prince,Al Freeman,Ishmail Wainright,Lester Medford,Javan Felix,Prince Ibeh,Connor Lammert,Isaiah Taylor,Kendal Yancy
2015-16,2016-02-01,1576696,353,0,2,Baylor,Texas,Bears,Longhorns,4,4,37,40,-3,1651,Texas,765,765,22,Kerwin Roach misses a jump shot from 7 feet out.,missed,FALSE,FALSE,Jump Shot,30.5,9.05,880686,Kerwin Roach,NA,0,Texas,Texas,74,NA,Rico Gathers,Taurean Prince,Al Freeman,Ishmail Wainright,Lester Medford,Javan Felix,Prince Ibeh,Connor Lammert,Isaiah Taylor,Kendal Yancy
2015-16,2016-02-01,1576696,354,0,2,Baylor,Texas,Bears,Longhorns,4,4,37,40,-3,1313,Baylor,765,765,0,Ishmail Wainright with a defensive rebound.,NA,FALSE,FALSE,NA,NA,NA,NA,NA,NA,0,Texas,Baylor,74,NA,Rico Gathers,Taurean Prince,Al Freeman,Ishmail Wainright,Lester Medford,Javan Felix,Prince Ibeh,Connor Lammert,Isaiah Taylor,Kendal Yancy
2015-16,2016-02-01,1576696,357,0,2,Baylor,Texas,Bears,Longhorns,4,4,39,40,-1,1313,Baylor,756,756,9,Lester Medford makes a layup.,made,FALSE,FALSE,Layup Shot,25,5.25,851165,Lester Medford,NA,0,Baylor,Baylor,75,NA,Rico Gathers,Taurean Prince,Al Freeman,Ishmail Wainright,Lester Medford,Javan Felix,Prince Ibeh,Connor Lammert,Isaiah Taylor,Kendal Yancy
2015-16,2016-02-01,1576696,358,0,2,Baylor,Texas,Bears,Longhorns,4,4,39,40,-1,1651,Texas,756,756,0,Shooting foul committed by Kerwin Roach.,NA,FALSE,FALSE,NA,NA,NA,NA,NA,NA,0,Baylor,Baylor,75,NA,Rico Gathers,Taurean Prince,Al Freeman,Ishmail Wainright,Lester Medford,Javan Felix,Prince Ibeh,Connor Lammert,Isaiah Taylor,Kendal Yancy
2015-16,2016-02-01,1576696,359,0,2,Baylor,Texas,Bears,Longhorns,4,4,40,40,0,1313,Baylor,756,756,0,Lester Medford makes free throw 1 of 1.,made,TRUE,FALSE,NA,NA,NA,NA,NA,NA,0,Baylor,Texas,75,NA,Rico Gathers,Taurean Prince,Al Freeman,Ishmail Wainright,Lester Medford,Javan Felix,Prince Ibeh,Connor Lammert,Isaiah Taylor,Kendal Yancy
2015-16,2016-02-01,1576696,361,0,2,Baylor,Texas,Bears,Longhorns,4,4,40,43,-3,1651,Texas,730,730,26,Connor Lammert makes a 3-point jump shot from 25 feet out. Isaiah Taylor with the assist.,made,FALSE,TRUE,Jump Shot,37.8,26.55,697628,Connor Lammert,Isaiah Taylor,0,Texas,Baylor,76,NA,Rico Gathers,Taurean Prince,Al Freeman,Ishmail Wainright,Lester Medford,Javan Felix,Prince Ibeh,Connor Lammert,Isaiah Taylor,Kendal Yancy
2015-16,2016-02-01,1576696,364,0,2,Baylor,Texas,Bears,Longhorns,4,4,42,43,-1,1313,Baylor,705,705,25,Rico Gathers makes a layup. Lester Medford with the assist.,made,FALSE,FALSE,Layup Shot,25,5.25,696197,Rico Gathers,Lester Medford,0,Baylor,Baylor,77,NA,Rico Gathers,Taurean Prince,Al Freeman,Ishmail Wainright,Lester Medford,Javan Felix,Prince Ibeh,Connor Lammert,Isaiah Taylor,Kendal Yancy
2015-16,2016-02-01,1576696,365,0,2,Baylor,Texas,Bears,Longhorns,4,4,42,43,-1,1651,Texas,705,705,0,Shooting foul committed by Shaquille Cleare.,NA,FALSE,FALSE,NA,NA,NA,NA,NA,NA,0,Baylor,Baylor,77,NA,Rico Gathers,Taurean Prince,Al Freeman,Ishmail Wainright,Lester Medford,Javan Felix,Prince Ibeh,Connor Lammert,Isaiah Taylor,Kendal Yancy
2015-16,2016-02-01,1576696,366,0,2,Baylor,Texas,Bears,Longhorns,4,4,42,43,-1,NA,NA,705,705,0,Official TV timeout.,NA,FALSE,FALSE,NA,NA,NA,NA,NA,NA,0,NA,NA,NA,NA,Rico Gathers,Taurean Prince,Al Freeman,Ishmail Wainright,Lester Medford,Javan Felix,Prince Ibeh,Connor Lammert,Isaiah Taylor,Kendal Yancy
2015-16,2016-02-01,1576696,367,0,2,Baylor,Texas,Bears,Longhorns,4,4,43,43,0,1313,Baylor,705,705,0,Rico Gathers makes free throw 1 of 1.,made,TRUE,FALSE,NA,NA,NA,NA,NA,NA,0,Baylor,Texas,77,NA,Rico Gathers,Taurean Prince,Al Freeman,Ishmail Wainright,Lester Medford,Javan Felix,Prince Ibeh,Connor Lammert,Isaiah Taylor,Kendal Yancy
2015-16,2016-02-01,1576696,370,0,2,Baylor,Texas,Bears,Longhorns,4,4,43,43,0,1313,Baylor,686,686,19,Personal foul committed by King McClure.,NA,FALSE,FALSE,NA,NA,NA,NA,NA,NA,0,Texas,Texas,78,NA,Rico Gathers,Taurean Prince,Al Freeman,Ishmail Wainright,Lester Medford,Javan Felix,Prince Ibeh,Connor Lammert,Isaiah Taylor,Kendal Yancy
2015-16,2016-02-01,1576696,372,0,2,Baylor,Texas,Bears,Longhorns,4,4,43,45,-2,1651,Texas,678,678,8,Isaiah Taylor makes a layup. Shaquille Cleare with the assist.,made,FALSE,FALSE,Layup Shot,26,6.25,795435,Isaiah Taylor,Shaquille Cleare,0,Texas,Baylor,78,NA,Rico Gathers,Taurean Prince,Al Freeman,Ishmail Wainright,Lester Medford,Javan Felix,Prince Ibeh,Connor Lammert,Isaiah Taylor,Kendal Yancy
2015-16,2016-02-01,1576696,373,0,2,Baylor,Texas,Bears,Longhorns,4,4,43,45,-2,1313,Baylor,645,645,33,Taurean Prince misses a 3-point jump shot from 24 feet out.,missed,FALSE,TRUE,Jump Shot,10.5,24.849999999999994,696209,Taurean Prince,NA,0,Baylor,Baylor,79,NA,Rico Gathers,Taurean Prince,Al Freeman,Ishmail Wainright,Lester Medford,Javan Felix,Prince Ibeh,Connor Lammert,Isaiah Taylor,Kendal Yancy
2015-16,2016-02-01,1576696,374,0,2,Baylor,Texas,Bears,Longhorns,4,4,43,45,-2,1651,Texas,645,645,0,Eric Davis Jr. with a defensive rebound.,NA,FALSE,FALSE,NA,NA,NA,NA,NA,NA,0,Baylor,Texas,79,NA,Rico Gathers,Taurean Prince,Al Freeman,Ishmail Wainright,Lester Medford,Javan Felix,Prince Ibeh,Connor Lammert,Isaiah Taylor,Kendal Yancy
2015-16,2016-02-01,1576696,375,0,2,Baylor,Texas,Bears,Longhorns,4,4,43,45,-2,1651,Texas,637,637,8,Lester Medford steals the ball from Eric Davis Jr..,NA,FALSE,FALSE,NA,NA,NA,NA,NA,NA,0,Texas,Baylor,80,NA,Rico Gathers,Taurean Prince,Al Freeman,Ishmail Wainright,Lester Medford,Javan Felix,Prince Ibeh,Connor Lammert,Isaiah Taylor,Kendal Yancy
2015-16,2016-02-01,1576696,378,0,2,Baylor,Texas,Bears,Longhorns,4,4,43,45,-2,1313,Baylor,631,631,6,Lester Medford misses a layup.,missed,FALSE,FALSE,Layup Shot,26,6.25,851165,Lester Medford,NA,0,Baylor,Baylor,81,NA,Rico Gathers,Taurean Prince,Al Freeman,Ishmail Wainright,Lester Medford,Javan Felix,Prince Ibeh,Connor Lammert,Isaiah Taylor,Kendal Yancy
2015-16,2016-02-01,1576696,379,0,2,Baylor,Texas,Bears,Longhorns,4,4,43,45,-2,1651,Texas,631,631,0,Shaquille Cleare with a defensive rebound.,NA,FALSE,FALSE,NA,NA,NA,NA,NA,NA,0,Baylor,Texas,81,NA,Rico Gathers,Taurean Prince,Al Freeman,Ishmail Wainright,Lester Medford,Javan Felix,Prince Ibeh,Connor Lammert,Isaiah Taylor,Kendal Yancy
2015-16,2016-02-01,1576696,380,0,2,Baylor,Texas,Bears,Longhorns,4,4,43,45,-2,1313,Baylor,631,631,0,Personal foul committed by King McClure.,NA,FALSE,FALSE,NA,NA,NA,NA,NA,NA,0,Texas,Texas,82,NA,Rico Gathers,Taurean Prince,Al Freeman,Ishmail Wainright,Lester Medford,Javan Felix,Prince Ibeh,Connor Lammert,Isaiah Taylor,Kendal Yancy
2015-16,2016-02-01,1576696,385,0,2,Baylor,Texas,Bears,Longhorns,4,4,43,45,-2,1651,Texas,609,609,22,Eric Davis Jr. misses a jump shot from 11 feet out.,missed,FALSE,FALSE,Jump Shot,33.6,12.85,880683,Eric Davis Jr.,NA,0,Texas,Texas,82,NA,Rico Gathers,Taurean Prince,Al Freeman,Ishmail Wainright,Lester Medford,Javan Felix,Prince Ibeh,Connor Lammert,Isaiah Taylor,Kendal Yancy
2015-16,2016-02-01,1576696,387,0,2,Baylor,Texas,Bears,Longhorns,4,4,43,45,-2,1313,Baylor,609,609,0,Personal foul committed by Rico Gathers.,NA,FALSE,FALSE,NA,NA,NA,NA,NA,NA,0,Texas,Texas,82,NA,Rico Gathers,Taurean Prince,Al Freeman,Ishmail Wainright,Lester Medford,Javan Felix,Prince Ibeh,Connor Lammert,Isaiah Taylor,Kendal Yancy
2015-16,2016-02-01,1576696,389,0,2,Baylor,Texas,Bears,Longhorns,4,4,43,47,-4,1651,Texas,594,594,15,Shaquille Cleare makes a layup. Kerwin Roach with the assist.,made,FALSE,FALSE,Layup Shot,25,5.25,698667,Shaquille Cleare,Kerwin Roach,0,Texas,Baylor,82,NA,Rico Gathers,Taurean Prince,Al Freeman,Ishmail Wainright,Lester Medford,Javan Felix,Prince Ibeh,Connor Lammert,Isaiah Taylor,Kendal Yancy
2015-16,2016-02-01,1576696,394,0,2,Baylor,Texas,Bears,Longhorns,4,4,43,47,-4,1313,Baylor,562,562,32,Offensive foul committed by Allerik Freeman.,NA,FALSE,FALSE,NA,NA,NA,NA,NA,NA,0,Baylor,Baylor,83,NA,Rico Gathers,Taurean Prince,Al Freeman,Ishmail Wainright,Lester Medford,Javan Felix,Prince Ibeh,Connor Lammert,Isaiah Taylor,Kendal Yancy
2015-16,2016-02-01,1576696,395,0,2,Baylor,Texas,Bears,Longhorns,4,4,43,47,-4,1313,Baylor,562,562,0,Allerik Freeman with a turnover,NA,FALSE,FALSE,NA,NA,NA,NA,NA,NA,0,Baylor,Texas,83,NA,Rico Gathers,Taurean Prince,Al Freeman,Ishmail Wainright,Lester Medford,Javan Felix,Prince Ibeh,Connor Lammert,Isaiah Taylor,Kendal Yancy
2015-16,2016-02-01,1576696,396,0,2,Baylor,Texas,Bears,Longhorns,3,4,43,47,-4,1313,Baylor,562,562,0,Bears take a 30-second timeout.,NA,FALSE,FALSE,NA,NA,NA,NA,NA,NA,0,NA,NA,NA,NA,Rico Gathers,Taurean Prince,Al Freeman,Ishmail Wainright,Lester Medford,Javan Felix,Prince Ibeh,Connor Lammert,Isaiah Taylor,Kendal Yancy
2015-16,2016-02-01,1576696,402,0,2,Baylor,Texas,Bears,Longhorns,3,4,43,47,-4,1651,Texas,550,550,12,Kerwin Roach misses a layup.,missed,FALSE,FALSE,Layup Shot,26,6.25,880686,Kerwin Roach,NA,0,Texas,Baylor,84,NA,Rico Gathers,Taurean Prince,Al Freeman,Ishmail Wainright,Lester Medford,Javan Felix,Prince Ibeh,Connor Lammert,Isaiah Taylor,Kendal Yancy
2015-16,2016-02-01,1576696,406,0,2,Baylor,Texas,Bears,Longhorns,3,4,43,47,-4,1651,Texas,537,537,13,Personal foul committed by Kerwin Roach.,NA,FALSE,FALSE,NA,NA,NA,NA,NA,NA,0,Baylor,Baylor,85,NA,Rico Gathers,Taurean Prince,Al Freeman,Ishmail Wainright,Lester Medford,Javan Felix,Prince Ibeh,Connor Lammert,Isaiah Taylor,Kendal Yancy
2015-16,2016-02-01,1576696,407,0,2,Baylor,Texas,Bears,Longhorns,3,4,44,47,-3,1313,Baylor,537,537,0,Taurean Prince makes free throw 1st of 1-and-1.,made,TRUE,FALSE,NA,NA,NA,NA,NA,NA,0,Baylor,Baylor,85,NA,Rico Gathers,Taurean Prince,Al Freeman,Ishmail Wainright,Lester Medford,Javan Felix,Prince Ibeh,Connor Lammert,Isaiah Taylor,Kendal Yancy
2015-16,2016-02-01,1576696,408,0,2,Baylor,Texas,Bears,Longhorns,3,4,44,47,-3,1313,Baylor,537,537,0,Taurean Prince misses free throw 2nd of 1-and-1.,missed,TRUE,FALSE,NA,NA,NA,NA,NA,NA,0,Baylor,Baylor,85,NA,Rico Gathers,Taurean Prince,Al Freeman,Ishmail Wainright,Lester Medford,Javan Felix,Prince Ibeh,Connor Lammert,Isaiah Taylor,Kendal Yancy
2015-16,2016-02-01,1576696,409,0,2,Baylor,Texas,Bears,Longhorns,3,4,44,47,-3,1651,Texas,537,537,0,Demarcus Holland with a defensive rebound.,NA,FALSE,FALSE,NA,NA,NA,NA,NA,NA,0,Baylor,Texas,85,NA,Rico Gathers,Taurean Prince,Al Freeman,Ishmail Wainright,Lester Medford,Javan Felix,Prince Ibeh,Connor Lammert,Isaiah Taylor,Kendal Yancy
2015-16,2016-02-01,1576696,411,0,2,Baylor,Texas,Bears,Longhorns,3,4,44,47,-3,1651,Texas,509,509,28,Isaiah Taylor misses a 3-point jump shot from 25 feet out.,missed,FALSE,TRUE,Jump Shot,23,29.95,795435,Isaiah Taylor,NA,0,Texas,Texas,86,NA,Rico Gathers,Taurean Prince,Al Freeman,Ishmail Wainright,Lester Medford,Javan Felix,Prince Ibeh,Connor Lammert,Isaiah Taylor,Kendal Yancy
2015-16,2016-02-01,1576696,412,0,2,Baylor,Texas,Bears,Longhorns,3,4,44,47,-3,1313,Baylor,509,509,0,Taurean Prince with a defensive rebound.,NA,FALSE,FALSE,NA,NA,NA,NA,NA,NA,0,Texas,Baylor,86,NA,Rico Gathers,Taurean Prince,Al Freeman,Ishmail Wainright,Lester Medford,Javan Felix,Prince Ibeh,Connor Lammert,Isaiah Taylor,Kendal Yancy
2015-16,2016-02-01,1576696,413,0,2,Baylor,Texas,Bears,Longhorns,3,4,44,47,-3,1313,Baylor,499,499,10,Allerik Freeman misses a layup.,missed,FALSE,FALSE,Layup Shot,25,5.25,748528,Allerik Freeman,NA,0,Baylor,Baylor,87,NA,Rico Gathers,Taurean Prince,Al Freeman,Ishmail Wainright,Lester Medford,Javan Felix,Prince Ibeh,Connor Lammert,Isaiah Taylor,Kendal Yancy
2015-16,2016-02-01,1576696,414,0,2,Baylor,Texas,Bears,Longhorns,3,4,44,47,-3,1651,Texas,499,499,0,Connor Lammert with a defensive rebound.,NA,FALSE,FALSE,NA,NA,NA,NA,NA,NA,0,Baylor,Texas,87,NA,Rico Gathers,Taurean Prince,Al Freeman,Ishmail Wainright,Lester Medford,Javan Felix,Prince Ibeh,Connor Lammert,Isaiah Taylor,Kendal Yancy
2015-16,2016-02-01,1576696,416,0,2,Baylor,Texas,Bears,Longhorns,3,4,44,47,-3,1313,Baylor,494,494,5,Shooting foul committed by Taurean Prince.,NA,FALSE,FALSE,NA,NA,NA,NA,NA,NA,0,Texas,Texas,88,NA,Rico Gathers,Taurean Prince,Al Freeman,Ishmail Wainright,Lester Medford,Javan Felix,Prince Ibeh,Connor Lammert,Isaiah Taylor,Kendal Yancy
2015-16,2016-02-01,1576696,417,0,2,Baylor,Texas,Bears,Longhorns,3,4,44,48,-4,1651,Texas,494,494,0,Demarcus Holland makes free throw 1 of 2.,made,TRUE,FALSE,NA,NA,NA,NA,NA,NA,0,Texas,Texas,88,NA,Rico Gathers,Taurean Prince,Al Freeman,Ishmail Wainright,Lester Medford,Javan Felix,Prince Ibeh,Connor Lammert,Isaiah Taylor,Kendal Yancy
2015-16,2016-02-01,1576696,418,0,2,Baylor,Texas,Bears,Longhorns,3,4,44,48,-4,1651,Texas,494,494,0,Demarcus Holland misses free throw 2 of 2.,missed,TRUE,FALSE,NA,NA,NA,NA,NA,NA,0,Texas,Texas,88,NA,Rico Gathers,Taurean Prince,Al Freeman,Ishmail Wainright,Lester Medford,Javan Felix,Prince Ibeh,Connor Lammert,Isaiah Taylor,Kendal Yancy
2015-16,2016-02-01,1576696,419,0,2,Baylor,Texas,Bears,Longhorns,3,4,44,48,-4,1313,Baylor,494,494,0,Johnathan Motley with a defensive rebound.,NA,FALSE,FALSE,NA,NA,NA,NA,NA,NA,0,Texas,Baylor,88,NA,Rico Gathers,Taurean Prince,Al Freeman,Ishmail Wainright,Lester Medford,Javan Felix,Prince Ibeh,Connor Lammert,Isaiah Taylor,Kendal Yancy
2015-16,2016-02-01,1576696,421,0,2,Baylor,Texas,Bears,Longhorns,3,4,46,48,-2,1313,Baylor,467,467,27,Johnathan Motley makes a jump shot from 9 feet out. Lester Medford with the assist.,made,FALSE,FALSE,Jump Shot,20.8,12.849999999999994,748529,Johnathan Motley,Lester Medford,0,Baylor,Texas,89,NA,Rico Gathers,Taurean Prince,Al Freeman,Ishmail Wainright,Lester Medford,Javan Felix,Prince Ibeh,Connor Lammert,Isaiah Taylor,Kendal Yancy
2015-16,2016-02-01,1576696,422,0,2,Baylor,Texas,Bears,Longhorns,3,4,46,48,-2,1651,Texas,443,443,24,Demarcus Holland misses a 3-point jump shot from 25 feet out.,missed,FALSE,TRUE,Jump Shot,40.2,25.05,697626,Demarcus Holland,NA,0,Texas,Texas,90,NA,Rico Gathers,Taurean Prince,Al Freeman,Ishmail Wainright,Lester Medford,Javan Felix,Prince Ibeh,Connor Lammert,Isaiah Taylor,Kendal Yancy
2015-16,2016-02-01,1576696,423,0,2,Baylor,Texas,Bears,Longhorns,3,4,46,48,-2,1313,Baylor,443,443,0,Ishmail Wainright with a defensive rebound.,NA,FALSE,FALSE,NA,NA,NA,NA,NA,NA,0,Texas,Baylor,90,NA,Rico Gathers,Taurean Prince,Al Freeman,Ishmail Wainright,Lester Medford,Javan Felix,Prince Ibeh,Connor Lammert,Isaiah Taylor,Kendal Yancy
2015-16,2016-02-01,1576696,426,0,2,Baylor,Texas,Bears,Longhorns,3,4,46,48,-2,1651,Texas,428,428,15,Shooting foul committed by Prince Ibeh.,NA,FALSE,FALSE,NA,NA,NA,NA,NA,NA,0,Baylor,Baylor,91,NA,Rico Gathers,Taurean Prince,Al Freeman,Ishmail Wainright,Lester Medford,Javan Felix,Prince Ibeh,Connor Lammert,Isaiah Taylor,Kendal Yancy
2015-16,2016-02-01,1576696,427,0,2,Baylor,Texas,Bears,Longhorns,3,4,46,48,-2,NA,NA,428,428,0,Official TV timeout.,NA,FALSE,FALSE,NA,NA,NA,NA,NA,NA,0,NA,NA,NA,NA,Rico Gathers,Taurean Prince,Al Freeman,Ishmail Wainright,Lester Medford,Javan Felix,Prince Ibeh,Connor Lammert,Isaiah Taylor,Kendal Yancy
2015-16,2016-02-01,1576696,428,0,2,Baylor,Texas,Bears,Longhorns,3,4,46,48,-2,1313,Baylor,428,428,0,Johnathan Motley misses free throw 1 of 2.,missed,TRUE,FALSE,NA,NA,NA,NA,NA,NA,0,Baylor,Baylor,91,NA,Rico Gathers,Taurean Prince,Al Freeman,Ishmail Wainright,Lester Medford,Javan Felix,Prince Ibeh,Connor Lammert,Isaiah Taylor,Kendal Yancy
2015-16,2016-02-01,1576696,430,0,2,Baylor,Texas,Bears,Longhorns,3,4,46,48,-2,1313,Baylor,428,428,0,Johnathan Motley misses free throw 2 of 2.,missed,TRUE,FALSE,NA,NA,NA,NA,NA,NA,0,Baylor,Baylor,91,NA,Rico Gathers,Taurean Prince,Al Freeman,Ishmail Wainright,Lester Medford,Javan Felix,Prince Ibeh,Connor Lammert,Isaiah Taylor,Kendal Yancy
2015-16,2016-02-01,1576696,431,0,2,Baylor,Texas,Bears,Longhorns,3,4,46,48,-2,1313,Baylor,428,428,0,Ishmail Wainright with an offensive rebound.,NA,FALSE,FALSE,NA,NA,NA,NA,NA,NA,0,Baylor,Baylor,91,NA,Rico Gathers,Taurean Prince,Al Freeman,Ishmail Wainright,Lester Medford,Javan Felix,Prince Ibeh,Connor Lammert,Isaiah Taylor,Kendal Yancy
2015-16,2016-02-01,1576696,438,0,2,Baylor,Texas,Bears,Longhorns,3,4,46,48,-2,1651,Texas,418,418,10,Shooting foul committed by Connor Lammert.,NA,FALSE,FALSE,NA,NA,NA,NA,NA,NA,0,Baylor,Baylor,91,NA,Rico Gathers,Taurean Prince,Al Freeman,Ishmail Wainright,Lester Medford,Javan Felix,Prince Ibeh,Connor Lammert,Isaiah Taylor,Kendal Yancy
2015-16,2016-02-01,1576696,439,0,2,Baylor,Texas,Bears,Longhorns,3,4,46,48,-2,1313,Baylor,418,418,0,Johnathan Motley misses free throw 1 of 2.,missed,TRUE,FALSE,NA,NA,NA,NA,NA,NA,0,Baylor,Baylor,91,NA,Rico Gathers,Taurean Prince,Al Freeman,Ishmail Wainright,Lester Medford,Javan Felix,Prince Ibeh,Connor Lammert,Isaiah Taylor,Kendal Yancy
2015-16,2016-02-01,1576696,441,0,2,Baylor,Texas,Bears,Longhorns,3,4,47,48,-1,1313,Baylor,418,418,0,Johnathan Motley makes free throw 2 of 2.,made,TRUE,FALSE,NA,NA,NA,NA,NA,NA,0,Baylor,Texas,91,NA,Rico Gathers,Taurean Prince,Al Freeman,Ishmail Wainright,Lester Medford,Javan Felix,Prince Ibeh,Connor Lammert,Isaiah Taylor,Kendal Yancy
2015-16,2016-02-01,1576696,445,0,2,Baylor,Texas,Bears,Longhorns,3,4,47,48,-1,1313,Baylor,403,403,15,Shooting foul committed by Johnathan Motley.,NA,FALSE,FALSE,NA,NA,NA,NA,NA,NA,0,Texas,Texas,92,NA,Rico Gathers,Taurean Prince,Al Freeman,Ishmail Wainright,Lester Medford,Javan Felix,Prince Ibeh,Connor Lammert,Isaiah Taylor,Kendal Yancy
2015-16,2016-02-01,1576696,446,0,2,Baylor,Texas,Bears,Longhorns,3,4,47,49,-2,1651,Texas,403,403,0,Prince Ibeh makes free throw 1 of 2.,made,TRUE,FALSE,NA,NA,NA,NA,NA,NA,0,Texas,Texas,92,NA,Rico Gathers,Taurean Prince,Al Freeman,Ishmail Wainright,Lester Medford,Javan Felix,Prince Ibeh,Connor Lammert,Isaiah Taylor,Kendal Yancy
2015-16,2016-02-01,1576696,447,0,2,Baylor,Texas,Bears,Longhorns,3,4,47,49,-2,1651,Texas,403,403,0,Prince Ibeh misses free throw 2 of 2.,missed,TRUE,FALSE,NA,NA,NA,NA,NA,NA,0,Texas,Texas,92,NA,Rico Gathers,Taurean Prince,Al Freeman,Ishmail Wainright,Lester Medford,Javan Felix,Prince Ibeh,Connor Lammert,Isaiah Taylor,Kendal Yancy
2015-16,2016-02-01,1576696,448,0,2,Baylor,Texas,Bears,Longhorns,3,4,47,49,-2,1313,Baylor,403,403,0,Allerik Freeman with a defensive rebound.,NA,FALSE,FALSE,NA,NA,NA,NA,NA,NA,0,Texas,Baylor,92,NA,Rico Gathers,Taurean Prince,Al Freeman,Ishmail Wainright,Lester Medford,Javan Felix,Prince Ibeh,Connor Lammert,Isaiah Taylor,Kendal Yancy
2015-16,2016-02-01,1576696,451,0,2,Baylor,Texas,Bears,Longhorns,3,4,47,49,-2,1313,Baylor,382,382,21,Offensive foul committed by Johnathan Motley.,NA,FALSE,FALSE,NA,NA,NA,NA,NA,NA,0,Baylor,Baylor,93,NA,Rico Gathers,Taurean Prince,Al Freeman,Ishmail Wainright,Lester Medford,Javan Felix,Prince Ibeh,Connor Lammert,Isaiah Taylor,Kendal Yancy
2015-16,2016-02-01,1576696,452,0,2,Baylor,Texas,Bears,Longhorns,3,4,47,49,-2,1313,Baylor,382,382,0,Johnathan Motley with a turnover,NA,FALSE,FALSE,NA,NA,NA,NA,NA,NA,0,Baylor,Texas,93,NA,Rico Gathers,Taurean Prince,Al Freeman,Ishmail Wainright,Lester Medford,Javan Felix,Prince Ibeh,Connor Lammert,Isaiah Taylor,Kendal Yancy
2015-16,2016-02-01,1576696,454,0,2,Baylor,Texas,Bears,Longhorns,3,4,47,52,-5,1651,Texas,361,361,21,Connor Lammert makes a 3-point jump shot from 24 feet out. Isaiah Taylor with the assist.,made,FALSE,TRUE,Jump Shot,34.1,27.65,697628,Connor Lammert,Isaiah Taylor,0,Texas,Baylor,94,NA,Rico Gathers,Taurean Prince,Al Freeman,Ishmail Wainright,Lester Medford,Javan Felix,Prince Ibeh,Connor Lammert,Isaiah Taylor,Kendal Yancy
2015-16,2016-02-01,1576696,458,0,2,Baylor,Texas,Bears,Longhorns,3,4,47,52,-5,1313,Baylor,336,336,25,Ishmail Wainright misses a jump shot from 7 feet out.,missed,FALSE,FALSE,Jump Shot,31,8.349999999999994,748530,Ishmail Wainright,NA,0,Baylor,Baylor,95,NA,Rico Gathers,Taurean Prince,Al Freeman,Ishmail Wainright,Lester Medford,Javan Felix,Prince Ibeh,Connor Lammert,Isaiah Taylor,Kendal Yancy
2015-16,2016-02-01,1576696,459,0,2,Baylor,Texas,Bears,Longhorns,3,4,47,52,-5,1313,Baylor,336,336,0,Rico Gathers with an offensive rebound.,NA,FALSE,FALSE,NA,NA,NA,NA,NA,NA,0,Baylor,Baylor,95,NA,Rico Gathers,Taurean Prince,Al Freeman,Ishmail Wainright,Lester Medford,Javan Felix,Prince Ibeh,Connor Lammert,Isaiah Taylor,Kendal Yancy
2015-16,2016-02-01,1576696,460,0,2,Baylor,Texas,Bears,Longhorns,3,4,47,52,-5,1651,Texas,336,336,0,Personal foul committed by Demarcus Holland.,NA,FALSE,FALSE,NA,NA,NA,NA,NA,NA,0,Baylor,Baylor,95,NA,Rico Gathers,Taurean Prince,Al Freeman,Ishmail Wainright,Lester Medford,Javan Felix,Prince Ibeh,Connor Lammert,Isaiah Taylor,Kendal Yancy
2015-16,2016-02-01,1576696,461,0,2,Baylor,Texas,Bears,Longhorns,3,4,48,52,-4,1313,Baylor,336,336,0,Rico Gathers makes free throw 1 of 2.,made,TRUE,FALSE,NA,NA,NA,NA,NA,NA,0,Baylor,Baylor,95,NA,Rico Gathers,Taurean Prince,Al Freeman,Ishmail Wainright,Lester Medford,Javan Felix,Prince Ibeh,Connor Lammert,Isaiah Taylor,Kendal Yancy
2015-16,2016-02-01,1576696,462,0,2,Baylor,Texas,Bears,Longhorns,3,4,49,52,-3,1313,Baylor,336,336,0,Rico Gathers makes free throw 2 of 2.,made,TRUE,FALSE,NA,NA,NA,NA,NA,NA,0,Baylor,Texas,95,NA,Rico Gathers,Taurean Prince,Al Freeman,Ishmail Wainright,Lester Medford,Javan Felix,Prince Ibeh,Connor Lammert,Isaiah Taylor,Kendal Yancy
2015-16,2016-02-01,1576696,464,0,2,Baylor,Texas,Bears,Longhorns,3,4,49,54,-5,1651,Texas,323,323,13,Prince Ibeh makes a layup. Connor Lammert with the assist.,made,FALSE,FALSE,Layup Shot,26,6.25,697627,Prince Ibeh,Connor Lammert,0,Texas,Baylor,96,NA,Rico Gathers,Taurean Prince,Al Freeman,Ishmail Wainright,Lester Medford,Javan Felix,Prince Ibeh,Connor Lammert,Isaiah Taylor,Kendal Yancy
2015-16,2016-02-01,1576696,465,0,2,Baylor,Texas,Bears,Longhorns,3,4,49,54,-5,1313,Baylor,300,300,23,Allerik Freeman misses a 3-point jump shot from 23 feet out.,missed,FALSE,TRUE,Jump Shot,47.5,10.25,748528,Allerik Freeman,NA,0,Baylor,Baylor,97,NA,Rico Gathers,Taurean Prince,Al Freeman,Ishmail Wainright,Lester Medford,Javan Felix,Prince Ibeh,Connor Lammert,Isaiah Taylor,Kendal Yancy
2015-16,2016-02-01,1576696,466,0,2,Baylor,Texas,Bears,Longhorns,3,4,49,54,-5,1651,Texas,300,300,0,Connor Lammert with a defensive rebound.,NA,FALSE,FALSE,NA,NA,NA,NA,NA,NA,0,Baylor,Texas,97,NA,Rico Gathers,Taurean Prince,Al Freeman,Ishmail Wainright,Lester Medford,Javan Felix,Prince Ibeh,Connor Lammert,Isaiah Taylor,Kendal Yancy
2015-16,2016-02-01,1576696,467,0,2,Baylor,Texas,Bears,Longhorns,3,4,49,56,-7,1651,Texas,273,273,27,Prince Ibeh dunks. Isaiah Taylor with the assist.,made,FALSE,FALSE,Dunk Shot,25,5.25,697627,Prince Ibeh,Isaiah Taylor,0,Texas,Baylor,98,NA,Rico Gathers,Taurean Prince,Al Freeman,Ishmail Wainright,Lester Medford,Javan Felix,Prince Ibeh,Connor Lammert,Isaiah Taylor,Kendal Yancy
2015-16,2016-02-01,1576696,470,0,2,Baylor,Texas,Bears,Longhorns,3,4,51,56,-5,1313,Baylor,255,255,18,Rico Gathers makes a layup. Allerik Freeman with the assist.,made,FALSE,FALSE,Layup Shot,26,6.25,696197,Rico Gathers,Allerik Freeman,0,Baylor,Texas,99,NA,Rico Gathers,Taurean Prince,Al Freeman,Ishmail Wainright,Lester Medford,Javan Felix,Prince Ibeh,Connor Lammert,Isaiah Taylor,Kendal Yancy
2015-16,2016-02-01,1576696,471,0,2,Baylor,Texas,Bears,Longhorns,2,4,51,56,-5,1313,Baylor,255,255,0,Bears take a 30-second timeout.,NA,FALSE,FALSE,NA,NA,NA,NA,NA,NA,0,NA,NA,NA,NA,Rico Gathers,Taurean Prince,Al Freeman,Ishmail Wainright,Lester Medford,Javan Felix,Prince Ibeh,Connor Lammert,Isaiah Taylor,Kendal Yancy
2015-16,2016-02-01,1576696,472,0,2,Baylor,Texas,Bears,Longhorns,2,4,51,56,-5,NA,NA,255,255,0,Official TV timeout.,NA,FALSE,FALSE,NA,NA,NA,NA,NA,NA,0,NA,NA,NA,NA,Rico Gathers,Taurean Prince,Al Freeman,Ishmail Wainright,Lester Medford,Javan Felix,Prince Ibeh,Connor Lammert,Isaiah Taylor,Kendal Yancy
2015-16,2016-02-01,1576696,474,0,2,Baylor,Texas,Bears,Longhorns,2,4,51,56,-5,1651,Texas,249,249,6,Rico Gathers steals the ball from Connor Lammert.,NA,FALSE,FALSE,NA,NA,NA,NA,NA,NA,0,Texas,Baylor,100,NA,Rico Gathers,Taurean Prince,Al Freeman,Ishmail Wainright,Lester Medford,Javan Felix,Prince Ibeh,Connor Lammert,Isaiah Taylor,Kendal Yancy
2015-16,2016-02-01,1576696,481,0,2,Baylor,Texas,Bears,Longhorns,2,4,51,56,-5,1651,Texas,227,227,22,Personal foul committed by Isaiah Taylor.,NA,FALSE,FALSE,NA,NA,NA,NA,NA,NA,0,Baylor,Baylor,101,NA,Rico Gathers,Taurean Prince,Al Freeman,Ishmail Wainright,Lester Medford,Javan Felix,Prince Ibeh,Connor Lammert,Isaiah Taylor,Kendal Yancy
2015-16,2016-02-01,1576696,483,0,2,Baylor,Texas,Bears,Longhorns,2,4,52,56,-4,1313,Baylor,227,227,0,Lester Medford makes free throw 1 of 2.,made,TRUE,FALSE,NA,NA,NA,NA,NA,NA,0,Baylor,Baylor,101,NA,Rico Gathers,Taurean Prince,Al Freeman,Ishmail Wainright,Lester Medford,Javan Felix,Prince Ibeh,Connor Lammert,Isaiah Taylor,Kendal Yancy
2015-16,2016-02-01,1576696,484,0,2,Baylor,Texas,Bears,Longhorns,2,4,53,56,-3,1313,Baylor,227,227,0,Lester Medford makes free throw 2 of 2.,made,TRUE,FALSE,NA,NA,NA,NA,NA,NA,0,Baylor,Texas,101,NA,Rico Gathers,Taurean Prince,Al Freeman,Ishmail Wainright,Lester Medford,Javan Felix,Prince Ibeh,Connor Lammert,Isaiah Taylor,Kendal Yancy
2015-16,2016-02-01,1576696,486,0,2,Baylor,Texas,Bears,Longhorns,2,4,53,56,-3,1651,Texas,200,200,27,Prince Ibeh misses a layup.,missed,FALSE,FALSE,Layup Shot,25,5.25,697627,Prince Ibeh,NA,0,Texas,Texas,102,NA,Rico Gathers,Taurean Prince,Al Freeman,Ishmail Wainright,Lester Medford,Javan Felix,Prince Ibeh,Connor Lammert,Isaiah Taylor,Kendal Yancy
2015-16,2016-02-01,1576696,487,0,2,Baylor,Texas,Bears,Longhorns,2,4,53,56,-3,1313,Baylor,200,200,0,Rico Gathers with a defensive rebound.,NA,FALSE,FALSE,NA,NA,NA,NA,NA,NA,0,Texas,Baylor,102,NA,Rico Gathers,Taurean Prince,Al Freeman,Ishmail Wainright,Lester Medford,Javan Felix,Prince Ibeh,Connor Lammert,Isaiah Taylor,Kendal Yancy
2015-16,2016-02-01,1576696,489,0,2,Baylor,Texas,Bears,Longhorns,2,4,53,56,-3,1313,Baylor,170,170,30,Ishmail Wainright misses a layup.,missed,FALSE,FALSE,Layup Shot,25,5.25,748530,Ishmail Wainright,NA,0,Baylor,Baylor,103,NA,Rico Gathers,Taurean Prince,Al Freeman,Ishmail Wainright,Lester Medford,Javan Felix,Prince Ibeh,Connor Lammert,Isaiah Taylor,Kendal Yancy
2015-16,2016-02-01,1576696,490,0,2,Baylor,Texas,Bears,Longhorns,2,4,53,56,-3,1651,Texas,170,170,0,Prince Ibeh with a defensive rebound.,NA,FALSE,FALSE,NA,NA,NA,NA,NA,NA,0,Baylor,Texas,103,NA,Rico Gathers,Taurean Prince,Al Freeman,Ishmail Wainright,Lester Medford,Javan Felix,Prince Ibeh,Connor Lammert,Isaiah Taylor,Kendal Yancy
2015-16,2016-02-01,1576696,491,0,2,Baylor,Texas,Bears,Longhorns,2,4,53,56,-3,1651,Texas,167,167,3,Prince Ibeh with a turnover - Lost Ball Out of Bounds,NA,FALSE,FALSE,NA,NA,NA,NA,NA,NA,0,Texas,Baylor,104,NA,Rico Gathers,Taurean Prince,Al Freeman,Ishmail Wainright,Lester Medford,Javan Felix,Prince Ibeh,Connor Lammert,Isaiah Taylor,Kendal Yancy
2015-16,2016-02-01,1576696,493,0,2,Baylor,Texas,Bears,Longhorns,2,4,53,56,-3,1313,Baylor,166,166,1,Isaiah Taylor steals the ball from Ishmail Wainright.,NA,FALSE,FALSE,NA,NA,NA,NA,NA,NA,0,Baylor,Texas,105,NA,Rico Gathers,Taurean Prince,Al Freeman,Ishmail Wainright,Lester Medford,Javan Felix,Prince Ibeh,Connor Lammert,Isaiah Taylor,Kendal Yancy
2015-16,2016-02-01,1576696,496,0,2,Baylor,Texas,Bears,Longhorns,2,4,53,56,-3,1313,Baylor,165,165,1,Personal foul committed by Lester Medford.,NA,FALSE,FALSE,NA,NA,NA,NA,NA,NA,0,Texas,Texas,106,NA,Rico Gathers,Taurean Prince,Al Freeman,Ishmail Wainright,Lester Medford,Javan Felix,Prince Ibeh,Connor Lammert,Isaiah Taylor,Kendal Yancy
2015-16,2016-02-01,1576696,497,0,2,Baylor,Texas,Bears,Longhorns,2,4,53,57,-4,1651,Texas,165,165,0,Isaiah Taylor makes free throw 1 of 2.,made,TRUE,FALSE,NA,NA,NA,NA,NA,NA,0,Texas,Texas,106,NA,Rico Gathers,Taurean Prince,Al Freeman,Ishmail Wainright,Lester Medford,Javan Felix,Prince Ibeh,Connor Lammert,Isaiah Taylor,Kendal Yancy
2015-16,2016-02-01,1576696,498,0,2,Baylor,Texas,Bears,Longhorns,2,4,53,58,-5,1651,Texas,165,165,0,Isaiah Taylor makes free throw 2 of 2.,made,TRUE,FALSE,NA,NA,NA,NA,NA,NA,0,Texas,Baylor,106,NA,Rico Gathers,Taurean Prince,Al Freeman,Ishmail Wainright,Lester Medford,Javan Felix,Prince Ibeh,Connor Lammert,Isaiah Taylor,Kendal Yancy
2015-16,2016-02-01,1576696,500,0,2,Baylor,Texas,Bears,Longhorns,2,4,55,58,-3,1313,Baylor,144,144,21,Rico Gathers dunks. Lester Medford with the assist.,made,FALSE,FALSE,Dunk Shot,25,5.25,696197,Rico Gathers,Lester Medford,0,Baylor,Texas,107,NA,Rico Gathers,Taurean Prince,Al Freeman,Ishmail Wainright,Lester Medford,Javan Felix,Prince Ibeh,Connor Lammert,Isaiah Taylor,Kendal Yancy
2015-16,2016-02-01,1576696,501,0,2,Baylor,Texas,Bears,Longhorns,2,4,55,58,-3,1651,Texas,114,114,30,Demarcus Holland misses a layup.,missed,FALSE,FALSE,Layup Shot,26,6.25,697626,Demarcus Holland,NA,0,Texas,Texas,108,NA,Rico Gathers,Taurean Prince,Al Freeman,Ishmail Wainright,Lester Medford,Javan Felix,Prince Ibeh,Connor Lammert,Isaiah Taylor,Kendal Yancy
2015-16,2016-02-01,1576696,502,0,2,Baylor,Texas,Bears,Longhorns,2,4,55,58,-3,1313,Baylor,114,114,0,Rico Gathers with a defensive rebound.,NA,FALSE,FALSE,NA,NA,NA,NA,NA,NA,0,Texas,Baylor,108,NA,Rico Gathers,Taurean Prince,Al Freeman,Ishmail Wainright,Lester Medford,Javan Felix,Prince Ibeh,Connor Lammert,Isaiah Taylor,Kendal Yancy
2015-16,2016-02-01,1576696,505,0,2,Baylor,Texas,Bears,Longhorns,2,4,55,58,-3,1651,Texas,102,102,12,Personal foul committed by Demarcus Holland.,NA,FALSE,FALSE,NA,NA,NA,NA,NA,NA,0,Baylor,Baylor,109,NA,Rico Gathers,Taurean Prince,Al Freeman,Ishmail Wainright,Lester Medford,Javan Felix,Prince Ibeh,Connor Lammert,Isaiah Taylor,Kendal Yancy
2015-16,2016-02-01,1576696,506,0,2,Baylor,Texas,Bears,Longhorns,2,4,56,58,-2,1313,Baylor,102,102,0,Taurean Prince makes free throw 1 of 2.,made,TRUE,FALSE,NA,NA,NA,NA,NA,NA,0,Baylor,Baylor,109,NA,Rico Gathers,Taurean Prince,Al Freeman,Ishmail Wainright,Lester Medford,Javan Felix,Prince Ibeh,Connor Lammert,Isaiah Taylor,Kendal Yancy
2015-16,2016-02-01,1576696,507,0,2,Baylor,Texas,Bears,Longhorns,2,3,56,58,-2,1651,Texas,102,102,0,Longhorns take a 30-second timeout.,NA,FALSE,FALSE,NA,NA,NA,NA,NA,NA,0,NA,NA,NA,NA,Rico Gathers,Taurean Prince,Al Freeman,Ishmail Wainright,Lester Medford,Javan Felix,Prince Ibeh,Connor Lammert,Isaiah Taylor,Kendal Yancy
2015-16,2016-02-01,1576696,508,0,2,Baylor,Texas,Bears,Longhorns,2,3,56,58,-2,1313,Baylor,102,102,0,Taurean Prince misses free throw 2 of 2.,missed,TRUE,FALSE,NA,NA,NA,NA,NA,NA,0,Baylor,Baylor,109,NA,Rico Gathers,Taurean Prince,Al Freeman,Ishmail Wainright,Lester Medford,Javan Felix,Prince Ibeh,Connor Lammert,Isaiah Taylor,Kendal Yancy
2015-16,2016-02-01,1576696,509,0,2,Baylor,Texas,Bears,Longhorns,2,3,56,58,-2,1651,Texas,102,102,0,Prince Ibeh with a defensive rebound.,NA,FALSE,FALSE,NA,NA,NA,NA,NA,NA,0,Baylor,Texas,109,NA,Rico Gathers,Taurean Prince,Al Freeman,Ishmail Wainright,Lester Medford,Javan Felix,Prince Ibeh,Connor Lammert,Isaiah Taylor,Kendal Yancy
2015-16,2016-02-01,1576696,514,0,2,Baylor,Texas,Bears,Longhorns,2,3,56,58,-2,1313,Baylor,87,87,15,Shooting foul committed by Rico Gathers.,NA,FALSE,FALSE,NA,NA,NA,NA,NA,NA,0,Texas,Texas,110,NA,Rico Gathers,Taurean Prince,Al Freeman,Ishmail Wainright,Lester Medford,Javan Felix,Prince Ibeh,Connor Lammert,Isaiah Taylor,Kendal Yancy
2015-16,2016-02-01,1576696,515,0,2,Baylor,Texas,Bears,Longhorns,2,3,56,58,-2,1313,Baylor,87,87,0,Substitution: Johnathan Motley in for Rico Gathers.,NA,FALSE,FALSE,NA,NA,NA,NA,NA,NA,1,NA,NA,NA,NA,Johnathan Motley,Taurean Prince,Al Freeman,Ishmail Wainright,Lester Medford,Javan Felix,Prince Ibeh,Connor Lammert,Isaiah Taylor,Kendal Yancy
2015-16,2016-02-01,1576696,516,0,2,Baylor,Texas,Bears,Longhorns,2,3,56,58,-2,1651,Texas,87,87,0,Kerwin Roach misses free throw 1 of 2.,missed,TRUE,FALSE,NA,NA,NA,NA,NA,NA,0,Texas,Texas,110,NA,Johnathan Motley,Taurean Prince,Al Freeman,Ishmail Wainright,Lester Medford,Javan Felix,Prince Ibeh,Connor Lammert,Isaiah Taylor,Kendal Yancy
2015-16,2016-02-01,1576696,518,0,2,Baylor,Texas,Bears,Longhorns,2,3,56,59,-3,1651,Texas,87,87,0,Kerwin Roach makes free throw 2 of 2.,made,TRUE,FALSE,NA,NA,NA,NA,NA,NA,0,Texas,Baylor,110,NA,Johnathan Motley,Taurean Prince,Al Freeman,Ishmail Wainright,Lester Medford,Javan Felix,Prince Ibeh,Connor Lammert,Isaiah Taylor,Kendal Yancy
2015-16,2016-02-01,1576696,520,0,2,Baylor,Texas,Bears,Longhorns,2,3,56,59,-3,1313,Baylor,72,72,15,Isaiah Taylor steals the ball from Taurean Prince.,NA,FALSE,FALSE,NA,NA,NA,NA,NA,NA,0,Baylor,Texas,111,NA,Johnathan Motley,Taurean Prince,Al Freeman,Ishmail Wainright,Lester Medford,Javan Felix,Prince Ibeh,Connor Lammert,Isaiah Taylor,Kendal Yancy
2015-16,2016-02-01,1576696,521,0,2,Baylor,Texas,Bears,Longhorns,2,3,56,62,-6,1651,Texas,44,44,28,Connor Lammert makes a 3-point jump shot from 25 feet out. Isaiah Taylor with the assist.,made,FALSE,TRUE,Jump Shot,38.2,26.55,697628,Connor Lammert,Isaiah Taylor,0,Texas,Baylor,112,NA,Johnathan Motley,Taurean Prince,Al Freeman,Ishmail Wainright,Lester Medford,Javan Felix,Prince Ibeh,Connor Lammert,Isaiah Taylor,Kendal Yancy
2015-16,2016-02-01,1576696,528,0,2,Baylor,Texas,Bears,Longhorns,2,3,59,62,-3,1313,Baylor,39,39,5,Lester Medford makes a 3-point jump shot from 25 feet out.,made,FALSE,TRUE,Jump Shot,19.5,29.150000000000006,851165,Lester Medford,NA,0,Baylor,Texas,113,NA,Johnathan Motley,Taurean Prince,Al Freeman,Ishmail Wainright,Lester Medford,Javan Felix,Prince Ibeh,Connor Lammert,Isaiah Taylor,Kendal Yancy
2015-16,2016-02-01,1576696,529,0,2,Baylor,Texas,Bears,Longhorns,1,3,59,62,-3,1313,Baylor,39,39,0,Bears take a 30-second timeout.,NA,FALSE,FALSE,NA,NA,NA,NA,NA,NA,0,NA,NA,NA,NA,Johnathan Motley,Taurean Prince,Al Freeman,Ishmail Wainright,Lester Medford,Javan Felix,Prince Ibeh,Connor Lammert,Isaiah Taylor,Kendal Yancy
2015-16,2016-02-01,1576696,531,0,2,Baylor,Texas,Bears,Longhorns,1,3,59,62,-3,1313,Baylor,39,39,0,Personal foul committed by Allerik Freeman.,NA,FALSE,FALSE,NA,NA,NA,NA,NA,NA,0,Texas,Texas,114,NA,Johnathan Motley,Taurean Prince,Al Freeman,Ishmail Wainright,Lester Medford,Javan Felix,Prince Ibeh,Connor Lammert,Isaiah Taylor,Kendal Yancy
2015-16,2016-02-01,1576696,532,0,2,Baylor,Texas,Bears,Longhorns,1,3,59,62,-3,1651,Texas,39,39,0,Isaiah Taylor misses free throw 1 of 2.,missed,TRUE,FALSE,NA,NA,NA,NA,NA,NA,0,Texas,Texas,114,NA,Johnathan Motley,Taurean Prince,Al Freeman,Ishmail Wainright,Lester Medford,Javan Felix,Prince Ibeh,Connor Lammert,Isaiah Taylor,Kendal Yancy
2015-16,2016-02-01,1576696,534,0,2,Baylor,Texas,Bears,Longhorns,1,3,59,63,-4,1651,Texas,39,39,0,Isaiah Taylor makes free throw 2 of 2.,made,TRUE,FALSE,NA,NA,NA,NA,NA,NA,0,Texas,Baylor,114,NA,Johnathan Motley,Taurean Prince,Al Freeman,Ishmail Wainright,Lester Medford,Javan Felix,Prince Ibeh,Connor Lammert,Isaiah Taylor,Kendal Yancy
2015-16,2016-02-01,1576696,537,0,2,Baylor,Texas,Bears,Longhorns,1,3,59,63,-4,1313,Baylor,24,24,15,Taurean Prince misses a 3-point jump shot from 23 feet out.,missed,FALSE,TRUE,Jump Shot,2.799999999999997,10.75,696209,Taurean Prince,NA,0,Baylor,Baylor,115,NA,Johnathan Motley,Taurean Prince,Al Freeman,Ishmail Wainright,Lester Medford,Javan Felix,Prince Ibeh,Connor Lammert,Isaiah Taylor,Kendal Yancy
2015-16,2016-02-01,1576696,538,0,2,Baylor,Texas,Bears,Longhorns,1,3,59,63,-4,1651,Texas,24,24,0,Javan Felix with a defensive rebound.,NA,FALSE,FALSE,NA,NA,NA,NA,NA,NA,0,Baylor,Texas,115,NA,Johnathan Motley,Taurean Prince,Al Freeman,Ishmail Wainright,Lester Medford,Javan Felix,Prince Ibeh,Connor Lammert,Isaiah Taylor,Kendal Yancy
2015-16,2016-02-01,1576696,542,0,2,Baylor,Texas,Bears,Longhorns,1,3,59,63,-4,1313,Baylor,23,23,1,Personal foul committed by Ishmail Wainright.,NA,FALSE,FALSE,NA,NA,NA,NA,NA,NA,0,Texas,Texas,116,NA,Johnathan Motley,Taurean Prince,Al Freeman,Ishmail Wainright,Lester Medford,Javan Felix,Prince Ibeh,Connor Lammert,Isaiah Taylor,Kendal Yancy
2015-16,2016-02-01,1576696,543,0,2,Baylor,Texas,Bears,Longhorns,1,3,59,64,-5,1651,Texas,23,23,0,Javan Felix makes free throw 1 of 2.,made,TRUE,FALSE,NA,NA,NA,NA,NA,NA,0,Texas,Texas,116,NA,Johnathan Motley,Taurean Prince,Al Freeman,Ishmail Wainright,Lester Medford,Javan Felix,Prince Ibeh,Connor Lammert,Isaiah Taylor,Kendal Yancy
2015-16,2016-02-01,1576696,544,0,2,Baylor,Texas,Bears,Longhorns,1,3,59,65,-6,1651,Texas,23,23,0,Javan Felix makes free throw 2 of 2.,made,TRUE,FALSE,NA,NA,NA,NA,NA,NA,0,Texas,Baylor,116,NA,Johnathan Motley,Taurean Prince,Al Freeman,Ishmail Wainright,Lester Medford,Javan Felix,Prince Ibeh,Connor Lammert,Isaiah Taylor,Kendal Yancy
2015-16,2016-02-01,1576696,545,0,2,Baylor,Texas,Bears,Longhorns,1,2,59,65,-6,1651,Texas,23,23,0,Longhorns take a 30-second timeout.,NA,FALSE,FALSE,NA,NA,NA,NA,NA,NA,0,NA,NA,NA,NA,Johnathan Motley,Taurean Prince,Al Freeman,Ishmail Wainright,Lester Medford,Javan Felix,Prince Ibeh,Connor Lammert,Isaiah Taylor,Kendal Yancy
2015-16,2016-02-01,1576696,547,0,2,Baylor,Texas,Bears,Longhorns,1,2,59,65,-6,1313,Baylor,17,17,6,Lester Medford misses a 3-point jump shot from 25 feet out.,missed,FALSE,TRUE,Jump Shot,33.2,29.150000000000006,851165,Lester Medford,NA,0,Baylor,Baylor,117,NA,Johnathan Motley,Taurean Prince,Al Freeman,Ishmail Wainright,Lester Medford,Javan Felix,Prince Ibeh,Connor Lammert,Isaiah Taylor,Kendal Yancy
2015-16,2016-02-01,1576696,548,0,2,Baylor,Texas,Bears,Longhorns,1,2,59,65,-6,1313,Baylor,17,17,0,Allerik Freeman with an offensive rebound.,NA,FALSE,FALSE,NA,NA,NA,NA,NA,NA,0,Baylor,Baylor,117,NA,Johnathan Motley,Taurean Prince,Al Freeman,Ishmail Wainright,Lester Medford,Javan Felix,Prince Ibeh,Connor Lammert,Isaiah Taylor,Kendal Yancy
2015-16,2016-02-01,1576696,550,0,2,Baylor,Texas,Bears,Longhorns,1,2,59,65,-6,1313,Baylor,9,9,8,King McClure misses a 3-point jump shot from 24 feet out.,missed,FALSE,TRUE,Jump Shot,5.5,20.150000000000006,887890,King McClure,NA,0,Baylor,Texas,117,NA,Johnathan Motley,Taurean Prince,Al Freeman,Ishmail Wainright,Lester Medford,Javan Felix,Prince Ibeh,Connor Lammert,Isaiah Taylor,Kendal Yancy
2015-16,2016-02-01,1576696,557,0,2,Baylor,Texas,Bears,Longhorns,1,2,59,65,-6,1313,Baylor,8,8,1,Personal foul committed by Ishmail Wainright.,NA,FALSE,FALSE,NA,NA,NA,NA,NA,NA,0,Texas,Texas,118,NA,Johnathan Motley,Taurean Prince,Al Freeman,Ishmail Wainright,Lester Medford,Javan Felix,Prince Ibeh,Connor Lammert,Isaiah Taylor,Kendal Yancy
2015-16,2016-02-01,1576696,558,0,2,Baylor,Texas,Bears,Longhorns,1,2,59,66,-7,1651,Texas,8,8,0,Isaiah Taylor makes free throw 1 of 2.,made,TRUE,FALSE,NA,NA,NA,NA,NA,NA,0,Texas,Texas,118,NA,Johnathan Motley,Taurean Prince,Al Freeman,Ishmail Wainright,Lester Medford,Javan Felix,Prince Ibeh,Connor Lammert,Isaiah Taylor,Kendal Yancy
2015-16,2016-02-01,1576696,559,0,2,Baylor,Texas,Bears,Longhorns,1,2,59,67,-8,1651,Texas,8,8,0,Isaiah Taylor makes free throw 2 of 2.,made,TRUE,FALSE,NA,NA,NA,NA,NA,NA,0,Texas,Baylor,118,NA,Johnathan Motley,Taurean Prince,Al Freeman,Ishmail Wainright,Lester Medford,Javan Felix,Prince Ibeh,Connor Lammert,Isaiah Taylor,Kendal Yancy
2015-16,2016-02-01,1576696,561,0,2,Baylor,Texas,Bears,Longhorns,1,2,59,67,-8,1313,Baylor,5,5,3,Lester Medford misses a 3-point jump shot from 24 feet out.,missed,FALSE,TRUE,Jump Shot,33.6,27.75,851165,Lester Medford,NA,0,Baylor,Baylor,119,NA,Johnathan Motley,Taurean Prince,Al Freeman,Ishmail Wainright,Lester Medford,Javan Felix,Prince Ibeh,Connor Lammert,Isaiah Taylor,Kendal Yancy
2015-16,2016-02-01,1576696,562,0,2,Baylor,Texas,Bears,Longhorns,1,2,59,67,-8,1313,Baylor,5,5,0,King McClure with an offensive rebound.,NA,FALSE,FALSE,NA,NA,NA,NA,NA,NA,0,Baylor,Baylor,119,NA,Johnathan Motley,Taurean Prince,Al Freeman,Ishmail Wainright,Lester Medford,Javan Felix,Prince Ibeh,Connor Lammert,Isaiah Taylor,Kendal Yancy
2015-16,2016-02-01,1576696,564,0,2,Baylor,Texas,Bears,Longhorns,1,2,59,67,-8,1313,Baylor,1,1,4,King McClure misses a layup.,missed,FALSE,FALSE,Layup Shot,26,6.25,887890,King McClure,NA,0,Baylor,Baylor,119,NA,Johnathan Motley,Taurean Prince,Al Freeman,Ishmail Wainright,Lester Medford,Javan Felix,Prince Ibeh,Connor Lammert,Isaiah Taylor,Kendal Yancy
2015-16,2016-02-01,1576696,565,0,2,Baylor,Texas,Bears,Longhorns,1,2,59,67,-8,1313,Baylor,1,1,0,King McClure with an offensive rebound.,NA,FALSE,FALSE,NA,NA,NA,NA,NA,NA,0,Baylor,Baylor,119,NA,Johnathan Motley,Taurean Prince,Al Freeman,Ishmail Wainright,Lester Medford,Javan Felix,Prince Ibeh,Connor Lammert,Isaiah Taylor,Kendal Yancy
2015-16,2016-02-01,1576696,567,0,2,Baylor,Texas,Bears,Longhorns,1,2,59,67,-8,NA,NA,0,0,1,End of the 2nd Half,NA,FALSE,FALSE,NA,NA,NA,NA,NA,NA,0,NA,NA,NA,NA,Johnathan Motley,Taurean Prince,Al Freeman,Ishmail Wainright,Lester Medford,Javan Felix,Prince Ibeh,Connor Lammert,Isaiah Taylor,Kendal Yancy
2015-16,2016-02-01,1576696,568,0,2,Baylor,Texas,Bears,Longhorns,1,2,59,67,-8,NA,NA,0,0,0,End of the Game,NA,FALSE,FALSE,NA,NA,NA,NA,NA,NA,0,Baylor,Baylor,NA,NA,Johnathan Motley,Taurean Prince,Al Freeman,Ishmail Wainright,Lester Medford,Javan Felix,Prince Ibeh,Connor Lammert,Isaiah Taylor,Kendal Yancy
