season,date,game_id,play_id,neutral,half,home,away,home_name,away_name,home_timeouts,away_timeouts,home_score,away_score,score_diff,team_id,event_team,game_secs_remaining,half_secs_remaining,play_length,desc,shot_outcome,free_throw,three_pt,shot_desc,loc_x,loc_y,shooter_id,shooter,assist,substitution,poss_before,poss_after,poss_number,sub_error,home_1,home_2,home_3,home_4,home_5,away_1,away_2,away_3,away_4,away_5
2022-23,2022-12-13,2501673,1,0,1,Howard,FIU,Bison,Panthers,4,4,0,0,0,1409,FIU,NA,NA,NA,Starting Lineup - Denver Jones,NA,FALSE,FALSE,NA,NA,NA,NA,NA,NA,1,NA,NA,NA,NA,Shy Odom,Jelani Williams,Steve Settle III,Bryce Harris,Jordan Wood,Denver Jones,Dashon Gittens,Seth Pinkney,Nick Guadarrama,Javaunte Hawkins
2022-23,2022-12-13,2501673,1,0,1,Howard,FIU,Bison,Panthers,4,4,0,0,0,1409,FIU,NA,NA,NA,Starting Lineup - Dashon Gittens,NA,FALSE,FALSE,NA,NA,NA,NA,NA,NA,1,NA,NA,NA,NA,Shy Odom,Jelani Williams,Steve Settle III,Bryce Harris,Jordan Wood,Denver Jones,Dashon Gittens,Seth Pinkney,Nick Guadarrama,Javaunte Hawkins
2022-23,2022-12-13,2501673,1,0,1,Howard,FIU,Bison,Panthers,4,4,0,0,0,1438,Howard,NA,NA,NA,Starting Lineup - Shy Odom,NA,FALSE,FALSE,NA,NA,NA,NA,NA,NA,1,NA,NA,NA,NA,Shy Odom,Jelani Williams,Steve Settle III,Bryce Harris,Jordan Wood,Denver Jones,Dashon Gittens,Seth Pinkney,Nick Guadarrama,Javaunte Hawkins
2022-23,2022-12-13,2501673,1,0,1,Howard,FIU,Bison,Panthers,4,4,0,0,0,1409,FIU,NA,NA,NA,Starting Lineup - Seth Pinkney,NA,FALSE,FALSE,NA,NA,NA,NA,NA,NA,1,NA,NA,NA,NA,Shy Odom,Jelani Williams,Steve Settle III,Bryce Harris,Jordan Wood,Denver Jones,Dashon Gittens,Seth Pinkney,Nick Guadarrama,Javaunte Hawkins
2022-23,2022-12-13,2501673,1,0,1,Howard,FIU,Bison,Panthers,4,4,0,0,0,1438,Howard,NA,NA,NA,Starting Lineup - Jelani Williams,NA,FALSE,FALSE,NA,NA,NA,NA,NA,NA,1,NA,NA,NA,NA,Shy Odom,Jelani Williams,Steve Settle III,Bryce Harris,Jordan Wood,Denver Jones,Dashon Gittens,Seth Pinkney,Nick Guadarrama,Javaunte Hawkins
2022-23,2022-12-13,2501673,1,0,1,Howard,FIU,Bison,Panthers,4,4,0,0,0,1438,Howard,NA,NA,NA,Starting Lineup - Steve Settle III,NA,FALSE,FALSE,NA,NA,NA,NA,NA,NA,1,NA,NA,NA,NA,Shy Odom,Jelani Williams,Steve Settle III,Bryce Harris,Jordan Wood,Denver Jones,Dashon Gittens,Seth Pinkney,Nick Guadarrama,Javaunte Hawkins
2022-23,2022-12-13,2501673,1,0,1,Howard,FIU,Bison,Panthers,4,4,0,0,0,1438,Howard,NA,NA,NA,Starting Lineup - Bryce Harris,NA,FALSE,FALSE,NA,NA,NA,NA,NA,NA,1,NA,NA,NA,NA,Shy Odom,Jelani Williams,Steve Settle III,Bryce Harris,Jordan Wood,Denver Jones,Dashon Gittens,Seth Pinkney,Nick Guadarrama,Javaunte Hawkins
2022-23,2022-12-13,2501673,1,0,1,Howard,FIU,Bison,Panthers,4,4,0,0,0,1409,FIU,NA,NA,NA,Starting Lineup - Nick Guadarrama,NA,FALSE,FALSE,NA,NA,NA,NA,NA,NA,1,NA,NA,NA,NA,Shy Odom,Jelani Williams,Steve Settle III,Bryce Harris,Jordan Wood,Denver Jones,Dashon Gittens,Seth Pinkney,Nick Guadarrama,Javaunte Hawkins
2022-23,2022-12-13,2501673,1,0,1,Howard,FIU,Bison,Panthers,4,4,0,0,0,1438,Howard,NA,NA,NA,Starting Lineup - Jordan Wood,NA,FALSE,FALSE,NA,NA,NA,NA,NA,NA,1,NA,NA,NA,NA,Shy Odom,Jelani Williams,Steve Settle III,Bryce Harris,Jordan Wood,Denver Jones,Dashon Gittens,Seth Pinkney,Nick Guadarrama,Javaunte Hawkins
2022-23,2022-12-13,2501673,1,0,1,Howard,FIU,Bison,Panthers,4,4,0,0,0,1409,FIU,NA,NA,NA,Starting Lineup - Javaunte Hawkins,NA,FALSE,FALSE,NA,NA,NA,NA,NA,NA,1,NA,NA,NA,NA,Shy Odom,Jelani Williams,Steve Settle III,Bryce Harris,Jordan Wood,Denver Jones,Dashon Gittens,Seth Pinkney,Nick Guadarrama,Javaunte Hawkins
2022-23,2022-12-13,2501673,2,0,1,Howard,FIU,Bison,Panthers,4,4,0,0,0,NA,NA,2400,1200,NA,Start of the 1st Half,NA,FALSE,FALSE,NA,NA,NA,NA,NA,NA,0,NA,FIU,1,NA,Shy Odom,Jelani Williams,Steve Settle III,Bryce Harris,Jordan Wood,Denver Jones,Dashon Gittens,Seth Pinkney,Nick Guadarrama,Javaunte Hawkins
2022-23,2022-12-13,2501673,3,0,1,Howard,FIU,Bison,Panthers,4,4,0,2,-2,1409,FIU,2381,1181,19,Denver Jones makes a jump shot from 6 feet out. Dashon Gittens with the assist.,made,FALSE,FALSE,Jump Shot,26,10.95,1323840,Denver Jones,Dashon Gittens,0,FIU,Howard,1,NA,Shy Odom,Jelani Williams,Steve Settle III,Bryce Harris,Jordan Wood,Denver Jones,Dashon Gittens,Seth Pinkney,Nick Guadarrama,Javaunte Hawkins
2022-23,2022-12-13,2501673,4,0,1,Howard,FIU,Bison,Panthers,4,4,0,2,-2,1438,Howard,2371,1171,10,Bryce Harris misses a jump shot from 12 feet out.,missed,FALSE,FALSE,Jump Shot,34.4,12.950000000000003,1324093,Bryce Harris,NA,0,Howard,Howard,2,NA,Shy Odom,Jelani Williams,Steve Settle III,Bryce Harris,Jordan Wood,Denver Jones,Dashon Gittens,Seth Pinkney,Nick Guadarrama,Javaunte Hawkins
2022-23,2022-12-13,2501673,5,0,1,Howard,FIU,Bison,Panthers,4,4,0,2,-2,1409,FIU,2371,1171,0,Dashon Gittens with a defensive rebound.,NA,FALSE,FALSE,NA,NA,NA,NA,NA,NA,0,Howard,FIU,2,NA,Shy Odom,Jelani Williams,Steve Settle III,Bryce Harris,Jordan Wood,Denver Jones,Dashon Gittens,Seth Pinkney,Nick Guadarrama,Javaunte Hawkins
2022-23,2022-12-13,2501673,6,0,1,Howard,FIU,Bison,Panthers,4,4,0,5,-5,1409,FIU,2362,1162,9,Javaunte Hawkins makes a 3-point jump shot from 25 feet out. Dashon Gittens with the assist.,made,FALSE,TRUE,Jump Shot,45.8,18.35,1240286,Javaunte Hawkins,Dashon Gittens,0,FIU,Howard,3,NA,Shy Odom,Jelani Williams,Steve Settle III,Bryce Harris,Jordan Wood,Denver Jones,Dashon Gittens,Seth Pinkney,Nick Guadarrama,Javaunte Hawkins
2022-23,2022-12-13,2501673,7,0,1,Howard,FIU,Bison,Panthers,3,4,0,5,-5,1438,Howard,2357,1157,5,Bison take a 30-second timeout.,NA,FALSE,FALSE,NA,NA,NA,NA,NA,NA,0,NA,NA,NA,NA,Shy Odom,Jelani Williams,Steve Settle III,Bryce Harris,Jordan Wood,Denver Jones,Dashon Gittens,Seth Pinkney,Nick Guadarrama,Javaunte Hawkins
2022-23,2022-12-13,2501673,8,0,1,Howard,FIU,Bison,Panthers,3,4,0,5,-5,1438,Howard,2323,1123,34,Jordan Wood misses a jump shot from 17 feet out.,missed,FALSE,FALSE,Jump Shot,11,14.25,1252556,Jordan Wood,NA,0,Howard,Howard,4,NA,Shy Odom,Jelani Williams,Steve Settle III,Bryce Harris,Jordan Wood,Denver Jones,Dashon Gittens,Seth Pinkney,Nick Guadarrama,Javaunte Hawkins
2022-23,2022-12-13,2501673,9,0,1,Howard,FIU,Bison,Panthers,3,4,0,5,-5,1438,Howard,2323,1123,0,Bryce Harris with an offensive rebound.,NA,FALSE,FALSE,NA,NA,NA,NA,NA,NA,0,Howard,Howard,4,NA,Shy Odom,Jelani Williams,Steve Settle III,Bryce Harris,Jordan Wood,Denver Jones,Dashon Gittens,Seth Pinkney,Nick Guadarrama,Javaunte Hawkins
2022-23,2022-12-13,2501673,10,0,1,Howard,FIU,Bison,Panthers,3,4,0,5,-5,1438,Howard,2309,1109,14,Jordan Wood misses a jump shot from 9 feet out.,missed,FALSE,FALSE,Jump Shot,33.4,8.75,1252556,Jordan Wood,NA,0,Howard,Howard,4,NA,Shy Odom,Jelani Williams,Steve Settle III,Bryce Harris,Jordan Wood,Denver Jones,Dashon Gittens,Seth Pinkney,Nick Guadarrama,Javaunte Hawkins
2022-23,2022-12-13,2501673,12,0,1,Howard,FIU,Bison,Panthers,3,4,0,5,-5,1438,Howard,2294,1094,15,Seth Pinkney blocks a Jelani Williams jump shot from 9 feet out.,missed,FALSE,FALSE,Jump Shot,22.7,14.25,1065766,Jelani Williams,NA,0,Howard,Howard,4,NA,Shy Odom,Jelani Williams,Steve Settle III,Bryce Harris,Jordan Wood,Denver Jones,Dashon Gittens,Seth Pinkney,Nick Guadarrama,Javaunte Hawkins
2022-23,2022-12-13,2501673,13,0,1,Howard,FIU,Bison,Panthers,3,4,0,5,-5,1438,Howard,2294,1094,0,Jelani Williams with an offensive rebound.,NA,FALSE,FALSE,NA,NA,NA,NA,NA,NA,0,Howard,Howard,4,NA,Shy Odom,Jelani Williams,Steve Settle III,Bryce Harris,Jordan Wood,Denver Jones,Dashon Gittens,Seth Pinkney,Nick Guadarrama,Javaunte Hawkins
2022-23,2022-12-13,2501673,14,0,1,Howard,FIU,Bison,Panthers,3,4,0,5,-5,1438,Howard,2289,1089,5,Bison with a turnover: Shot Clock Turnover,NA,FALSE,FALSE,NA,NA,NA,NA,NA,NA,0,Howard,FIU,4,NA,Shy Odom,Jelani Williams,Steve Settle III,Bryce Harris,Jordan Wood,Denver Jones,Dashon Gittens,Seth Pinkney,Nick Guadarrama,Javaunte Hawkins
2022-23,2022-12-13,2501673,15,0,1,Howard,FIU,Bison,Panthers,3,4,0,5,-5,1409,FIU,2260,1060,29,Nick Guadarrama misses a 3-point jump shot from 25 feet out.,missed,FALSE,TRUE,Jump Shot,46.6,17.25,1138620,Nick Guadarrama,NA,0,FIU,FIU,5,NA,Shy Odom,Jelani Williams,Steve Settle III,Bryce Harris,Jordan Wood,Denver Jones,Dashon Gittens,Seth Pinkney,Nick Guadarrama,Javaunte Hawkins
2022-23,2022-12-13,2501673,16,0,1,Howard,FIU,Bison,Panthers,3,4,0,5,-5,1438,Howard,2260,1060,0,Steve Settle III with a defensive rebound.,NA,FALSE,FALSE,NA,NA,NA,NA,NA,NA,0,FIU,Howard,5,NA,Shy Odom,Jelani Williams,Steve Settle III,Bryce Harris,Jordan Wood,Denver Jones,Dashon Gittens,Seth Pinkney,Nick Guadarrama,Javaunte Hawkins
2022-23,2022-12-13,2501673,17,0,1,Howard,FIU,Bison,Panthers,3,4,0,5,-5,1438,Howard,2247,1047,13,Offensive foul committed by Jordan Wood.,NA,FALSE,FALSE,NA,NA,NA,NA,NA,NA,0,Howard,Howard,6,NA,Shy Odom,Jelani Williams,Steve Settle III,Bryce Harris,Jordan Wood,Denver Jones,Dashon Gittens,Seth Pinkney,Nick Guadarrama,Javaunte Hawkins
2022-23,2022-12-13,2501673,18,0,1,Howard,FIU,Bison,Panthers,3,4,0,5,-5,1438,Howard,2247,1047,0,Jordan Wood with a turnover,NA,FALSE,FALSE,NA,NA,NA,NA,NA,NA,0,Howard,FIU,6,NA,Shy Odom,Jelani Williams,Steve Settle III,Bryce Harris,Jordan Wood,Denver Jones,Dashon Gittens,Seth Pinkney,Nick Guadarrama,Javaunte Hawkins
2022-23,2022-12-13,2501673,19,0,1,Howard,FIU,Bison,Panthers,3,4,0,5,-5,1438,Howard,2247,1047,0,Substitution: Marcus Dockery in for Jelani Williams.,NA,FALSE,FALSE,NA,NA,NA,NA,NA,NA,1,NA,NA,NA,NA,Shy Odom,Marcus Dockery,Steve Settle III,Bryce Harris,Jordan Wood,Denver Jones,Dashon Gittens,Seth Pinkney,Nick Guadarrama,Javaunte Hawkins
2022-23,2022-12-13,2501673,20,0,1,Howard,FIU,Bison,Panthers,3,4,0,5,-5,1438,Howard,2247,1047,0,Substitution: Elijah Hawkins in for Bryce Harris.,NA,FALSE,FALSE,NA,NA,NA,NA,NA,NA,1,NA,NA,NA,NA,Shy Odom,Marcus Dockery,Steve Settle III,Elijah Hawkins,Jordan Wood,Denver Jones,Dashon Gittens,Seth Pinkney,Nick Guadarrama,Javaunte Hawkins
2022-23,2022-12-13,2501673,21,0,1,Howard,FIU,Bison,Panthers,3,4,0,5,-5,1409,FIU,2229,1029,18,Denver Jones misses a jump shot from 16 feet out.,missed,FALSE,FALSE,Jump Shot,24.9,21.35,1323840,Denver Jones,NA,0,FIU,FIU,7,NA,Shy Odom,Marcus Dockery,Steve Settle III,Elijah Hawkins,Jordan Wood,Denver Jones,Dashon Gittens,Seth Pinkney,Nick Guadarrama,Javaunte Hawkins
2022-23,2022-12-13,2501673,22,0,1,Howard,FIU,Bison,Panthers,3,4,0,5,-5,1438,Howard,2229,1029,0,Jordan Wood with a defensive rebound.,NA,FALSE,FALSE,NA,NA,NA,NA,NA,NA,0,FIU,Howard,7,NA,Shy Odom,Marcus Dockery,Steve Settle III,Elijah Hawkins,Jordan Wood,Denver Jones,Dashon Gittens,Seth Pinkney,Nick Guadarrama,Javaunte Hawkins
2022-23,2022-12-13,2501673,23,0,1,Howard,FIU,Bison,Panthers,3,4,0,5,-5,1409,FIU,2217,1017,12,Personal foul committed by Javaunte Hawkins.,NA,FALSE,FALSE,NA,NA,NA,NA,NA,NA,0,Howard,Howard,8,NA,Shy Odom,Marcus Dockery,Steve Settle III,Elijah Hawkins,Jordan Wood,Denver Jones,Dashon Gittens,Seth Pinkney,Nick Guadarrama,Javaunte Hawkins
2022-23,2022-12-13,2501673,24,0,1,Howard,FIU,Bison,Panthers,3,4,0,5,-5,1438,Howard,2209,1009,8,Offensive foul committed by Shy Odom.,NA,FALSE,FALSE,NA,NA,NA,NA,NA,NA,0,Howard,Howard,8,NA,Shy Odom,Marcus Dockery,Steve Settle III,Elijah Hawkins,Jordan Wood,Denver Jones,Dashon Gittens,Seth Pinkney,Nick Guadarrama,Javaunte Hawkins
2022-23,2022-12-13,2501673,25,0,1,Howard,FIU,Bison,Panthers,3,4,0,5,-5,1438,Howard,2209,1009,0,Shy Odom with a turnover,NA,FALSE,FALSE,NA,NA,NA,NA,NA,NA,0,Howard,FIU,8,NA,Shy Odom,Marcus Dockery,Steve Settle III,Elijah Hawkins,Jordan Wood,Denver Jones,Dashon Gittens,Seth Pinkney,Nick Guadarrama,Javaunte Hawkins
2022-23,2022-12-13,2501673,26,0,1,Howard,FIU,Bison,Panthers,3,4,0,5,-5,1409,FIU,2195,995,14,Nick Guadarrama misses a layup from 1 foot out.,missed,FALSE,FALSE,Layup Shot,24.2,6.35,1138620,Nick Guadarrama,NA,0,FIU,FIU,9,NA,Shy Odom,Marcus Dockery,Steve Settle III,Elijah Hawkins,Jordan Wood,Denver Jones,Dashon Gittens,Seth Pinkney,Nick Guadarrama,Javaunte Hawkins
2022-23,2022-12-13,2501673,27,0,1,Howard,FIU,Bison,Panthers,3,4,0,5,-5,1409,FIU,2195,995,0,Nick Guadarrama with an offensive rebound.,NA,FALSE,FALSE,NA,NA,NA,NA,NA,NA,0,FIU,FIU,9,NA,Shy Odom,Marcus Dockery,Steve Settle III,Elijah Hawkins,Jordan Wood,Denver Jones,Dashon Gittens,Seth Pinkney,Nick Guadarrama,Javaunte Hawkins
2022-23,2022-12-13,2501673,28,0,1,Howard,FIU,Bison,Panthers,3,4,0,5,-5,1438,Howard,2194,994,1,Shooting foul committed by Shy Odom.,NA,FALSE,FALSE,NA,NA,NA,NA,NA,NA,0,FIU,FIU,9,NA,Shy Odom,Marcus Dockery,Steve Settle III,Elijah Hawkins,Jordan Wood,Denver Jones,Dashon Gittens,Seth Pinkney,Nick Guadarrama,Javaunte Hawkins
2022-23,2022-12-13,2501673,29,0,1,Howard,FIU,Bison,Panthers,3,4,0,5,-5,1409,FIU,2194,994,0,Nick Guadarrama misses free throw 1 of 2.,missed,TRUE,FALSE,NA,NA,NA,NA,NA,NA,0,FIU,FIU,9,NA,Shy Odom,Marcus Dockery,Steve Settle III,Elijah Hawkins,Jordan Wood,Denver Jones,Dashon Gittens,Seth Pinkney,Nick Guadarrama,Javaunte Hawkins
2022-23,2022-12-13,2501673,31,0,1,Howard,FIU,Bison,Panthers,3,4,0,5,-5,1438,Howard,2194,994,0,Substitution: Kobe Dickson in for Shy Odom.,NA,FALSE,FALSE,NA,NA,NA,NA,NA,NA,1,NA,NA,NA,NA,Kobe Dickson,Marcus Dockery,Steve Settle III,Elijah Hawkins,Jordan Wood,Denver Jones,Dashon Gittens,Seth Pinkney,Nick Guadarrama,Javaunte Hawkins
2022-23,2022-12-13,2501673,32,0,1,Howard,FIU,Bison,Panthers,3,4,0,5,-5,1409,FIU,2194,994,0,Substitution: Arturo Dean in for Javaunte Hawkins.,NA,FALSE,FALSE,NA,NA,NA,NA,NA,NA,1,NA,NA,NA,NA,Kobe Dickson,Marcus Dockery,Steve Settle III,Elijah Hawkins,Jordan Wood,Denver Jones,Dashon Gittens,Seth Pinkney,Nick Guadarrama,Arturo Dean
2022-23,2022-12-13,2501673,33,0,1,Howard,FIU,Bison,Panthers,3,4,0,5,-5,1409,FIU,2194,994,0,Substitution: Mohamed Sanogo in for Seth Pinkney.,NA,FALSE,FALSE,NA,NA,NA,NA,NA,NA,1,NA,NA,NA,NA,Kobe Dickson,Marcus Dockery,Steve Settle III,Elijah Hawkins,Jordan Wood,Denver Jones,Dashon Gittens,Mohamed Sanogo,Nick Guadarrama,Arturo Dean
2022-23,2022-12-13,2501673,34,0,1,Howard,FIU,Bison,Panthers,3,4,0,6,-6,1409,FIU,2194,994,0,Nick Guadarrama makes free throw 2 of 2.,made,TRUE,FALSE,NA,NA,NA,NA,NA,NA,0,FIU,Howard,9,NA,Kobe Dickson,Marcus Dockery,Steve Settle III,Elijah Hawkins,Jordan Wood,Denver Jones,Dashon Gittens,Mohamed Sanogo,Nick Guadarrama,Arturo Dean
2022-23,2022-12-13,2501673,35,0,1,Howard,FIU,Bison,Panthers,3,4,0,6,-6,1409,FIU,2183,983,11,Shooting foul committed by Mohamed Sanogo.,NA,FALSE,FALSE,NA,NA,NA,NA,NA,NA,0,Howard,Howard,10,NA,Kobe Dickson,Marcus Dockery,Steve Settle III,Elijah Hawkins,Jordan Wood,Denver Jones,Dashon Gittens,Mohamed Sanogo,Nick Guadarrama,Arturo Dean
2022-23,2022-12-13,2501673,36,0,1,Howard,FIU,Bison,Panthers,3,4,1,6,-5,1438,Howard,2183,983,0,Steve Settle III makes free throw 1 of 2.,made,TRUE,FALSE,NA,NA,NA,NA,NA,NA,0,Howard,Howard,10,NA,Kobe Dickson,Marcus Dockery,Steve Settle III,Elijah Hawkins,Jordan Wood,Denver Jones,Dashon Gittens,Mohamed Sanogo,Nick Guadarrama,Arturo Dean
2022-23,2022-12-13,2501673,37,0,1,Howard,FIU,Bison,Panthers,3,4,1,6,-5,1409,FIU,2183,983,0,Substitution: John Williams Jr. in for Nick Guadarrama.,NA,FALSE,FALSE,NA,NA,NA,NA,NA,NA,1,NA,NA,NA,NA,Kobe Dickson,Marcus Dockery,Steve Settle III,Elijah Hawkins,Jordan Wood,Denver Jones,Dashon Gittens,Mohamed Sanogo,John Williams Jr.,Arturo Dean
2022-23,2022-12-13,2501673,38,0,1,Howard,FIU,Bison,Panthers,3,4,2,6,-4,1438,Howard,2183,983,0,Steve Settle III makes free throw 2 of 2.,made,TRUE,FALSE,NA,NA,NA,NA,NA,NA,0,Howard,FIU,10,NA,Kobe Dickson,Marcus Dockery,Steve Settle III,Elijah Hawkins,Jordan Wood,Denver Jones,Dashon Gittens,Mohamed Sanogo,John Williams Jr.,Arturo Dean
2022-23,2022-12-13,2501673,39,0,1,Howard,FIU,Bison,Panthers,3,4,2,6,-4,1409,FIU,2161,961,22,John Williams Jr. misses a 3-point jump shot from 23 feet out.,missed,FALSE,TRUE,Jump Shot,1.6000000000000014,6.35,1415396,John Williams Jr.,NA,0,FIU,FIU,11,NA,Kobe Dickson,Marcus Dockery,Steve Settle III,Elijah Hawkins,Jordan Wood,Denver Jones,Dashon Gittens,Mohamed Sanogo,John Williams Jr.,Arturo Dean
2022-23,2022-12-13,2501673,40,0,1,Howard,FIU,Bison,Panthers,3,4,2,6,-4,1438,Howard,2161,961,0,Steve Settle III with a defensive rebound.,NA,FALSE,FALSE,NA,NA,NA,NA,NA,NA,0,FIU,Howard,11,NA,Kobe Dickson,Marcus Dockery,Steve Settle III,Elijah Hawkins,Jordan Wood,Denver Jones,Dashon Gittens,Mohamed Sanogo,John Williams Jr.,Arturo Dean
2022-23,2022-12-13,2501673,41,0,1,Howard,FIU,Bison,Panthers,3,4,2,6,-4,1438,Howard,2148,948,13,Steve Settle III misses a layup from 4 feet out.,missed,FALSE,FALSE,Layup Shot,23,8.25,1182378,Steve Settle III,NA,0,Howard,Howard,12,NA,Kobe Dickson,Marcus Dockery,Steve Settle III,Elijah Hawkins,Jordan Wood,Denver Jones,Dashon Gittens,Mohamed Sanogo,John Williams Jr.,Arturo Dean
2022-23,2022-12-13,2501673,42,0,1,Howard,FIU,Bison,Panthers,3,4,2,6,-4,1409,FIU,2148,948,0,Mohamed Sanogo with a defensive rebound.,NA,FALSE,FALSE,NA,NA,NA,NA,NA,NA,0,Howard,FIU,12,NA,Kobe Dickson,Marcus Dockery,Steve Settle III,Elijah Hawkins,Jordan Wood,Denver Jones,Dashon Gittens,Mohamed Sanogo,John Williams Jr.,Arturo Dean
2022-23,2022-12-13,2501673,43,0,1,Howard,FIU,Bison,Panthers,3,4,2,6,-4,1409,FIU,2140,940,8,Jordan Wood steals the ball from Dashon Gittens.,NA,FALSE,FALSE,NA,NA,NA,NA,NA,NA,0,FIU,Howard,13,NA,Kobe Dickson,Marcus Dockery,Steve Settle III,Elijah Hawkins,Jordan Wood,Denver Jones,Dashon Gittens,Mohamed Sanogo,John Williams Jr.,Arturo Dean
2022-23,2022-12-13,2501673,44,0,1,Howard,FIU,Bison,Panthers,3,4,2,6,-4,1409,FIU,2137,937,3,Shooting foul committed by Mohamed Sanogo.,NA,FALSE,FALSE,NA,NA,NA,NA,NA,NA,0,Howard,Howard,14,NA,Kobe Dickson,Marcus Dockery,Steve Settle III,Elijah Hawkins,Jordan Wood,Denver Jones,Dashon Gittens,Mohamed Sanogo,John Williams Jr.,Arturo Dean
2022-23,2022-12-13,2501673,45,0,1,Howard,FIU,Bison,Panthers,3,4,2,6,-4,1409,FIU,2137,937,0,Substitution: Petar Krivokapic in for Arturo Dean.,NA,FALSE,FALSE,NA,NA,NA,NA,NA,NA,1,NA,NA,NA,NA,Kobe Dickson,Marcus Dockery,Steve Settle III,Elijah Hawkins,Jordan Wood,Denver Jones,Dashon Gittens,Mohamed Sanogo,John Williams Jr.,Petar Krivokapic
2022-23,2022-12-13,2501673,46,0,1,Howard,FIU,Bison,Panthers,3,4,2,6,-4,1409,FIU,2137,937,0,Substitution: Nick Guadarrama in for Mohamed Sanogo.,NA,FALSE,FALSE,NA,NA,NA,NA,NA,NA,1,NA,NA,NA,NA,Kobe Dickson,Marcus Dockery,Steve Settle III,Elijah Hawkins,Jordan Wood,Denver Jones,Dashon Gittens,Nick Guadarrama,John Williams Jr.,Petar Krivokapic
2022-23,2022-12-13,2501673,47,0,1,Howard,FIU,Bison,Panthers,3,4,2,6,-4,1409,FIU,2137,937,0,Substitution: Arturo Dean in for Dashon Gittens.,NA,FALSE,FALSE,NA,NA,NA,NA,NA,NA,1,NA,NA,NA,NA,Kobe Dickson,Marcus Dockery,Steve Settle III,Elijah Hawkins,Jordan Wood,Denver Jones,Arturo Dean,Nick Guadarrama,John Williams Jr.,Petar Krivokapic
2022-23,2022-12-13,2501673,48,0,1,Howard,FIU,Bison,Panthers,3,4,3,6,-3,1438,Howard,2137,937,0,Marcus Dockery makes free throw 1 of 2.,made,TRUE,FALSE,NA,NA,NA,NA,NA,NA,0,Howard,Howard,14,NA,Kobe Dickson,Marcus Dockery,Steve Settle III,Elijah Hawkins,Jordan Wood,Denver Jones,Arturo Dean,Nick Guadarrama,John Williams Jr.,Petar Krivokapic
2022-23,2022-12-13,2501673,49,0,1,Howard,FIU,Bison,Panthers,3,4,4,6,-2,1438,Howard,2137,937,0,Marcus Dockery makes free throw 2 of 2.,made,TRUE,FALSE,NA,NA,NA,NA,NA,NA,0,Howard,FIU,14,NA,Kobe Dickson,Marcus Dockery,Steve Settle III,Elijah Hawkins,Jordan Wood,Denver Jones,Arturo Dean,Nick Guadarrama,John Williams Jr.,Petar Krivokapic
2022-23,2022-12-13,2501673,50,0,1,Howard,FIU,Bison,Panthers,3,4,4,8,-4,1409,FIU,2117,917,20,Denver Jones makes a jump shot from 7 feet out.,made,FALSE,FALSE,Jump Shot,31.2,9.25,1323840,Denver Jones,NA,0,FIU,Howard,15,NA,Kobe Dickson,Marcus Dockery,Steve Settle III,Elijah Hawkins,Jordan Wood,Denver Jones,Arturo Dean,Nick Guadarrama,John Williams Jr.,Petar Krivokapic
2022-23,2022-12-13,2501673,51,0,1,Howard,FIU,Bison,Panthers,3,4,7,8,-1,1438,Howard,2087,887,30,Elijah Hawkins makes a 3-point jump shot from 24 feet out. Steve Settle III with the assist.,made,FALSE,TRUE,Jump Shot,3.3999999999999986,16.150000000000006,1324089,Elijah Hawkins,Steve Settle III,0,Howard,FIU,16,NA,Kobe Dickson,Marcus Dockery,Steve Settle III,Elijah Hawkins,Jordan Wood,Denver Jones,Arturo Dean,Nick Guadarrama,John Williams Jr.,Petar Krivokapic
2022-23,2022-12-13,2501673,52,0,1,Howard,FIU,Bison,Panthers,3,4,7,11,-4,1409,FIU,2079,879,8,Petar Krivokapic makes a 3-point jump shot from 24 feet out. Arturo Dean with the assist.,made,FALSE,TRUE,Jump Shot,2.6999999999999993,13.75,1240295,Petar Krivokapic,Arturo Dean,0,FIU,Howard,17,NA,Kobe Dickson,Marcus Dockery,Steve Settle III,Elijah Hawkins,Jordan Wood,Denver Jones,Arturo Dean,Nick Guadarrama,John Williams Jr.,Petar Krivokapic
2022-23,2022-12-13,2501673,53,0,1,Howard,FIU,Bison,Panthers,3,4,9,11,-2,1438,Howard,2067,867,12,Steve Settle III makes a layup from 4 feet out.,made,FALSE,FALSE,Layup Shot,27.1,8.150000000000006,1182378,Steve Settle III,NA,0,Howard,FIU,18,NA,Kobe Dickson,Marcus Dockery,Steve Settle III,Elijah Hawkins,Jordan Wood,Denver Jones,Arturo Dean,Nick Guadarrama,John Williams Jr.,Petar Krivokapic
2022-23,2022-12-13,2501673,54,0,1,Howard,FIU,Bison,Panthers,3,4,9,11,-2,1409,FIU,2057,857,10,Nick Guadarrama misses a 3-point jump shot from 24 feet out.,missed,FALSE,TRUE,Jump Shot,42.5,21.35,1138620,Nick Guadarrama,NA,0,FIU,FIU,19,NA,Kobe Dickson,Marcus Dockery,Steve Settle III,Elijah Hawkins,Jordan Wood,Denver Jones,Arturo Dean,Nick Guadarrama,John Williams Jr.,Petar Krivokapic
2022-23,2022-12-13,2501673,55,0,1,Howard,FIU,Bison,Panthers,3,4,9,11,-2,1438,Howard,2057,857,0,Steve Settle III with a defensive rebound.,NA,FALSE,FALSE,NA,NA,NA,NA,NA,NA,0,FIU,Howard,19,NA,Kobe Dickson,Marcus Dockery,Steve Settle III,Elijah Hawkins,Jordan Wood,Denver Jones,Arturo Dean,Nick Guadarrama,John Williams Jr.,Petar Krivokapic
2022-23,2022-12-13,2501673,56,0,1,Howard,FIU,Bison,Panthers,3,4,9,11,-2,1438,Howard,2051,851,6,Substitution: Ose Okojie in for Jordan Wood.,NA,FALSE,FALSE,NA,NA,NA,NA,NA,NA,1,NA,NA,NA,NA,Kobe Dickson,Marcus Dockery,Steve Settle III,Elijah Hawkins,Ose Okojie,Denver Jones,Arturo Dean,Nick Guadarrama,John Williams Jr.,Petar Krivokapic
2022-23,2022-12-13,2501673,57,0,1,Howard,FIU,Bison,Panthers,3,4,9,11,-2,1409,FIU,2043,843,8,Personal foul committed by Nick Guadarrama.,NA,FALSE,FALSE,NA,NA,NA,NA,NA,NA,0,Howard,Howard,20,NA,Kobe Dickson,Marcus Dockery,Steve Settle III,Elijah Hawkins,Ose Okojie,Denver Jones,Arturo Dean,Nick Guadarrama,John Williams Jr.,Petar Krivokapic
2022-23,2022-12-13,2501673,58,0,1,Howard,FIU,Bison,Panthers,3,4,9,11,-2,1438,Howard,2041,841,2,Marcus Dockery misses a 3-point jump shot from 23 feet out.,missed,FALSE,TRUE,Jump Shot,47.5,7.450000000000003,1232520,Marcus Dockery,NA,0,Howard,Howard,20,NA,Kobe Dickson,Marcus Dockery,Steve Settle III,Elijah Hawkins,Ose Okojie,Denver Jones,Arturo Dean,Nick Guadarrama,John Williams Jr.,Petar Krivokapic
2022-23,2022-12-13,2501673,59,0,1,Howard,FIU,Bison,Panthers,3,4,9,11,-2,1438,Howard,2041,841,0,Kobe Dickson with an offensive rebound.,NA,FALSE,FALSE,NA,NA,NA,NA,NA,NA,0,Howard,Howard,20,NA,Kobe Dickson,Marcus Dockery,Steve Settle III,Elijah Hawkins,Ose Okojie,Denver Jones,Arturo Dean,Nick Guadarrama,John Williams Jr.,Petar Krivokapic
2022-23,2022-12-13,2501673,60,0,1,Howard,FIU,Bison,Panthers,3,4,11,11,0,1438,Howard,2036,836,5,Kobe Dickson makes a layup from 4 feet out.,made,FALSE,FALSE,Layup Shot,22.9,9.049999999999997,1136934,Kobe Dickson,NA,0,Howard,FIU,20,NA,Kobe Dickson,Marcus Dockery,Steve Settle III,Elijah Hawkins,Ose Okojie,Denver Jones,Arturo Dean,Nick Guadarrama,John Williams Jr.,Petar Krivokapic
2022-23,2022-12-13,2501673,61,0,1,Howard,FIU,Bison,Panthers,3,4,11,11,0,1409,FIU,2021,821,15,Offensive foul committed by John Williams Jr..,NA,FALSE,FALSE,NA,NA,NA,NA,NA,NA,0,FIU,FIU,21,NA,Kobe Dickson,Marcus Dockery,Steve Settle III,Elijah Hawkins,Ose Okojie,Denver Jones,Arturo Dean,Nick Guadarrama,John Williams Jr.,Petar Krivokapic
2022-23,2022-12-13,2501673,62,0,1,Howard,FIU,Bison,Panthers,3,4,11,11,0,1409,FIU,2021,821,0,John Williams Jr. with a turnover,NA,FALSE,FALSE,NA,NA,NA,NA,NA,NA,0,FIU,Howard,21,NA,Kobe Dickson,Marcus Dockery,Steve Settle III,Elijah Hawkins,Ose Okojie,Denver Jones,Arturo Dean,Nick Guadarrama,John Williams Jr.,Petar Krivokapic
2022-23,2022-12-13,2501673,63,0,1,Howard,FIU,Bison,Panthers,3,4,11,11,0,1409,FIU,2021,821,0,Substitution: Seth Pinkney in for Nick Guadarrama.,NA,FALSE,FALSE,NA,NA,NA,NA,NA,NA,1,NA,NA,NA,NA,Kobe Dickson,Marcus Dockery,Steve Settle III,Elijah Hawkins,Ose Okojie,Denver Jones,Arturo Dean,Seth Pinkney,John Williams Jr.,Petar Krivokapic
2022-23,2022-12-13,2501673,64,0,1,Howard,FIU,Bison,Panthers,3,4,11,11,0,1438,Howard,2000,800,21,Denver Jones steals the ball from Marcus Dockery.,NA,FALSE,FALSE,NA,NA,NA,NA,NA,NA,0,Howard,FIU,22,NA,Kobe Dickson,Marcus Dockery,Steve Settle III,Elijah Hawkins,Ose Okojie,Denver Jones,Arturo Dean,Seth Pinkney,John Williams Jr.,Petar Krivokapic
2022-23,2022-12-13,2501673,65,0,1,Howard,FIU,Bison,Panthers,3,4,11,11,0,1409,FIU,1996,796,4,Seth Pinkney misses a layup from 3 feet out.,missed,FALSE,FALSE,Layup Shot,22,7.25,1177041,Seth Pinkney,NA,0,FIU,FIU,23,NA,Kobe Dickson,Marcus Dockery,Steve Settle III,Elijah Hawkins,Ose Okojie,Denver Jones,Arturo Dean,Seth Pinkney,John Williams Jr.,Petar Krivokapic
2022-23,2022-12-13,2501673,66,0,1,Howard,FIU,Bison,Panthers,3,4,11,11,0,1409,FIU,1996,796,0,Arturo Dean with an offensive rebound.,NA,FALSE,FALSE,NA,NA,NA,NA,NA,NA,0,FIU,FIU,23,NA,Kobe Dickson,Marcus Dockery,Steve Settle III,Elijah Hawkins,Ose Okojie,Denver Jones,Arturo Dean,Seth Pinkney,John Williams Jr.,Petar Krivokapic
2022-23,2022-12-13,2501673,67,0,1,Howard,FIU,Bison,Panthers,3,4,11,11,0,1409,FIU,1996,796,0,Steve Settle III blocks a Arturo Dean layup from 5 feet out.,missed,FALSE,FALSE,Layup Shot,27.9,9.05,1413183,Arturo Dean,NA,0,FIU,Howard,23,NA,Kobe Dickson,Marcus Dockery,Steve Settle III,Elijah Hawkins,Ose Okojie,Denver Jones,Arturo Dean,Seth Pinkney,John Williams Jr.,Petar Krivokapic
2022-23,2022-12-13,2501673,69,0,1,Howard,FIU,Bison,Panthers,3,4,14,11,3,1438,Howard,1983,783,13,Marcus Dockery makes a 3-point jump shot from 22 feet out. Elijah Hawkins with the assist.,made,FALSE,TRUE,Jump Shot,47.3,7.75,1232520,Marcus Dockery,Elijah Hawkins,0,Howard,FIU,24,NA,Kobe Dickson,Marcus Dockery,Steve Settle III,Elijah Hawkins,Ose Okojie,Denver Jones,Arturo Dean,Seth Pinkney,John Williams Jr.,Petar Krivokapic
2022-23,2022-12-13,2501673,70,0,1,Howard,FIU,Bison,Panthers,3,4,14,11,3,1409,FIU,1959,759,24,Seth Pinkney misses a jump shot from 14 feet out.,missed,FALSE,FALSE,Jump Shot,17.7,17.25,1177041,Seth Pinkney,NA,0,FIU,FIU,25,NA,Kobe Dickson,Marcus Dockery,Steve Settle III,Elijah Hawkins,Ose Okojie,Denver Jones,Arturo Dean,Seth Pinkney,John Williams Jr.,Petar Krivokapic
2022-23,2022-12-13,2501673,71,0,1,Howard,FIU,Bison,Panthers,3,4,14,11,3,1438,Howard,1959,759,0,Elijah Hawkins with a defensive rebound.,NA,FALSE,FALSE,NA,NA,NA,NA,NA,NA,0,FIU,Howard,25,NA,Kobe Dickson,Marcus Dockery,Steve Settle III,Elijah Hawkins,Ose Okojie,Denver Jones,Arturo Dean,Seth Pinkney,John Williams Jr.,Petar Krivokapic
2022-23,2022-12-13,2501673,72,0,1,Howard,FIU,Bison,Panthers,3,4,14,11,3,1438,Howard,1950,750,9,Kobe Dickson with a turnover - Bad Pass,NA,FALSE,FALSE,NA,NA,NA,NA,NA,NA,0,Howard,FIU,26,NA,Kobe Dickson,Marcus Dockery,Steve Settle III,Elijah Hawkins,Ose Okojie,Denver Jones,Arturo Dean,Seth Pinkney,John Williams Jr.,Petar Krivokapic
2022-23,2022-12-13,2501673,73,0,1,Howard,FIU,Bison,Panthers,3,4,14,11,3,1438,Howard,1950,750,0,Substitution: Jelani Williams in for Steve Settle III.,NA,FALSE,FALSE,NA,NA,NA,NA,NA,NA,1,NA,NA,NA,NA,Kobe Dickson,Marcus Dockery,Jelani Williams,Elijah Hawkins,Ose Okojie,Denver Jones,Arturo Dean,Seth Pinkney,John Williams Jr.,Petar Krivokapic
2022-23,2022-12-13,2501673,74,0,1,Howard,FIU,Bison,Panthers,3,4,14,11,3,1409,FIU,1950,750,0,Substitution: Javaunte Hawkins in for Denver Jones.,NA,FALSE,FALSE,NA,NA,NA,NA,NA,NA,1,NA,NA,NA,NA,Kobe Dickson,Marcus Dockery,Jelani Williams,Elijah Hawkins,Ose Okojie,Javaunte Hawkins,Arturo Dean,Seth Pinkney,John Williams Jr.,Petar Krivokapic
2022-23,2022-12-13,2501673,75,0,1,Howard,FIU,Bison,Panthers,3,4,14,11,3,1409,FIU,1941,741,9,Elijah Hawkins steals the ball from Javaunte Hawkins.,NA,FALSE,FALSE,NA,NA,NA,NA,NA,NA,0,FIU,Howard,27,NA,Kobe Dickson,Marcus Dockery,Jelani Williams,Elijah Hawkins,Ose Okojie,Javaunte Hawkins,Arturo Dean,Seth Pinkney,John Williams Jr.,Petar Krivokapic
2022-23,2022-12-13,2501673,76,0,1,Howard,FIU,Bison,Panthers,3,4,14,11,3,1438,Howard,1934,734,7,Marcus Dockery misses a 3-point jump shot from 24 feet out.,missed,FALSE,TRUE,Jump Shot,2.299999999999997,14.25,1232520,Marcus Dockery,NA,0,Howard,Howard,28,NA,Kobe Dickson,Marcus Dockery,Jelani Williams,Elijah Hawkins,Ose Okojie,Javaunte Hawkins,Arturo Dean,Seth Pinkney,John Williams Jr.,Petar Krivokapic
2022-23,2022-12-13,2501673,77,0,1,Howard,FIU,Bison,Panthers,3,4,14,11,3,1409,FIU,1934,734,0,Javaunte Hawkins with a defensive rebound.,NA,FALSE,FALSE,NA,NA,NA,NA,NA,NA,0,Howard,FIU,28,NA,Kobe Dickson,Marcus Dockery,Jelani Williams,Elijah Hawkins,Ose Okojie,Javaunte Hawkins,Arturo Dean,Seth Pinkney,John Williams Jr.,Petar Krivokapic
2022-23,2022-12-13,2501673,78,0,1,Howard,FIU,Bison,Panthers,3,4,14,11,3,NA,NA,1920,720,14,Official TV timeout.,NA,FALSE,FALSE,NA,NA,NA,NA,NA,NA,0,NA,NA,NA,NA,Kobe Dickson,Marcus Dockery,Jelani Williams,Elijah Hawkins,Ose Okojie,Javaunte Hawkins,Arturo Dean,Seth Pinkney,John Williams Jr.,Petar Krivokapic
2022-23,2022-12-13,2501673,79,0,1,Howard,FIU,Bison,Panthers,3,4,14,11,3,1409,FIU,1920,720,0,Substitution: Jayden Brewer in for John Williams Jr..,NA,FALSE,FALSE,NA,NA,NA,NA,NA,NA,1,NA,NA,NA,NA,Kobe Dickson,Marcus Dockery,Jelani Williams,Elijah Hawkins,Ose Okojie,Javaunte Hawkins,Arturo Dean,Seth Pinkney,Jayden Brewer,Petar Krivokapic
2022-23,2022-12-13,2501673,80,0,1,Howard,FIU,Bison,Panthers,3,4,14,11,3,1409,FIU,1909,709,11,Petar Krivokapic misses a 3-point jump shot from 24 feet out.,missed,FALSE,TRUE,Jump Shot,48.6,6.15,1240295,Petar Krivokapic,NA,0,FIU,FIU,29,NA,Kobe Dickson,Marcus Dockery,Jelani Williams,Elijah Hawkins,Ose Okojie,Javaunte Hawkins,Arturo Dean,Seth Pinkney,Jayden Brewer,Petar Krivokapic
2022-23,2022-12-13,2501673,81,0,1,Howard,FIU,Bison,Panthers,3,4,14,11,3,1438,Howard,1909,709,0,Elijah Hawkins with a defensive rebound.,NA,FALSE,FALSE,NA,NA,NA,NA,NA,NA,0,FIU,Howard,29,NA,Kobe Dickson,Marcus Dockery,Jelani Williams,Elijah Hawkins,Ose Okojie,Javaunte Hawkins,Arturo Dean,Seth Pinkney,Jayden Brewer,Petar Krivokapic
2022-23,2022-12-13,2501673,82,0,1,Howard,FIU,Bison,Panthers,3,4,14,11,3,1438,Howard,1896,696,13,Seth Pinkney blocks a Elijah Hawkins layup from 4 feet out.,missed,FALSE,FALSE,Layup Shot,23.2,8.950000000000003,1324089,Elijah Hawkins,NA,0,Howard,Howard,30,NA,Kobe Dickson,Marcus Dockery,Jelani Williams,Elijah Hawkins,Ose Okojie,Javaunte Hawkins,Arturo Dean,Seth Pinkney,Jayden Brewer,Petar Krivokapic
2022-23,2022-12-13,2501673,83,0,1,Howard,FIU,Bison,Panthers,3,4,14,11,3,1409,FIU,1896,696,0,Petar Krivokapic with a defensive rebound.,NA,FALSE,FALSE,NA,NA,NA,NA,NA,NA,0,Howard,FIU,30,NA,Kobe Dickson,Marcus Dockery,Jelani Williams,Elijah Hawkins,Ose Okojie,Javaunte Hawkins,Arturo Dean,Seth Pinkney,Jayden Brewer,Petar Krivokapic
2022-23,2022-12-13,2501673,84,0,1,Howard,FIU,Bison,Panthers,3,4,14,11,3,1438,Howard,1894,694,2,Shooting foul committed by Ose Okojie.,NA,FALSE,FALSE,NA,NA,NA,NA,NA,NA,0,FIU,FIU,31,NA,Kobe Dickson,Marcus Dockery,Jelani Williams,Elijah Hawkins,Ose Okojie,Javaunte Hawkins,Arturo Dean,Seth Pinkney,Jayden Brewer,Petar Krivokapic
2022-23,2022-12-13,2501673,85,0,1,Howard,FIU,Bison,Panthers,3,4,14,12,2,1409,FIU,1894,694,0,Javaunte Hawkins makes free throw 1 of 2.,made,TRUE,FALSE,NA,NA,NA,NA,NA,NA,0,FIU,FIU,31,NA,Kobe Dickson,Marcus Dockery,Jelani Williams,Elijah Hawkins,Ose Okojie,Javaunte Hawkins,Arturo Dean,Seth Pinkney,Jayden Brewer,Petar Krivokapic
2022-23,2022-12-13,2501673,86,0,1,Howard,FIU,Bison,Panthers,3,4,14,13,1,1409,FIU,1894,694,0,Javaunte Hawkins makes free throw 2 of 2.,made,TRUE,FALSE,NA,NA,NA,NA,NA,NA,0,FIU,Howard,31,NA,Kobe Dickson,Marcus Dockery,Jelani Williams,Elijah Hawkins,Ose Okojie,Javaunte Hawkins,Arturo Dean,Seth Pinkney,Jayden Brewer,Petar Krivokapic
2022-23,2022-12-13,2501673,87,0,1,Howard,FIU,Bison,Panthers,3,4,14,13,1,1438,Howard,1883,683,11,Steve Settle III misses a 3-point jump shot from 25 feet out.,missed,FALSE,TRUE,Jump Shot,25.8,30.15,1182378,Steve Settle III,NA,0,Howard,Howard,32,NA,Kobe Dickson,Marcus Dockery,Jelani Williams,Elijah Hawkins,Ose Okojie,Javaunte Hawkins,Arturo Dean,Seth Pinkney,Jayden Brewer,Petar Krivokapic
2022-23,2022-12-13,2501673,88,0,1,Howard,FIU,Bison,Panthers,3,4,14,13,1,1409,FIU,1883,683,0,Seth Pinkney with a defensive rebound.,NA,FALSE,FALSE,NA,NA,NA,NA,NA,NA,0,Howard,FIU,32,NA,Kobe Dickson,Marcus Dockery,Jelani Williams,Elijah Hawkins,Ose Okojie,Javaunte Hawkins,Arturo Dean,Seth Pinkney,Jayden Brewer,Petar Krivokapic
2022-23,2022-12-13,2501673,89,0,1,Howard,FIU,Bison,Panthers,3,4,14,13,1,1409,FIU,1877,677,6,Ose Okojie steals the ball from Petar Krivokapic.,NA,FALSE,FALSE,NA,NA,NA,NA,NA,NA,0,FIU,Howard,33,NA,Kobe Dickson,Marcus Dockery,Jelani Williams,Elijah Hawkins,Ose Okojie,Javaunte Hawkins,Arturo Dean,Seth Pinkney,Jayden Brewer,Petar Krivokapic
2022-23,2022-12-13,2501673,90,0,1,Howard,FIU,Bison,Panthers,3,4,16,13,3,1438,Howard,1876,676,1,Ose Okojie makes a layup from 4 feet out.,made,FALSE,FALSE,Layup Shot,25.5,9.25,1420151,Ose Okojie,NA,0,Howard,FIU,34,NA,Kobe Dickson,Marcus Dockery,Jelani Williams,Elijah Hawkins,Ose Okojie,Javaunte Hawkins,Arturo Dean,Seth Pinkney,Jayden Brewer,Petar Krivokapic
2022-23,2022-12-13,2501673,91,0,1,Howard,FIU,Bison,Panthers,3,4,16,13,3,1438,Howard,1876,676,0,Substitution: Steve Settle III in for Marcus Dockery.,NA,FALSE,FALSE,NA,NA,NA,NA,NA,NA,1,NA,NA,NA,NA,Kobe Dickson,Steve Settle III,Jelani Williams,Elijah Hawkins,Ose Okojie,Javaunte Hawkins,Arturo Dean,Seth Pinkney,Jayden Brewer,Petar Krivokapic
2022-23,2022-12-13,2501673,92,0,1,Howard,FIU,Bison,Panthers,3,4,16,13,3,1438,Howard,1876,676,0,Substitution: Jordan Wood in for Kobe Dickson.,NA,FALSE,FALSE,NA,NA,NA,NA,NA,NA,1,NA,NA,NA,NA,Jordan Wood,Steve Settle III,Jelani Williams,Elijah Hawkins,Ose Okojie,Javaunte Hawkins,Arturo Dean,Seth Pinkney,Jayden Brewer,Petar Krivokapic
2022-23,2022-12-13,2501673,93,0,1,Howard,FIU,Bison,Panthers,3,4,16,13,3,1409,FIU,1876,676,0,Substitution: Dashon Gittens in for Petar Krivokapic.,NA,FALSE,FALSE,NA,NA,NA,NA,NA,NA,1,NA,NA,NA,NA,Jordan Wood,Steve Settle III,Jelani Williams,Elijah Hawkins,Ose Okojie,Javaunte Hawkins,Arturo Dean,Seth Pinkney,Jayden Brewer,Dashon Gittens
2022-23,2022-12-13,2501673,94,0,1,Howard,FIU,Bison,Panthers,3,4,16,13,3,1409,FIU,1876,676,0,Substitution: Dante Wilcox in for Seth Pinkney.,NA,FALSE,FALSE,NA,NA,NA,NA,NA,NA,1,NA,NA,NA,NA,Jordan Wood,Steve Settle III,Jelani Williams,Elijah Hawkins,Ose Okojie,Javaunte Hawkins,Arturo Dean,Dante Wilcox,Jayden Brewer,Dashon Gittens
2022-23,2022-12-13,2501673,95,0,1,Howard,FIU,Bison,Panthers,3,4,16,13,3,1409,FIU,1856,656,20,Javaunte Hawkins misses a 3-point jump shot from 24 feet out.,missed,FALSE,TRUE,Jump Shot,44.9,19.45,1240286,Javaunte Hawkins,NA,0,FIU,FIU,35,NA,Jordan Wood,Steve Settle III,Jelani Williams,Elijah Hawkins,Ose Okojie,Javaunte Hawkins,Arturo Dean,Dante Wilcox,Jayden Brewer,Dashon Gittens
2022-23,2022-12-13,2501673,96,0,1,Howard,FIU,Bison,Panthers,3,4,16,13,3,1438,Howard,1856,656,0,Steve Settle III with a defensive rebound.,NA,FALSE,FALSE,NA,NA,NA,NA,NA,NA,0,FIU,Howard,35,NA,Jordan Wood,Steve Settle III,Jelani Williams,Elijah Hawkins,Ose Okojie,Javaunte Hawkins,Arturo Dean,Dante Wilcox,Jayden Brewer,Dashon Gittens
2022-23,2022-12-13,2501673,97,0,1,Howard,FIU,Bison,Panthers,3,4,16,13,3,1438,Howard,1846,646,10,Jordan Wood misses a jump shot from 15 feet out.,missed,FALSE,FALSE,Jump Shot,37.1,14.049999999999997,1252556,Jordan Wood,NA,0,Howard,Howard,36,NA,Jordan Wood,Steve Settle III,Jelani Williams,Elijah Hawkins,Ose Okojie,Javaunte Hawkins,Arturo Dean,Dante Wilcox,Jayden Brewer,Dashon Gittens
2022-23,2022-12-13,2501673,98,0,1,Howard,FIU,Bison,Panthers,3,4,16,13,3,1438,Howard,1846,646,0,Jordan Wood with an offensive rebound.,NA,FALSE,FALSE,NA,NA,NA,NA,NA,NA,0,Howard,Howard,36,NA,Jordan Wood,Steve Settle III,Jelani Williams,Elijah Hawkins,Ose Okojie,Javaunte Hawkins,Arturo Dean,Dante Wilcox,Jayden Brewer,Dashon Gittens
2022-23,2022-12-13,2501673,99,0,1,Howard,FIU,Bison,Panthers,3,4,16,13,3,1438,Howard,1846,646,0,Jordan Wood with a turnover - Traveling,NA,FALSE,FALSE,NA,NA,NA,NA,NA,NA,0,Howard,FIU,36,NA,Jordan Wood,Steve Settle III,Jelani Williams,Elijah Hawkins,Ose Okojie,Javaunte Hawkins,Arturo Dean,Dante Wilcox,Jayden Brewer,Dashon Gittens
2022-23,2022-12-13,2501673,100,0,1,Howard,FIU,Bison,Panthers,3,4,16,13,3,1409,FIU,1846,646,0,Substitution: Denver Jones in for Arturo Dean.,NA,FALSE,FALSE,NA,NA,NA,NA,NA,NA,1,NA,NA,NA,NA,Jordan Wood,Steve Settle III,Jelani Williams,Elijah Hawkins,Ose Okojie,Javaunte Hawkins,Denver Jones,Dante Wilcox,Jayden Brewer,Dashon Gittens
2022-23,2022-12-13,2501673,101,0,1,Howard,FIU,Bison,Panthers,3,4,16,13,3,1438,Howard,1846,646,0,Substitution: Bryce Harris in for Elijah Hawkins.,NA,FALSE,FALSE,NA,NA,NA,NA,NA,NA,1,NA,NA,NA,NA,Jordan Wood,Steve Settle III,Jelani Williams,Bryce Harris,Ose Okojie,Javaunte Hawkins,Denver Jones,Dante Wilcox,Jayden Brewer,Dashon Gittens
2022-23,2022-12-13,2501673,102,0,1,Howard,FIU,Bison,Panthers,3,4,16,13,3,1409,FIU,1832,632,14,Denver Jones with a turnover - Lost Ball,NA,FALSE,FALSE,NA,NA,NA,NA,NA,NA,0,FIU,Howard,37,NA,Jordan Wood,Steve Settle III,Jelani Williams,Bryce Harris,Ose Okojie,Javaunte Hawkins,Denver Jones,Dante Wilcox,Jayden Brewer,Dashon Gittens
2022-23,2022-12-13,2501673,103,0,1,Howard,FIU,Bison,Panthers,3,4,16,13,3,1438,Howard,1824,624,8,Denver Jones steals the ball from Jelani Williams.,NA,FALSE,FALSE,NA,NA,NA,NA,NA,NA,0,Howard,FIU,38,NA,Jordan Wood,Steve Settle III,Jelani Williams,Bryce Harris,Ose Okojie,Javaunte Hawkins,Denver Jones,Dante Wilcox,Jayden Brewer,Dashon Gittens
2022-23,2022-12-13,2501673,104,0,1,Howard,FIU,Bison,Panthers,3,4,16,13,3,1409,FIU,1816,616,8,Bryce Harris blocks a Denver Jones layup from 5 feet out.,missed,FALSE,FALSE,Layup Shot,24,10.05,1323840,Denver Jones,NA,0,FIU,FIU,39,NA,Jordan Wood,Steve Settle III,Jelani Williams,Bryce Harris,Ose Okojie,Javaunte Hawkins,Denver Jones,Dante Wilcox,Jayden Brewer,Dashon Gittens
2022-23,2022-12-13,2501673,105,0,1,Howard,FIU,Bison,Panthers,3,4,16,13,3,1409,FIU,1816,616,0,Javaunte Hawkins with an offensive rebound.,NA,FALSE,FALSE,NA,NA,NA,NA,NA,NA,0,FIU,FIU,39,NA,Jordan Wood,Steve Settle III,Jelani Williams,Bryce Harris,Ose Okojie,Javaunte Hawkins,Denver Jones,Dante Wilcox,Jayden Brewer,Dashon Gittens
2022-23,2022-12-13,2501673,106,0,1,Howard,FIU,Bison,Panthers,3,4,16,13,3,1409,FIU,1805,605,11,Denver Jones misses a 3-point jump shot from 24 feet out.,missed,FALSE,TRUE,Jump Shot,3.1999999999999993,16.15,1323840,Denver Jones,NA,0,FIU,FIU,39,NA,Jordan Wood,Steve Settle III,Jelani Williams,Bryce Harris,Ose Okojie,Javaunte Hawkins,Denver Jones,Dante Wilcox,Jayden Brewer,Dashon Gittens
2022-23,2022-12-13,2501673,107,0,1,Howard,FIU,Bison,Panthers,3,4,16,13,3,1438,Howard,1805,605,0,Steve Settle III with a defensive rebound.,NA,FALSE,FALSE,NA,NA,NA,NA,NA,NA,0,FIU,Howard,39,NA,Jordan Wood,Steve Settle III,Jelani Williams,Bryce Harris,Ose Okojie,Javaunte Hawkins,Denver Jones,Dante Wilcox,Jayden Brewer,Dashon Gittens
2022-23,2022-12-13,2501673,108,0,1,Howard,FIU,Bison,Panthers,3,4,16,13,3,1438,Howard,1783,583,22,Ose Okojie misses a layup from 5 feet out.,missed,FALSE,FALSE,Layup Shot,21.9,9.25,1420151,Ose Okojie,NA,0,Howard,FIU,40,NA,Jordan Wood,Steve Settle III,Jelani Williams,Bryce Harris,Ose Okojie,Javaunte Hawkins,Denver Jones,Dante Wilcox,Jayden Brewer,Dashon Gittens
2022-23,2022-12-13,2501673,110,0,1,Howard,FIU,Bison,Panthers,3,4,16,13,3,1409,FIU,1769,569,14,Dante Wilcox misses a layup from 4 feet out.,missed,FALSE,FALSE,Layup Shot,27.5,8.75,1176584,Dante Wilcox,NA,0,FIU,FIU,41,NA,Jordan Wood,Steve Settle III,Jelani Williams,Bryce Harris,Ose Okojie,Javaunte Hawkins,Denver Jones,Dante Wilcox,Jayden Brewer,Dashon Gittens
2022-23,2022-12-13,2501673,111,0,1,Howard,FIU,Bison,Panthers,3,4,16,13,3,1409,FIU,1769,569,0,Dante Wilcox with an offensive rebound.,NA,FALSE,FALSE,NA,NA,NA,NA,NA,NA,0,FIU,FIU,41,NA,Jordan Wood,Steve Settle III,Jelani Williams,Bryce Harris,Ose Okojie,Javaunte Hawkins,Denver Jones,Dante Wilcox,Jayden Brewer,Dashon Gittens
2022-23,2022-12-13,2501673,112,0,1,Howard,FIU,Bison,Panthers,3,4,16,13,3,1409,FIU,1769,569,0,Dante Wilcox with a turnover - Traveling,NA,FALSE,FALSE,NA,NA,NA,NA,NA,NA,0,FIU,Howard,41,NA,Jordan Wood,Steve Settle III,Jelani Williams,Bryce Harris,Ose Okojie,Javaunte Hawkins,Denver Jones,Dante Wilcox,Jayden Brewer,Dashon Gittens
2022-23,2022-12-13,2501673,113,0,1,Howard,FIU,Bison,Panthers,3,4,16,13,3,1438,Howard,1769,569,0,Substitution: Miles Stewart in for Ose Okojie.,NA,FALSE,FALSE,NA,NA,NA,NA,NA,NA,1,NA,NA,NA,NA,Jordan Wood,Steve Settle III,Jelani Williams,Bryce Harris,Miles Stewart,Javaunte Hawkins,Denver Jones,Dante Wilcox,Jayden Brewer,Dashon Gittens
2022-23,2022-12-13,2501673,114,0,1,Howard,FIU,Bison,Panthers,3,4,16,13,3,1438,Howard,1751,551,18,Bryce Harris misses a layup from 4 feet out.,missed,FALSE,FALSE,Layup Shot,28.4,8.150000000000006,1324093,Bryce Harris,NA,0,Howard,Howard,42,NA,Jordan Wood,Steve Settle III,Jelani Williams,Bryce Harris,Miles Stewart,Javaunte Hawkins,Denver Jones,Dante Wilcox,Jayden Brewer,Dashon Gittens
2022-23,2022-12-13,2501673,115,0,1,Howard,FIU,Bison,Panthers,3,4,16,13,3,1409,FIU,1751,551,0,Jayden Brewer with a defensive rebound.,NA,FALSE,FALSE,NA,NA,NA,NA,NA,NA,0,Howard,FIU,42,NA,Jordan Wood,Steve Settle III,Jelani Williams,Bryce Harris,Miles Stewart,Javaunte Hawkins,Denver Jones,Dante Wilcox,Jayden Brewer,Dashon Gittens
2022-23,2022-12-13,2501673,116,0,1,Howard,FIU,Bison,Panthers,3,4,16,13,3,1409,FIU,1745,545,6,Offensive foul committed by Jayden Brewer.,NA,FALSE,FALSE,NA,NA,NA,NA,NA,NA,0,FIU,FIU,43,NA,Jordan Wood,Steve Settle III,Jelani Williams,Bryce Harris,Miles Stewart,Javaunte Hawkins,Denver Jones,Dante Wilcox,Jayden Brewer,Dashon Gittens
2022-23,2022-12-13,2501673,117,0,1,Howard,FIU,Bison,Panthers,3,4,16,13,3,1409,FIU,1745,545,0,Jayden Brewer with a turnover,NA,FALSE,FALSE,NA,NA,NA,NA,NA,NA,0,FIU,Howard,43,NA,Jordan Wood,Steve Settle III,Jelani Williams,Bryce Harris,Miles Stewart,Javaunte Hawkins,Denver Jones,Dante Wilcox,Jayden Brewer,Dashon Gittens
2022-23,2022-12-13,2501673,118,0,1,Howard,FIU,Bison,Panthers,3,4,16,13,3,1409,FIU,1745,545,0,Substitution: Mohamed Sanogo in for Dante Wilcox.,NA,FALSE,FALSE,NA,NA,NA,NA,NA,NA,1,NA,NA,NA,NA,Jordan Wood,Steve Settle III,Jelani Williams,Bryce Harris,Miles Stewart,Javaunte Hawkins,Denver Jones,Mohamed Sanogo,Jayden Brewer,Dashon Gittens
2022-23,2022-12-13,2501673,119,0,1,Howard,FIU,Bison,Panthers,3,4,16,13,3,1438,Howard,1718,518,27,Steve Settle III misses a 3-point jump shot from 26 feet out.,missed,FALSE,TRUE,Jump Shot,1.2000000000000028,15.150000000000006,1182378,Steve Settle III,NA,0,Howard,Howard,44,NA,Jordan Wood,Steve Settle III,Jelani Williams,Bryce Harris,Miles Stewart,Javaunte Hawkins,Denver Jones,Mohamed Sanogo,Jayden Brewer,Dashon Gittens
2022-23,2022-12-13,2501673,121,0,1,Howard,FIU,Bison,Panthers,3,4,16,13,3,1409,FIU,1718,518,0,Personal foul committed by Dashon Gittens.,NA,FALSE,FALSE,NA,NA,NA,NA,NA,NA,0,Howard,Howard,44,NA,Jordan Wood,Steve Settle III,Jelani Williams,Bryce Harris,Miles Stewart,Javaunte Hawkins,Denver Jones,Mohamed Sanogo,Jayden Brewer,Dashon Gittens
2022-23,2022-12-13,2501673,122,0,1,Howard,FIU,Bison,Panthers,3,4,16,13,3,1438,Howard,1718,518,0,Substitution: Marcus Dockery in for Jelani Williams.,NA,FALSE,FALSE,NA,NA,NA,NA,NA,NA,1,NA,NA,NA,NA,Jordan Wood,Steve Settle III,Marcus Dockery,Bryce Harris,Miles Stewart,Javaunte Hawkins,Denver Jones,Mohamed Sanogo,Jayden Brewer,Dashon Gittens
2022-23,2022-12-13,2501673,123,0,1,Howard,FIU,Bison,Panthers,3,4,16,13,3,1438,Howard,1718,518,0,Substitution: Elijah Hawkins in for Bryce Harris.,NA,FALSE,FALSE,NA,NA,NA,NA,NA,NA,1,NA,NA,NA,NA,Jordan Wood,Steve Settle III,Marcus Dockery,Elijah Hawkins,Miles Stewart,Javaunte Hawkins,Denver Jones,Mohamed Sanogo,Jayden Brewer,Dashon Gittens
2022-23,2022-12-13,2501673,124,0,1,Howard,FIU,Bison,Panthers,3,4,16,13,3,1409,FIU,1718,518,0,Substitution: Arturo Dean in for Jayden Brewer.,NA,FALSE,FALSE,NA,NA,NA,NA,NA,NA,1,NA,NA,NA,NA,Jordan Wood,Steve Settle III,Marcus Dockery,Elijah Hawkins,Miles Stewart,Javaunte Hawkins,Denver Jones,Mohamed Sanogo,Arturo Dean,Dashon Gittens
2022-23,2022-12-13,2501673,125,0,1,Howard,FIU,Bison,Panthers,3,4,16,13,3,1438,Howard,1718,518,0,Miles Stewart misses free throw 1st of 1-and-1.,missed,TRUE,FALSE,NA,NA,NA,NA,NA,NA,0,Howard,Howard,44,NA,Jordan Wood,Steve Settle III,Marcus Dockery,Elijah Hawkins,Miles Stewart,Javaunte Hawkins,Denver Jones,Mohamed Sanogo,Arturo Dean,Dashon Gittens
2022-23,2022-12-13,2501673,126,0,1,Howard,FIU,Bison,Panthers,3,4,16,13,3,1409,FIU,1718,518,0,Mohamed Sanogo with a defensive rebound.,NA,FALSE,FALSE,NA,NA,NA,NA,NA,NA,0,Howard,FIU,44,NA,Jordan Wood,Steve Settle III,Marcus Dockery,Elijah Hawkins,Miles Stewart,Javaunte Hawkins,Denver Jones,Mohamed Sanogo,Arturo Dean,Dashon Gittens
2022-23,2022-12-13,2501673,127,0,1,Howard,FIU,Bison,Panthers,3,4,16,13,3,1409,FIU,1706,506,12,Arturo Dean with a turnover - Bad Pass,NA,FALSE,FALSE,NA,NA,NA,NA,NA,NA,0,FIU,Howard,45,NA,Jordan Wood,Steve Settle III,Marcus Dockery,Elijah Hawkins,Miles Stewart,Javaunte Hawkins,Denver Jones,Mohamed Sanogo,Arturo Dean,Dashon Gittens
2022-23,2022-12-13,2501673,128,0,1,Howard,FIU,Bison,Panthers,3,4,19,13,6,1438,Howard,1695,495,11,Jordan Wood makes a 3-point jump shot from 23 feet out. Marcus Dockery with the assist.,made,FALSE,TRUE,Jump Shot,48.1,6.150000000000006,1252556,Jordan Wood,Marcus Dockery,0,Howard,FIU,46,NA,Jordan Wood,Steve Settle III,Marcus Dockery,Elijah Hawkins,Miles Stewart,Javaunte Hawkins,Denver Jones,Mohamed Sanogo,Arturo Dean,Dashon Gittens
2022-23,2022-12-13,2501673,129,0,1,Howard,FIU,Bison,Panthers,3,4,19,13,6,1409,FIU,1685,485,10,Javaunte Hawkins misses a 3-point jump shot from 22 feet out.,missed,FALSE,TRUE,Jump Shot,3.6000000000000014,12.05,1240286,Javaunte Hawkins,NA,0,FIU,FIU,47,NA,Jordan Wood,Steve Settle III,Marcus Dockery,Elijah Hawkins,Miles Stewart,Javaunte Hawkins,Denver Jones,Mohamed Sanogo,Arturo Dean,Dashon Gittens
2022-23,2022-12-13,2501673,130,0,1,Howard,FIU,Bison,Panthers,3,4,19,13,6,1438,Howard,1685,485,0,Steve Settle III with a defensive rebound.,NA,FALSE,FALSE,NA,NA,NA,NA,NA,NA,0,FIU,Howard,47,NA,Jordan Wood,Steve Settle III,Marcus Dockery,Elijah Hawkins,Miles Stewart,Javaunte Hawkins,Denver Jones,Mohamed Sanogo,Arturo Dean,Dashon Gittens
2022-23,2022-12-13,2501673,131,0,1,Howard,FIU,Bison,Panthers,3,4,19,13,6,1438,Howard,1676,476,9,Elijah Hawkins misses a layup.,missed,FALSE,FALSE,Layup Shot,26,6.25,1324089,Elijah Hawkins,NA,0,Howard,Howard,48,NA,Jordan Wood,Steve Settle III,Marcus Dockery,Elijah Hawkins,Miles Stewart,Javaunte Hawkins,Denver Jones,Mohamed Sanogo,Arturo Dean,Dashon Gittens
2022-23,2022-12-13,2501673,132,0,1,Howard,FIU,Bison,Panthers,3,4,19,13,6,1409,FIU,1676,476,0,Arturo Dean with a defensive rebound.,NA,FALSE,FALSE,NA,NA,NA,NA,NA,NA,0,Howard,FIU,48,NA,Jordan Wood,Steve Settle III,Marcus Dockery,Elijah Hawkins,Miles Stewart,Javaunte Hawkins,Denver Jones,Mohamed Sanogo,Arturo Dean,Dashon Gittens
2022-23,2022-12-13,2501673,133,0,1,Howard,FIU,Bison,Panthers,3,4,19,13,6,1409,FIU,1669,469,7,Denver Jones misses a layup from 5 feet out.,missed,FALSE,FALSE,Layup Shot,23.1,9.45,1323840,Denver Jones,NA,0,FIU,FIU,49,NA,Jordan Wood,Steve Settle III,Marcus Dockery,Elijah Hawkins,Miles Stewart,Javaunte Hawkins,Denver Jones,Mohamed Sanogo,Arturo Dean,Dashon Gittens
2022-23,2022-12-13,2501673,134,0,1,Howard,FIU,Bison,Panthers,3,4,19,13,6,1409,FIU,1669,469,0,Javaunte Hawkins with an offensive rebound.,NA,FALSE,FALSE,NA,NA,NA,NA,NA,NA,0,FIU,FIU,49,NA,Jordan Wood,Steve Settle III,Marcus Dockery,Elijah Hawkins,Miles Stewart,Javaunte Hawkins,Denver Jones,Mohamed Sanogo,Arturo Dean,Dashon Gittens
2022-23,2022-12-13,2501673,135,0,1,Howard,FIU,Bison,Panthers,3,4,19,13,6,1409,FIU,1663,463,6,Offensive foul committed by Arturo Dean.,NA,FALSE,FALSE,NA,NA,NA,NA,NA,NA,0,FIU,FIU,49,NA,Jordan Wood,Steve Settle III,Marcus Dockery,Elijah Hawkins,Miles Stewart,Javaunte Hawkins,Denver Jones,Mohamed Sanogo,Arturo Dean,Dashon Gittens
2022-23,2022-12-13,2501673,136,0,1,Howard,FIU,Bison,Panthers,3,4,19,13,6,1409,FIU,1663,463,0,Arturo Dean with a turnover,NA,FALSE,FALSE,NA,NA,NA,NA,NA,NA,0,FIU,Howard,49,NA,Jordan Wood,Steve Settle III,Marcus Dockery,Elijah Hawkins,Miles Stewart,Javaunte Hawkins,Denver Jones,Mohamed Sanogo,Arturo Dean,Dashon Gittens
2022-23,2022-12-13,2501673,137,0,1,Howard,FIU,Bison,Panthers,3,4,19,13,6,NA,NA,1663,463,0,Official TV timeout.,NA,FALSE,FALSE,NA,NA,NA,NA,NA,NA,0,NA,NA,NA,NA,Jordan Wood,Steve Settle III,Marcus Dockery,Elijah Hawkins,Miles Stewart,Javaunte Hawkins,Denver Jones,Mohamed Sanogo,Arturo Dean,Dashon Gittens
2022-23,2022-12-13,2501673,138,0,1,Howard,FIU,Bison,Panthers,3,4,19,13,6,1438,Howard,1634,434,29,Elijah Hawkins misses a 3-point jump shot from 23 feet out.,missed,FALSE,TRUE,Jump Shot,47.9,7.049999999999997,1324089,Elijah Hawkins,NA,0,Howard,Howard,50,NA,Jordan Wood,Steve Settle III,Marcus Dockery,Elijah Hawkins,Miles Stewart,Javaunte Hawkins,Denver Jones,Mohamed Sanogo,Arturo Dean,Dashon Gittens
2022-23,2022-12-13,2501673,139,0,1,Howard,FIU,Bison,Panthers,3,4,19,13,6,1409,FIU,1634,434,0,Arturo Dean with a defensive rebound.,NA,FALSE,FALSE,NA,NA,NA,NA,NA,NA,0,Howard,FIU,50,NA,Jordan Wood,Steve Settle III,Marcus Dockery,Elijah Hawkins,Miles Stewart,Javaunte Hawkins,Denver Jones,Mohamed Sanogo,Arturo Dean,Dashon Gittens
2022-23,2022-12-13,2501673,140,0,1,Howard,FIU,Bison,Panthers,3,4,19,13,6,1409,FIU,1620,420,14,Miles Stewart blocks a Arturo Dean layup from 5 feet out.,missed,FALSE,FALSE,Layup Shot,28.2,8.95,1413183,Arturo Dean,NA,0,FIU,FIU,51,NA,Jordan Wood,Steve Settle III,Marcus Dockery,Elijah Hawkins,Miles Stewart,Javaunte Hawkins,Denver Jones,Mohamed Sanogo,Arturo Dean,Dashon Gittens
2022-23,2022-12-13,2501673,141,0,1,Howard,FIU,Bison,Panthers,3,4,19,13,6,1438,Howard,1620,420,0,Miles Stewart with a defensive rebound.,NA,FALSE,FALSE,NA,NA,NA,NA,NA,NA,0,FIU,Howard,51,NA,Jordan Wood,Steve Settle III,Marcus Dockery,Elijah Hawkins,Miles Stewart,Javaunte Hawkins,Denver Jones,Mohamed Sanogo,Arturo Dean,Dashon Gittens
2022-23,2022-12-13,2501673,142,0,1,Howard,FIU,Bison,Panthers,3,4,19,13,6,1438,Howard,1618,418,2,Offensive foul committed by Elijah Hawkins.,NA,FALSE,FALSE,NA,NA,NA,NA,NA,NA,0,Howard,Howard,52,NA,Jordan Wood,Steve Settle III,Marcus Dockery,Elijah Hawkins,Miles Stewart,Javaunte Hawkins,Denver Jones,Mohamed Sanogo,Arturo Dean,Dashon Gittens
2022-23,2022-12-13,2501673,143,0,1,Howard,FIU,Bison,Panthers,3,4,19,13,6,1438,Howard,1618,418,0,Elijah Hawkins with a turnover,NA,FALSE,FALSE,NA,NA,NA,NA,NA,NA,0,Howard,FIU,52,NA,Jordan Wood,Steve Settle III,Marcus Dockery,Elijah Hawkins,Miles Stewart,Javaunte Hawkins,Denver Jones,Mohamed Sanogo,Arturo Dean,Dashon Gittens
2022-23,2022-12-13,2501673,144,0,1,Howard,FIU,Bison,Panthers,3,4,19,13,6,1409,FIU,1618,418,0,Substitution: Nick Guadarrama in for Arturo Dean.,NA,FALSE,FALSE,NA,NA,NA,NA,NA,NA,1,NA,NA,NA,NA,Jordan Wood,Steve Settle III,Marcus Dockery,Elijah Hawkins,Miles Stewart,Javaunte Hawkins,Denver Jones,Mohamed Sanogo,Nick Guadarrama,Dashon Gittens
2022-23,2022-12-13,2501673,145,0,1,Howard,FIU,Bison,Panthers,3,4,19,13,6,1409,FIU,1598,398,20,Javaunte Hawkins misses a 3-point jump shot from 23 feet out.,missed,FALSE,TRUE,Jump Shot,1.8000000000000007,7.25,1240286,Javaunte Hawkins,NA,0,FIU,FIU,53,NA,Jordan Wood,Steve Settle III,Marcus Dockery,Elijah Hawkins,Miles Stewart,Javaunte Hawkins,Denver Jones,Mohamed Sanogo,Nick Guadarrama,Dashon Gittens
2022-23,2022-12-13,2501673,146,0,1,Howard,FIU,Bison,Panthers,3,4,19,13,6,1409,FIU,1598,398,0,Denver Jones with an offensive rebound.,NA,FALSE,FALSE,NA,NA,NA,NA,NA,NA,0,FIU,FIU,53,NA,Jordan Wood,Steve Settle III,Marcus Dockery,Elijah Hawkins,Miles Stewart,Javaunte Hawkins,Denver Jones,Mohamed Sanogo,Nick Guadarrama,Dashon Gittens
2022-23,2022-12-13,2501673,147,0,1,Howard,FIU,Bison,Panthers,3,4,19,13,6,1409,FIU,1588,388,10,Mohamed Sanogo misses a layup from 4 feet out.,missed,FALSE,FALSE,Layup Shot,24.2,8.95,1323851,Mohamed Sanogo,NA,0,FIU,FIU,53,NA,Jordan Wood,Steve Settle III,Marcus Dockery,Elijah Hawkins,Miles Stewart,Javaunte Hawkins,Denver Jones,Mohamed Sanogo,Nick Guadarrama,Dashon Gittens
2022-23,2022-12-13,2501673,148,0,1,Howard,FIU,Bison,Panthers,3,4,19,13,6,1438,Howard,1588,388,0,Elijah Hawkins with a defensive rebound.,NA,FALSE,FALSE,NA,NA,NA,NA,NA,NA,0,FIU,Howard,53,NA,Jordan Wood,Steve Settle III,Marcus Dockery,Elijah Hawkins,Miles Stewart,Javaunte Hawkins,Denver Jones,Mohamed Sanogo,Nick Guadarrama,Dashon Gittens
2022-23,2022-12-13,2501673,149,0,1,Howard,FIU,Bison,Panthers,3,4,19,13,6,1438,Howard,1578,378,10,Marcus Dockery misses a jump shot from 12 feet out.,missed,FALSE,FALSE,Jump Shot,36.6,7.25,1232520,Marcus Dockery,NA,0,Howard,Howard,54,NA,Jordan Wood,Steve Settle III,Marcus Dockery,Elijah Hawkins,Miles Stewart,Javaunte Hawkins,Denver Jones,Mohamed Sanogo,Nick Guadarrama,Dashon Gittens
2022-23,2022-12-13,2501673,150,0,1,Howard,FIU,Bison,Panthers,3,4,19,13,6,1409,FIU,1578,378,0,Nick Guadarrama with a defensive rebound.,NA,FALSE,FALSE,NA,NA,NA,NA,NA,NA,0,Howard,FIU,54,NA,Jordan Wood,Steve Settle III,Marcus Dockery,Elijah Hawkins,Miles Stewart,Javaunte Hawkins,Denver Jones,Mohamed Sanogo,Nick Guadarrama,Dashon Gittens
2022-23,2022-12-13,2501673,151,0,1,Howard,FIU,Bison,Panthers,3,4,19,15,4,1409,FIU,1570,370,8,Dashon Gittens makes a layup from 5 feet out.,made,FALSE,FALSE,Layup Shot,27.5,9.65,1413182,Dashon Gittens,NA,0,FIU,Howard,55,NA,Jordan Wood,Steve Settle III,Marcus Dockery,Elijah Hawkins,Miles Stewart,Javaunte Hawkins,Denver Jones,Mohamed Sanogo,Nick Guadarrama,Dashon Gittens
2022-23,2022-12-13,2501673,152,0,1,Howard,FIU,Bison,Panthers,3,4,19,15,4,1438,Howard,1543,343,27,Steve Settle III misses a jump shot from 14 feet out.,missed,FALSE,FALSE,Jump Shot,13.399999999999999,13.349999999999994,1182378,Steve Settle III,NA,0,Howard,Howard,56,NA,Jordan Wood,Steve Settle III,Marcus Dockery,Elijah Hawkins,Miles Stewart,Javaunte Hawkins,Denver Jones,Mohamed Sanogo,Nick Guadarrama,Dashon Gittens
2022-23,2022-12-13,2501673,153,0,1,Howard,FIU,Bison,Panthers,3,4,19,15,4,1438,Howard,1543,343,0,Marcus Dockery with an offensive rebound.,NA,FALSE,FALSE,NA,NA,NA,NA,NA,NA,0,Howard,Howard,56,NA,Jordan Wood,Steve Settle III,Marcus Dockery,Elijah Hawkins,Miles Stewart,Javaunte Hawkins,Denver Jones,Mohamed Sanogo,Nick Guadarrama,Dashon Gittens
2022-23,2022-12-13,2501673,154,0,1,Howard,FIU,Bison,Panthers,3,4,19,15,4,1409,FIU,1528,328,15,Personal foul committed by Dashon Gittens.,NA,FALSE,FALSE,NA,NA,NA,NA,NA,NA,0,Howard,Howard,56,NA,Jordan Wood,Steve Settle III,Marcus Dockery,Elijah Hawkins,Miles Stewart,Javaunte Hawkins,Denver Jones,Mohamed Sanogo,Nick Guadarrama,Dashon Gittens
2022-23,2022-12-13,2501673,155,0,1,Howard,FIU,Bison,Panthers,3,4,19,15,4,1438,Howard,1528,328,0,Substitution: Jelani Williams in for Marcus Dockery.,NA,FALSE,FALSE,NA,NA,NA,NA,NA,NA,1,NA,NA,NA,NA,Jordan Wood,Steve Settle III,Jelani Williams,Elijah Hawkins,Miles Stewart,Javaunte Hawkins,Denver Jones,Mohamed Sanogo,Nick Guadarrama,Dashon Gittens
2022-23,2022-12-13,2501673,156,0,1,Howard,FIU,Bison,Panthers,3,4,19,15,4,1438,Howard,1528,328,0,Substitution: Kobe Dickson in for Miles Stewart.,NA,FALSE,FALSE,NA,NA,NA,NA,NA,NA,1,NA,NA,NA,NA,Jordan Wood,Steve Settle III,Jelani Williams,Elijah Hawkins,Kobe Dickson,Javaunte Hawkins,Denver Jones,Mohamed Sanogo,Nick Guadarrama,Dashon Gittens
2022-23,2022-12-13,2501673,157,0,1,Howard,FIU,Bison,Panthers,3,4,19,15,4,1409,FIU,1528,328,0,Substitution: Petar Krivokapic in for Javaunte Hawkins.,NA,FALSE,FALSE,NA,NA,NA,NA,NA,NA,1,NA,NA,NA,NA,Jordan Wood,Steve Settle III,Jelani Williams,Elijah Hawkins,Kobe Dickson,Petar Krivokapic,Denver Jones,Mohamed Sanogo,Nick Guadarrama,Dashon Gittens
2022-23,2022-12-13,2501673,158,0,1,Howard,FIU,Bison,Panthers,3,4,19,15,4,1438,Howard,1528,328,0,Elijah Hawkins misses free throw 1st of 1-and-1.,missed,TRUE,FALSE,NA,NA,NA,NA,NA,NA,0,Howard,Howard,56,NA,Jordan Wood,Steve Settle III,Jelani Williams,Elijah Hawkins,Kobe Dickson,Petar Krivokapic,Denver Jones,Mohamed Sanogo,Nick Guadarrama,Dashon Gittens
2022-23,2022-12-13,2501673,159,0,1,Howard,FIU,Bison,Panthers,3,4,19,15,4,1409,FIU,1528,328,0,Dashon Gittens with a defensive rebound.,NA,FALSE,FALSE,NA,NA,NA,NA,NA,NA,0,Howard,FIU,56,NA,Jordan Wood,Steve Settle III,Jelani Williams,Elijah Hawkins,Kobe Dickson,Petar Krivokapic,Denver Jones,Mohamed Sanogo,Nick Guadarrama,Dashon Gittens
2022-23,2022-12-13,2501673,160,0,1,Howard,FIU,Bison,Panthers,3,4,19,18,1,1409,FIU,1499,299,29,Petar Krivokapic makes a 3-point jump shot from 25 feet out. Dashon Gittens with the assist.,made,FALSE,TRUE,Jump Shot,36.8,27.05,1240295,Petar Krivokapic,Dashon Gittens,0,FIU,Howard,57,NA,Jordan Wood,Steve Settle III,Jelani Williams,Elijah Hawkins,Kobe Dickson,Petar Krivokapic,Denver Jones,Mohamed Sanogo,Nick Guadarrama,Dashon Gittens
2022-23,2022-12-13,2501673,161,0,1,Howard,FIU,Bison,Panthers,3,4,19,18,1,1438,Howard,1486,286,13,Jelani Williams misses a 3-point jump shot from 23 feet out.,missed,FALSE,TRUE,Jump Shot,1.7999999999999972,5.549999999999997,1065766,Jelani Williams,NA,0,Howard,Howard,58,NA,Jordan Wood,Steve Settle III,Jelani Williams,Elijah Hawkins,Kobe Dickson,Petar Krivokapic,Denver Jones,Mohamed Sanogo,Nick Guadarrama,Dashon Gittens
2022-23,2022-12-13,2501673,162,0,1,Howard,FIU,Bison,Panthers,3,4,19,18,1,1438,Howard,1486,286,0,Jordan Wood with an offensive rebound.,NA,FALSE,FALSE,NA,NA,NA,NA,NA,NA,0,Howard,Howard,58,NA,Jordan Wood,Steve Settle III,Jelani Williams,Elijah Hawkins,Kobe Dickson,Petar Krivokapic,Denver Jones,Mohamed Sanogo,Nick Guadarrama,Dashon Gittens
2022-23,2022-12-13,2501673,163,0,1,Howard,FIU,Bison,Panthers,3,4,22,18,4,1438,Howard,1481,281,5,Elijah Hawkins makes a 3-point jump shot from 25 feet out. Jordan Wood with the assist.,made,FALSE,TRUE,Jump Shot,26.9,30.35,1324089,Elijah Hawkins,Jordan Wood,0,Howard,FIU,58,NA,Jordan Wood,Steve Settle III,Jelani Williams,Elijah Hawkins,Kobe Dickson,Petar Krivokapic,Denver Jones,Mohamed Sanogo,Nick Guadarrama,Dashon Gittens
2022-23,2022-12-13,2501673,164,0,1,Howard,FIU,Bison,Panthers,3,4,22,18,4,1409,FIU,1456,256,25,Steve Settle III steals the ball from Denver Jones.,NA,FALSE,FALSE,NA,NA,NA,NA,NA,NA,0,FIU,Howard,59,NA,Jordan Wood,Steve Settle III,Jelani Williams,Elijah Hawkins,Kobe Dickson,Petar Krivokapic,Denver Jones,Mohamed Sanogo,Nick Guadarrama,Dashon Gittens
2022-23,2022-12-13,2501673,165,0,1,Howard,FIU,Bison,Panthers,3,4,22,18,4,1438,Howard,1451,251,5,Steve Settle III with a turnover - Bad Pass,NA,FALSE,FALSE,NA,NA,NA,NA,NA,NA,0,Howard,FIU,60,NA,Jordan Wood,Steve Settle III,Jelani Williams,Elijah Hawkins,Kobe Dickson,Petar Krivokapic,Denver Jones,Mohamed Sanogo,Nick Guadarrama,Dashon Gittens
2022-23,2022-12-13,2501673,166,0,1,Howard,FIU,Bison,Panthers,3,4,22,18,4,1409,FIU,1451,251,0,Substitution: Jayden Brewer in for Dashon Gittens.,NA,FALSE,FALSE,NA,NA,NA,NA,NA,NA,1,NA,NA,NA,NA,Jordan Wood,Steve Settle III,Jelani Williams,Elijah Hawkins,Kobe Dickson,Petar Krivokapic,Denver Jones,Mohamed Sanogo,Nick Guadarrama,Jayden Brewer
2022-23,2022-12-13,2501673,167,0,1,Howard,FIU,Bison,Panthers,3,4,22,18,4,1409,FIU,1451,251,0,Substitution: Seth Pinkney in for Mohamed Sanogo.,NA,FALSE,FALSE,NA,NA,NA,NA,NA,NA,1,NA,NA,NA,NA,Jordan Wood,Steve Settle III,Jelani Williams,Elijah Hawkins,Kobe Dickson,Petar Krivokapic,Denver Jones,Seth Pinkney,Nick Guadarrama,Jayden Brewer
2022-23,2022-12-13,2501673,168,0,1,Howard,FIU,Bison,Panthers,3,4,22,18,4,1409,FIU,1438,238,13,Nick Guadarrama with a turnover - Bad Pass,NA,FALSE,FALSE,NA,NA,NA,NA,NA,NA,0,FIU,Howard,61,NA,Jordan Wood,Steve Settle III,Jelani Williams,Elijah Hawkins,Kobe Dickson,Petar Krivokapic,Denver Jones,Seth Pinkney,Nick Guadarrama,Jayden Brewer
2022-23,2022-12-13,2501673,169,0,1,Howard,FIU,Bison,Panthers,3,4,22,18,4,NA,NA,1438,238,0,Official TV timeout.,NA,FALSE,FALSE,NA,NA,NA,NA,NA,NA,0,NA,NA,NA,NA,Jordan Wood,Steve Settle III,Jelani Williams,Elijah Hawkins,Kobe Dickson,Petar Krivokapic,Denver Jones,Seth Pinkney,Nick Guadarrama,Jayden Brewer
2022-23,2022-12-13,2501673,170,0,1,Howard,FIU,Bison,Panthers,3,4,22,18,4,1438,Howard,1436,236,2,Jordan Wood misses a 3-point jump shot from 23 feet out.,missed,FALSE,TRUE,Jump Shot,46.6,12.75,1252556,Jordan Wood,NA,0,Howard,Howard,62,NA,Jordan Wood,Steve Settle III,Jelani Williams,Elijah Hawkins,Kobe Dickson,Petar Krivokapic,Denver Jones,Seth Pinkney,Nick Guadarrama,Jayden Brewer
2022-23,2022-12-13,2501673,171,0,1,Howard,FIU,Bison,Panthers,3,4,22,18,4,1409,FIU,1436,236,0,Petar Krivokapic with a defensive rebound.,NA,FALSE,FALSE,NA,NA,NA,NA,NA,NA,0,Howard,FIU,62,NA,Jordan Wood,Steve Settle III,Jelani Williams,Elijah Hawkins,Kobe Dickson,Petar Krivokapic,Denver Jones,Seth Pinkney,Nick Guadarrama,Jayden Brewer
2022-23,2022-12-13,2501673,172,0,1,Howard,FIU,Bison,Panthers,3,4,22,21,1,1409,FIU,1415,215,21,Denver Jones makes a 3-point jump shot from 24 feet out. Jayden Brewer with the assist.,made,FALSE,TRUE,Jump Shot,4.199999999999999,16.85,1323840,Denver Jones,Jayden Brewer,0,FIU,Howard,63,NA,Jordan Wood,Steve Settle III,Jelani Williams,Elijah Hawkins,Kobe Dickson,Petar Krivokapic,Denver Jones,Seth Pinkney,Nick Guadarrama,Jayden Brewer
2022-23,2022-12-13,2501673,173,0,1,Howard,FIU,Bison,Panthers,3,4,22,21,1,1438,Howard,1415,215,0,Jordan Wood misses a 3-point jump shot from 23 feet out.,missed,FALSE,TRUE,Jump Shot,47,12.25,1252556,Jordan Wood,NA,0,Howard,Howard,64,NA,Jordan Wood,Steve Settle III,Jelani Williams,Elijah Hawkins,Kobe Dickson,Petar Krivokapic,Denver Jones,Seth Pinkney,Nick Guadarrama,Jayden Brewer
2022-23,2022-12-13,2501673,174,0,1,Howard,FIU,Bison,Panthers,3,4,22,21,1,1409,FIU,1415,215,0,Seth Pinkney with a defensive rebound.,NA,FALSE,FALSE,NA,NA,NA,NA,NA,NA,0,Howard,FIU,64,NA,Jordan Wood,Steve Settle III,Jelani Williams,Elijah Hawkins,Kobe Dickson,Petar Krivokapic,Denver Jones,Seth Pinkney,Nick Guadarrama,Jayden Brewer
2022-23,2022-12-13,2501673,175,0,1,Howard,FIU,Bison,Panthers,3,4,22,24,-2,1409,FIU,1394,194,21,Denver Jones makes a 3-point jump shot from 23 feet out.,made,FALSE,TRUE,Jump Shot,25.5,28.75,1323840,Denver Jones,NA,0,FIU,Howard,65,NA,Jordan Wood,Steve Settle III,Jelani Williams,Elijah Hawkins,Kobe Dickson,Petar Krivokapic,Denver Jones,Seth Pinkney,Nick Guadarrama,Jayden Brewer
2022-23,2022-12-13,2501673,176,0,1,Howard,FIU,Bison,Panthers,3,4,22,24,-2,1438,Howard,1366,166,28,Steve Settle III misses a 3-point jump shot from 24 feet out.,missed,FALSE,TRUE,Jump Shot,1.7999999999999972,12.25,1182378,Steve Settle III,NA,0,Howard,Howard,66,NA,Jordan Wood,Steve Settle III,Jelani Williams,Elijah Hawkins,Kobe Dickson,Petar Krivokapic,Denver Jones,Seth Pinkney,Nick Guadarrama,Jayden Brewer
2022-23,2022-12-13,2501673,177,0,1,Howard,FIU,Bison,Panthers,3,4,22,24,-2,1409,FIU,1366,166,0,Denver Jones with a defensive rebound.,NA,FALSE,FALSE,NA,NA,NA,NA,NA,NA,0,Howard,FIU,66,NA,Jordan Wood,Steve Settle III,Jelani Williams,Elijah Hawkins,Kobe Dickson,Petar Krivokapic,Denver Jones,Seth Pinkney,Nick Guadarrama,Jayden Brewer
2022-23,2022-12-13,2501673,178,0,1,Howard,FIU,Bison,Panthers,3,4,22,24,-2,1438,Howard,1361,161,5,Personal foul committed by Jelani Williams.,NA,FALSE,FALSE,NA,NA,NA,NA,NA,NA,0,FIU,FIU,67,NA,Jordan Wood,Steve Settle III,Jelani Williams,Elijah Hawkins,Kobe Dickson,Petar Krivokapic,Denver Jones,Seth Pinkney,Nick Guadarrama,Jayden Brewer
2022-23,2022-12-13,2501673,179,0,1,Howard,FIU,Bison,Panthers,3,4,22,24,-2,1409,FIU,1346,146,15,Steve Settle III steals the ball from Seth Pinkney.,NA,FALSE,FALSE,NA,NA,NA,NA,NA,NA,0,FIU,Howard,67,NA,Jordan Wood,Steve Settle III,Jelani Williams,Elijah Hawkins,Kobe Dickson,Petar Krivokapic,Denver Jones,Seth Pinkney,Nick Guadarrama,Jayden Brewer
2022-23,2022-12-13,2501673,180,0,1,Howard,FIU,Bison,Panthers,3,4,22,24,-2,1438,Howard,1338,138,8,Jelani Williams misses a layup from 6 feet out.,missed,FALSE,FALSE,Layup Shot,20.8,9.25,1065766,Jelani Williams,NA,0,Howard,Howard,68,NA,Jordan Wood,Steve Settle III,Jelani Williams,Elijah Hawkins,Kobe Dickson,Petar Krivokapic,Denver Jones,Seth Pinkney,Nick Guadarrama,Jayden Brewer
2022-23,2022-12-13,2501673,181,0,1,Howard,FIU,Bison,Panthers,3,4,22,24,-2,1438,Howard,1338,138,0,Jordan Wood with an offensive rebound.,NA,FALSE,FALSE,NA,NA,NA,NA,NA,NA,0,Howard,Howard,68,NA,Jordan Wood,Steve Settle III,Jelani Williams,Elijah Hawkins,Kobe Dickson,Petar Krivokapic,Denver Jones,Seth Pinkney,Nick Guadarrama,Jayden Brewer
2022-23,2022-12-13,2501673,182,0,1,Howard,FIU,Bison,Panthers,3,4,24,24,0,1438,Howard,1332,132,6,Jordan Wood makes a tip shot from 3 feet out.,made,FALSE,FALSE,Tip Shot,23.2,8.150000000000006,1252556,Jordan Wood,NA,0,Howard,FIU,68,NA,Jordan Wood,Steve Settle III,Jelani Williams,Elijah Hawkins,Kobe Dickson,Petar Krivokapic,Denver Jones,Seth Pinkney,Nick Guadarrama,Jayden Brewer
2022-23,2022-12-13,2501673,183,0,1,Howard,FIU,Bison,Panthers,3,4,24,24,0,1409,FIU,1311,111,21,Kobe Dickson blocks a Seth Pinkney layup from 2 feet out.,missed,FALSE,FALSE,Layup Shot,24.5,7.45,1177041,Seth Pinkney,NA,0,FIU,FIU,69,NA,Jordan Wood,Steve Settle III,Jelani Williams,Elijah Hawkins,Kobe Dickson,Petar Krivokapic,Denver Jones,Seth Pinkney,Nick Guadarrama,Jayden Brewer
2022-23,2022-12-13,2501673,184,0,1,Howard,FIU,Bison,Panthers,3,4,24,24,0,1438,Howard,1311,111,0,Jordan Wood with a defensive rebound.,NA,FALSE,FALSE,NA,NA,NA,NA,NA,NA,0,FIU,Howard,69,NA,Jordan Wood,Steve Settle III,Jelani Williams,Elijah Hawkins,Kobe Dickson,Petar Krivokapic,Denver Jones,Seth Pinkney,Nick Guadarrama,Jayden Brewer
2022-23,2022-12-13,2501673,185,0,1,Howard,FIU,Bison,Panthers,3,4,26,24,2,1438,Howard,1308,108,3,Jordan Wood dunks.,made,FALSE,FALSE,Dunk Shot,26,6.25,1252556,Jordan Wood,NA,0,Howard,FIU,70,NA,Jordan Wood,Steve Settle III,Jelani Williams,Elijah Hawkins,Kobe Dickson,Petar Krivokapic,Denver Jones,Seth Pinkney,Nick Guadarrama,Jayden Brewer
2022-23,2022-12-13,2501673,186,0,1,Howard,FIU,Bison,Panthers,3,3,26,24,2,1409,FIU,1308,108,0,Panthers take a 30-second timeout.,NA,FALSE,FALSE,NA,NA,NA,NA,NA,NA,0,NA,NA,NA,NA,Jordan Wood,Steve Settle III,Jelani Williams,Elijah Hawkins,Kobe Dickson,Petar Krivokapic,Denver Jones,Seth Pinkney,Nick Guadarrama,Jayden Brewer
2022-23,2022-12-13,2501673,187,0,1,Howard,FIU,Bison,Panthers,3,3,26,24,2,1409,FIU,1308,108,0,Substitution: Arturo Dean in for Jayden Brewer.,NA,FALSE,FALSE,NA,NA,NA,NA,NA,NA,1,NA,NA,NA,NA,Jordan Wood,Steve Settle III,Jelani Williams,Elijah Hawkins,Kobe Dickson,Petar Krivokapic,Denver Jones,Seth Pinkney,Nick Guadarrama,Arturo Dean
2022-23,2022-12-13,2501673,188,0,1,Howard,FIU,Bison,Panthers,3,3,26,24,2,1409,FIU,1308,108,0,Substitution: Mohamed Sanogo in for Seth Pinkney.,NA,FALSE,FALSE,NA,NA,NA,NA,NA,NA,1,NA,NA,NA,NA,Jordan Wood,Steve Settle III,Jelani Williams,Elijah Hawkins,Kobe Dickson,Petar Krivokapic,Denver Jones,Mohamed Sanogo,Nick Guadarrama,Arturo Dean
2022-23,2022-12-13,2501673,189,0,1,Howard,FIU,Bison,Panthers,3,3,26,24,2,1409,FIU,1291,91,17,Nick Guadarrama misses a 3-point jump shot from 23 feet out.,missed,FALSE,TRUE,Jump Shot,48.1,7.25,1138620,Nick Guadarrama,NA,0,FIU,FIU,71,NA,Jordan Wood,Steve Settle III,Jelani Williams,Elijah Hawkins,Kobe Dickson,Petar Krivokapic,Denver Jones,Mohamed Sanogo,Nick Guadarrama,Arturo Dean
2022-23,2022-12-13,2501673,190,0,1,Howard,FIU,Bison,Panthers,3,3,26,24,2,1438,Howard,1291,91,0,Steve Settle III with a defensive rebound.,NA,FALSE,FALSE,NA,NA,NA,NA,NA,NA,0,FIU,Howard,71,NA,Jordan Wood,Steve Settle III,Jelani Williams,Elijah Hawkins,Kobe Dickson,Petar Krivokapic,Denver Jones,Mohamed Sanogo,Nick Guadarrama,Arturo Dean
2022-23,2022-12-13,2501673,191,0,1,Howard,FIU,Bison,Panthers,3,3,28,24,4,1438,Howard,1270,70,21,Steve Settle III makes a layup from 4 feet out.,made,FALSE,FALSE,Layup Shot,24.5,9.25,1182378,Steve Settle III,NA,0,Howard,FIU,72,NA,Jordan Wood,Steve Settle III,Jelani Williams,Elijah Hawkins,Kobe Dickson,Petar Krivokapic,Denver Jones,Mohamed Sanogo,Nick Guadarrama,Arturo Dean
2022-23,2022-12-13,2501673,192,0,1,Howard,FIU,Bison,Panthers,3,3,28,24,4,1409,FIU,1246,46,24,Arturo Dean misses a 3-point jump shot from 27 feet out.,missed,FALSE,TRUE,Jump Shot,6.800000000000001,24.85,1413183,Arturo Dean,NA,0,FIU,FIU,73,NA,Jordan Wood,Steve Settle III,Jelani Williams,Elijah Hawkins,Kobe Dickson,Petar Krivokapic,Denver Jones,Mohamed Sanogo,Nick Guadarrama,Arturo Dean
2022-23,2022-12-13,2501673,193,0,1,Howard,FIU,Bison,Panthers,3,3,28,24,4,1438,Howard,1246,46,0,Jelani Williams with a defensive rebound.,NA,FALSE,FALSE,NA,NA,NA,NA,NA,NA,0,FIU,Howard,73,NA,Jordan Wood,Steve Settle III,Jelani Williams,Elijah Hawkins,Kobe Dickson,Petar Krivokapic,Denver Jones,Mohamed Sanogo,Nick Guadarrama,Arturo Dean
2022-23,2022-12-13,2501673,194,0,1,Howard,FIU,Bison,Panthers,3,3,28,24,4,1438,Howard,1234,34,12,Nick Guadarrama steals the ball from Jelani Williams.,NA,FALSE,FALSE,NA,NA,NA,NA,NA,NA,0,Howard,FIU,74,NA,Jordan Wood,Steve Settle III,Jelani Williams,Elijah Hawkins,Kobe Dickson,Petar Krivokapic,Denver Jones,Mohamed Sanogo,Nick Guadarrama,Arturo Dean
2022-23,2022-12-13,2501673,195,0,1,Howard,FIU,Bison,Panthers,3,3,28,26,2,1409,FIU,1229,29,5,Arturo Dean makes a layup from 4 feet out. Nick Guadarrama with the assist.,made,FALSE,FALSE,Layup Shot,26.2,8.75,1413183,Arturo Dean,Nick Guadarrama,0,FIU,Howard,75,NA,Jordan Wood,Steve Settle III,Jelani Williams,Elijah Hawkins,Kobe Dickson,Petar Krivokapic,Denver Jones,Mohamed Sanogo,Nick Guadarrama,Arturo Dean
2022-23,2022-12-13,2501673,196,0,1,Howard,FIU,Bison,Panthers,3,3,28,26,2,1438,Howard,1206,6,23,Steve Settle III misses a jump shot from 5 feet out.,missed,FALSE,FALSE,Jump Shot,28.6,8.75,1182378,Steve Settle III,NA,0,Howard,Howard,76,NA,Jordan Wood,Steve Settle III,Jelani Williams,Elijah Hawkins,Kobe Dickson,Petar Krivokapic,Denver Jones,Mohamed Sanogo,Nick Guadarrama,Arturo Dean
2022-23,2022-12-13,2501673,197,0,1,Howard,FIU,Bison,Panthers,3,3,28,26,2,1438,Howard,1206,6,0,Steve Settle III with an offensive rebound.,NA,FALSE,FALSE,NA,NA,NA,NA,NA,NA,0,Howard,Howard,76,NA,Jordan Wood,Steve Settle III,Jelani Williams,Elijah Hawkins,Kobe Dickson,Petar Krivokapic,Denver Jones,Mohamed Sanogo,Nick Guadarrama,Arturo Dean
2022-23,2022-12-13,2501673,198,0,1,Howard,FIU,Bison,Panthers,3,3,30,26,4,1438,Howard,1203,3,3,Steve Settle III makes a layup from 4 feet out.,made,FALSE,FALSE,Layup Shot,26.2,8.75,1182378,Steve Settle III,NA,0,Howard,FIU,76,NA,Jordan Wood,Steve Settle III,Jelani Williams,Elijah Hawkins,Kobe Dickson,Petar Krivokapic,Denver Jones,Mohamed Sanogo,Nick Guadarrama,Arturo Dean
2022-23,2022-12-13,2501673,199,0,1,Howard,FIU,Bison,Panthers,3,3,30,26,4,NA,NA,1200,0,3,End of the 1st Half,NA,FALSE,FALSE,NA,NA,NA,NA,NA,NA,0,NA,NA,NA,NA,Jordan Wood,Steve Settle III,Jelani Williams,Elijah Hawkins,Kobe Dickson,Petar Krivokapic,Denver Jones,Mohamed Sanogo,Nick Guadarrama,Arturo Dean
2022-23,2022-12-13,2501673,200,0,2,Howard,FIU,Bison,Panthers,4,4,30,26,4,NA,NA,1200,1200,0,Start of the 2nd Half,NA,FALSE,FALSE,NA,NA,NA,NA,NA,NA,0,NA,FIU,77,NA,Jordan Wood,Steve Settle III,Jelani Williams,Elijah Hawkins,Kobe Dickson,Petar Krivokapic,Denver Jones,Mohamed Sanogo,Nick Guadarrama,Arturo Dean
2022-23,2022-12-13,2501673,201,0,2,Howard,FIU,Bison,Panthers,4,4,30,26,4,1409,FIU,1180,1180,20,Javaunte Hawkins misses a 3-point jump shot from 25 feet out.,missed,FALSE,TRUE,Jump Shot,46.9,16.35,1240286,Javaunte Hawkins,NA,0,FIU,FIU,78,NA,Jordan Wood,Steve Settle III,Jelani Williams,Elijah Hawkins,Kobe Dickson,Petar Krivokapic,Denver Jones,Mohamed Sanogo,Nick Guadarrama,Arturo Dean
2022-23,2022-12-13,2501673,202,0,2,Howard,FIU,Bison,Panthers,4,4,30,26,4,1438,Howard,1180,1180,0,Steve Settle III with a defensive rebound.,NA,FALSE,FALSE,NA,NA,NA,NA,NA,NA,0,FIU,Howard,78,NA,Jordan Wood,Steve Settle III,Jelani Williams,Elijah Hawkins,Kobe Dickson,Petar Krivokapic,Denver Jones,Mohamed Sanogo,Nick Guadarrama,Arturo Dean
2022-23,2022-12-13,2501673,203,0,2,Howard,FIU,Bison,Panthers,4,4,30,26,4,1438,Howard,1176,1176,4,Nick Guadarrama steals the ball from Steve Settle III.,NA,FALSE,FALSE,NA,NA,NA,NA,NA,NA,0,Howard,FIU,79,NA,Jordan Wood,Steve Settle III,Jelani Williams,Elijah Hawkins,Kobe Dickson,Petar Krivokapic,Denver Jones,Mohamed Sanogo,Nick Guadarrama,Arturo Dean
2022-23,2022-12-13,2501673,204,0,2,Howard,FIU,Bison,Panthers,4,4,30,26,4,1409,FIU,1163,1163,13,Nick Guadarrama misses a jump shot from 14 feet out.,missed,FALSE,FALSE,Jump Shot,12.1,11.45,1138620,Nick Guadarrama,NA,0,FIU,FIU,80,NA,Jordan Wood,Steve Settle III,Jelani Williams,Elijah Hawkins,Kobe Dickson,Petar Krivokapic,Denver Jones,Mohamed Sanogo,Nick Guadarrama,Arturo Dean
2022-23,2022-12-13,2501673,205,0,2,Howard,FIU,Bison,Panthers,4,4,30,26,4,1438,Howard,1163,1163,0,Elijah Hawkins with a defensive rebound.,NA,FALSE,FALSE,NA,NA,NA,NA,NA,NA,0,FIU,Howard,80,NA,Jordan Wood,Steve Settle III,Jelani Williams,Elijah Hawkins,Kobe Dickson,Petar Krivokapic,Denver Jones,Mohamed Sanogo,Nick Guadarrama,Arturo Dean
2022-23,2022-12-13,2501673,206,0,2,Howard,FIU,Bison,Panthers,4,4,32,26,6,1438,Howard,1134,1134,29,Shy Odom makes a layup from 5 feet out. Steve Settle III with the assist.,made,FALSE,FALSE,Layup Shot,26.2,9.849999999999994,1420152,Shy Odom,Steve Settle III,0,Howard,FIU,81,NA,Jordan Wood,Steve Settle III,Jelani Williams,Elijah Hawkins,Kobe Dickson,Petar Krivokapic,Denver Jones,Mohamed Sanogo,Nick Guadarrama,Arturo Dean
2022-23,2022-12-13,2501673,207,0,2,Howard,FIU,Bison,Panthers,4,4,32,29,3,1409,FIU,1115,1115,19,Denver Jones makes a 3-point jump shot from 23 feet out. Nick Guadarrama with the assist.,made,FALSE,TRUE,Jump Shot,47.9,7.65,1323840,Denver Jones,Nick Guadarrama,0,FIU,Howard,82,NA,Jordan Wood,Steve Settle III,Jelani Williams,Elijah Hawkins,Kobe Dickson,Petar Krivokapic,Denver Jones,Mohamed Sanogo,Nick Guadarrama,Arturo Dean
2022-23,2022-12-13,2501673,208,0,2,Howard,FIU,Bison,Panthers,4,4,32,29,3,1438,Howard,1087,1087,28,Seth Pinkney blocks a Shy Odom layup from 3 feet out.,missed,FALSE,FALSE,Layup Shot,24,8.549999999999997,1420152,Shy Odom,NA,0,Howard,Howard,83,NA,Jordan Wood,Steve Settle III,Jelani Williams,Elijah Hawkins,Kobe Dickson,Petar Krivokapic,Denver Jones,Mohamed Sanogo,Nick Guadarrama,Arturo Dean
2022-23,2022-12-13,2501673,209,0,2,Howard,FIU,Bison,Panthers,4,4,32,29,3,1409,FIU,1087,1087,0,Seth Pinkney with a defensive rebound.,NA,FALSE,FALSE,NA,NA,NA,NA,NA,NA,0,Howard,FIU,83,NA,Jordan Wood,Steve Settle III,Jelani Williams,Elijah Hawkins,Kobe Dickson,Petar Krivokapic,Denver Jones,Mohamed Sanogo,Nick Guadarrama,Arturo Dean
2022-23,2022-12-13,2501673,210,0,2,Howard,FIU,Bison,Panthers,4,4,32,29,3,1409,FIU,1078,1078,9,Jordan Wood blocks a Javaunte Hawkins layup from 3 feet out.,missed,FALSE,FALSE,Layup Shot,22.9,7.95,1240286,Javaunte Hawkins,NA,0,FIU,FIU,84,NA,Jordan Wood,Steve Settle III,Jelani Williams,Elijah Hawkins,Kobe Dickson,Petar Krivokapic,Denver Jones,Mohamed Sanogo,Nick Guadarrama,Arturo Dean
2022-23,2022-12-13,2501673,211,0,2,Howard,FIU,Bison,Panthers,4,4,32,29,3,1438,Howard,1078,1078,0,Jordan Wood with a defensive rebound.,NA,FALSE,FALSE,NA,NA,NA,NA,NA,NA,0,FIU,Howard,84,NA,Jordan Wood,Steve Settle III,Jelani Williams,Elijah Hawkins,Kobe Dickson,Petar Krivokapic,Denver Jones,Mohamed Sanogo,Nick Guadarrama,Arturo Dean
2022-23,2022-12-13,2501673,212,0,2,Howard,FIU,Bison,Panthers,4,4,32,29,3,1409,FIU,1078,1078,0,Shooting foul committed by Seth Pinkney.,NA,FALSE,FALSE,NA,NA,NA,NA,NA,NA,0,Howard,Howard,85,NA,Jordan Wood,Steve Settle III,Jelani Williams,Elijah Hawkins,Kobe Dickson,Petar Krivokapic,Denver Jones,Mohamed Sanogo,Nick Guadarrama,Arturo Dean
2022-23,2022-12-13,2501673,213,0,2,Howard,FIU,Bison,Panthers,4,4,32,29,3,1438,Howard,1078,1078,0,Steve Settle III misses free throw 1 of 2.,missed,TRUE,FALSE,NA,NA,NA,NA,NA,NA,0,Howard,Howard,85,NA,Jordan Wood,Steve Settle III,Jelani Williams,Elijah Hawkins,Kobe Dickson,Petar Krivokapic,Denver Jones,Mohamed Sanogo,Nick Guadarrama,Arturo Dean
2022-23,2022-12-13,2501673,215,0,2,Howard,FIU,Bison,Panthers,4,4,33,29,4,1438,Howard,1078,1078,0,Steve Settle III makes free throw 2 of 2.,made,TRUE,FALSE,NA,NA,NA,NA,NA,NA,0,Howard,FIU,85,NA,Jordan Wood,Steve Settle III,Jelani Williams,Elijah Hawkins,Kobe Dickson,Petar Krivokapic,Denver Jones,Mohamed Sanogo,Nick Guadarrama,Arturo Dean
2022-23,2022-12-13,2501673,216,0,2,Howard,FIU,Bison,Panthers,4,4,33,29,4,1409,FIU,1059,1059,19,Dashon Gittens misses a layup from 4 feet out.,missed,FALSE,FALSE,Layup Shot,22.9,9.05,1413182,Dashon Gittens,NA,0,FIU,FIU,86,NA,Jordan Wood,Steve Settle III,Jelani Williams,Elijah Hawkins,Kobe Dickson,Petar Krivokapic,Denver Jones,Mohamed Sanogo,Nick Guadarrama,Arturo Dean
2022-23,2022-12-13,2501673,217,0,2,Howard,FIU,Bison,Panthers,4,4,33,29,4,1438,Howard,1059,1059,0,Steve Settle III with a defensive rebound.,NA,FALSE,FALSE,NA,NA,NA,NA,NA,NA,0,FIU,Howard,86,NA,Jordan Wood,Steve Settle III,Jelani Williams,Elijah Hawkins,Kobe Dickson,Petar Krivokapic,Denver Jones,Mohamed Sanogo,Nick Guadarrama,Arturo Dean
2022-23,2022-12-13,2501673,218,0,2,Howard,FIU,Bison,Panthers,4,4,33,29,4,1438,Howard,1043,1043,16,Nick Guadarrama steals the ball from Steve Settle III.,NA,FALSE,FALSE,NA,NA,NA,NA,NA,NA,0,Howard,FIU,87,NA,Jordan Wood,Steve Settle III,Jelani Williams,Elijah Hawkins,Kobe Dickson,Petar Krivokapic,Denver Jones,Mohamed Sanogo,Nick Guadarrama,Arturo Dean
2022-23,2022-12-13,2501673,219,0,2,Howard,FIU,Bison,Panthers,4,4,33,29,4,1409,FIU,1028,1028,15,Substitution: John Williams Jr. in for Dashon Gittens.,NA,FALSE,FALSE,NA,NA,NA,NA,NA,NA,1,NA,NA,NA,Player leaving not previously in game,Jordan Wood,Steve Settle III,Jelani Williams,Elijah Hawkins,Kobe Dickson,Petar Krivokapic,Denver Jones,Mohamed Sanogo,Nick Guadarrama,Arturo Dean
2022-23,2022-12-13,2501673,220,0,2,Howard,FIU,Bison,Panthers,4,4,33,29,4,1409,FIU,1014,1014,14,Panthers with a turnover: Shot Clock Turnover,NA,FALSE,FALSE,NA,NA,NA,NA,NA,NA,0,FIU,Howard,88,NA,Jordan Wood,Steve Settle III,Jelani Williams,Elijah Hawkins,Kobe Dickson,Petar Krivokapic,Denver Jones,Mohamed Sanogo,Nick Guadarrama,Arturo Dean
2022-23,2022-12-13,2501673,221,0,2,Howard,FIU,Bison,Panthers,4,4,33,29,4,1438,Howard,994,994,20,Jelani Williams misses a 3-point jump shot from 23 feet out.,missed,FALSE,TRUE,Jump Shot,2.1000000000000014,9.049999999999997,1065766,Jelani Williams,NA,0,Howard,Howard,89,NA,Jordan Wood,Steve Settle III,Jelani Williams,Elijah Hawkins,Kobe Dickson,Petar Krivokapic,Denver Jones,Mohamed Sanogo,Nick Guadarrama,Arturo Dean
2022-23,2022-12-13,2501673,222,0,2,Howard,FIU,Bison,Panthers,4,4,33,29,4,1409,FIU,994,994,0,John Williams Jr. with a defensive rebound.,NA,FALSE,FALSE,NA,NA,NA,NA,NA,NA,0,Howard,FIU,89,NA,Jordan Wood,Steve Settle III,Jelani Williams,Elijah Hawkins,Kobe Dickson,Petar Krivokapic,Denver Jones,Mohamed Sanogo,Nick Guadarrama,Arturo Dean
2022-23,2022-12-13,2501673,223,0,2,Howard,FIU,Bison,Panthers,4,4,33,29,4,1409,FIU,988,988,6,Jordan Wood steals the ball from Denver Jones.,NA,FALSE,FALSE,NA,NA,NA,NA,NA,NA,0,FIU,Howard,90,NA,Jordan Wood,Steve Settle III,Jelani Williams,Elijah Hawkins,Kobe Dickson,Petar Krivokapic,Denver Jones,Mohamed Sanogo,Nick Guadarrama,Arturo Dean
2022-23,2022-12-13,2501673,224,0,2,Howard,FIU,Bison,Panthers,4,4,33,29,4,1409,FIU,975,975,13,Shooting foul committed by Seth Pinkney.,NA,FALSE,FALSE,NA,NA,NA,NA,NA,NA,0,Howard,Howard,91,NA,Jordan Wood,Steve Settle III,Jelani Williams,Elijah Hawkins,Kobe Dickson,Petar Krivokapic,Denver Jones,Mohamed Sanogo,Nick Guadarrama,Arturo Dean
2022-23,2022-12-13,2501673,225,0,2,Howard,FIU,Bison,Panthers,4,4,34,29,5,1438,Howard,975,975,0,Shy Odom makes free throw 1 of 2.,made,TRUE,FALSE,NA,NA,NA,NA,NA,NA,0,Howard,Howard,91,NA,Jordan Wood,Steve Settle III,Jelani Williams,Elijah Hawkins,Kobe Dickson,Petar Krivokapic,Denver Jones,Mohamed Sanogo,Nick Guadarrama,Arturo Dean
2022-23,2022-12-13,2501673,226,0,2,Howard,FIU,Bison,Panthers,4,4,34,29,5,1438,Howard,975,975,0,Substitution: Bryce Harris in for Jelani Williams.,NA,FALSE,FALSE,NA,NA,NA,NA,NA,NA,1,NA,NA,NA,NA,Jordan Wood,Steve Settle III,Bryce Harris,Elijah Hawkins,Kobe Dickson,Petar Krivokapic,Denver Jones,Mohamed Sanogo,Nick Guadarrama,Arturo Dean
2022-23,2022-12-13,2501673,227,0,2,Howard,FIU,Bison,Panthers,4,4,34,29,5,1409,FIU,975,975,0,Substitution: Petar Krivokapic in for Nick Guadarrama.,NA,FALSE,FALSE,NA,NA,NA,NA,NA,NA,1,NA,NA,NA,Sub already in game,Jordan Wood,Steve Settle III,Bryce Harris,Elijah Hawkins,Kobe Dickson,Petar Krivokapic,Denver Jones,Mohamed Sanogo,Nick Guadarrama,Arturo Dean
2022-23,2022-12-13,2501673,228,0,2,Howard,FIU,Bison,Panthers,4,4,35,29,6,1438,Howard,975,975,0,Shy Odom makes free throw 2 of 2.,made,TRUE,FALSE,NA,NA,NA,NA,NA,NA,0,Howard,FIU,91,NA,Jordan Wood,Steve Settle III,Bryce Harris,Elijah Hawkins,Kobe Dickson,Petar Krivokapic,Denver Jones,Mohamed Sanogo,Nick Guadarrama,Arturo Dean
2022-23,2022-12-13,2501673,229,0,2,Howard,FIU,Bison,Panthers,4,4,35,29,6,1438,Howard,975,975,0,Substitution: Marcus Dockery in for Shy Odom.,NA,FALSE,FALSE,NA,NA,NA,NA,NA,NA,1,NA,NA,NA,Player leaving not previously in game,Jordan Wood,Steve Settle III,Bryce Harris,Elijah Hawkins,Kobe Dickson,Petar Krivokapic,Denver Jones,Mohamed Sanogo,Nick Guadarrama,Arturo Dean
2022-23,2022-12-13,2501673,230,0,2,Howard,FIU,Bison,Panthers,4,4,35,31,4,1409,FIU,947,947,28,Seth Pinkney dunks. Petar Krivokapic with the assist.,made,FALSE,FALSE,Dunk Shot,25,5.25,1177041,Seth Pinkney,Petar Krivokapic,0,FIU,Howard,92,NA,Jordan Wood,Steve Settle III,Bryce Harris,Elijah Hawkins,Kobe Dickson,Petar Krivokapic,Denver Jones,Mohamed Sanogo,Nick Guadarrama,Arturo Dean
2022-23,2022-12-13,2501673,231,0,2,Howard,FIU,Bison,Panthers,4,4,38,31,7,1438,Howard,926,926,21,Marcus Dockery makes a 3-point jump shot from 24 feet out. Elijah Hawkins with the assist.,made,FALSE,TRUE,Jump Shot,2.8999999999999986,14.25,1232520,Marcus Dockery,Elijah Hawkins,0,Howard,FIU,93,NA,Jordan Wood,Steve Settle III,Bryce Harris,Elijah Hawkins,Kobe Dickson,Petar Krivokapic,Denver Jones,Mohamed Sanogo,Nick Guadarrama,Arturo Dean
2022-23,2022-12-13,2501673,232,0,2,Howard,FIU,Bison,Panthers,4,4,38,31,7,1409,FIU,916,916,10,John Williams Jr. misses a layup from 4 feet out.,missed,FALSE,FALSE,Layup Shot,26.6,9.25,1415396,John Williams Jr.,NA,0,FIU,FIU,94,NA,Jordan Wood,Steve Settle III,Bryce Harris,Elijah Hawkins,Kobe Dickson,Petar Krivokapic,Denver Jones,Mohamed Sanogo,Nick Guadarrama,Arturo Dean
2022-23,2022-12-13,2501673,233,0,2,Howard,FIU,Bison,Panthers,4,4,38,31,7,1438,Howard,916,916,0,Marcus Dockery with a defensive rebound.,NA,FALSE,FALSE,NA,NA,NA,NA,NA,NA,0,FIU,Howard,94,NA,Jordan Wood,Steve Settle III,Bryce Harris,Elijah Hawkins,Kobe Dickson,Petar Krivokapic,Denver Jones,Mohamed Sanogo,Nick Guadarrama,Arturo Dean
2022-23,2022-12-13,2501673,234,0,2,Howard,FIU,Bison,Panthers,4,4,40,31,9,1438,Howard,904,904,12,Elijah Hawkins makes a layup from 3 feet out.,made,FALSE,FALSE,Layup Shot,23.1,7.650000000000006,1324089,Elijah Hawkins,NA,0,Howard,FIU,95,NA,Jordan Wood,Steve Settle III,Bryce Harris,Elijah Hawkins,Kobe Dickson,Petar Krivokapic,Denver Jones,Mohamed Sanogo,Nick Guadarrama,Arturo Dean
2022-23,2022-12-13,2501673,235,0,2,Howard,FIU,Bison,Panthers,4,4,40,31,9,1409,FIU,892,892,12,Petar Krivokapic misses a 3-point jump shot from 25 feet out.,missed,FALSE,TRUE,Jump Shot,6.600000000000001,21.85,1240295,Petar Krivokapic,NA,0,FIU,FIU,96,NA,Jordan Wood,Steve Settle III,Bryce Harris,Elijah Hawkins,Kobe Dickson,Petar Krivokapic,Denver Jones,Mohamed Sanogo,Nick Guadarrama,Arturo Dean
2022-23,2022-12-13,2501673,236,0,2,Howard,FIU,Bison,Panthers,4,4,40,31,9,1438,Howard,892,892,0,Steve Settle III with a defensive rebound.,NA,FALSE,FALSE,NA,NA,NA,NA,NA,NA,0,FIU,Howard,96,NA,Jordan Wood,Steve Settle III,Bryce Harris,Elijah Hawkins,Kobe Dickson,Petar Krivokapic,Denver Jones,Mohamed Sanogo,Nick Guadarrama,Arturo Dean
2022-23,2022-12-13,2501673,237,0,2,Howard,FIU,Bison,Panthers,4,4,40,31,9,1438,Howard,881,881,11,Jordan Wood misses a layup from 4 feet out.,missed,FALSE,FALSE,Layup Shot,22.7,9.049999999999997,1252556,Jordan Wood,NA,0,Howard,Howard,97,NA,Jordan Wood,Steve Settle III,Bryce Harris,Elijah Hawkins,Kobe Dickson,Petar Krivokapic,Denver Jones,Mohamed Sanogo,Nick Guadarrama,Arturo Dean
2022-23,2022-12-13,2501673,238,0,2,Howard,FIU,Bison,Panthers,4,4,40,31,9,1438,Howard,881,881,0,Bryce Harris with an offensive rebound.,NA,FALSE,FALSE,NA,NA,NA,NA,NA,NA,0,Howard,Howard,97,NA,Jordan Wood,Steve Settle III,Bryce Harris,Elijah Hawkins,Kobe Dickson,Petar Krivokapic,Denver Jones,Mohamed Sanogo,Nick Guadarrama,Arturo Dean
2022-23,2022-12-13,2501673,239,0,2,Howard,FIU,Bison,Panthers,4,4,42,31,11,1438,Howard,872,872,9,Steve Settle III dunks. Elijah Hawkins with the assist.,made,FALSE,FALSE,Dunk Shot,25,5.25,1182378,Steve Settle III,Elijah Hawkins,0,Howard,FIU,97,NA,Jordan Wood,Steve Settle III,Bryce Harris,Elijah Hawkins,Kobe Dickson,Petar Krivokapic,Denver Jones,Mohamed Sanogo,Nick Guadarrama,Arturo Dean
2022-23,2022-12-13,2501673,240,0,2,Howard,FIU,Bison,Panthers,4,3,42,31,11,1409,FIU,864,864,8,Panthers take a 30-second timeout.,NA,FALSE,FALSE,NA,NA,NA,NA,NA,NA,0,NA,NA,NA,NA,Jordan Wood,Steve Settle III,Bryce Harris,Elijah Hawkins,Kobe Dickson,Petar Krivokapic,Denver Jones,Mohamed Sanogo,Nick Guadarrama,Arturo Dean
2022-23,2022-12-13,2501673,241,0,2,Howard,FIU,Bison,Panthers,4,3,42,31,11,NA,NA,864,864,0,Official TV timeout.,NA,FALSE,FALSE,NA,NA,NA,NA,NA,NA,0,NA,NA,NA,NA,Jordan Wood,Steve Settle III,Bryce Harris,Elijah Hawkins,Kobe Dickson,Petar Krivokapic,Denver Jones,Mohamed Sanogo,Nick Guadarrama,Arturo Dean
2022-23,2022-12-13,2501673,242,0,2,Howard,FIU,Bison,Panthers,4,3,42,31,11,1409,FIU,864,864,0,Substitution: Arturo Dean in for Denver Jones.,NA,FALSE,FALSE,NA,NA,NA,NA,NA,NA,1,NA,NA,NA,Sub already in game,Jordan Wood,Steve Settle III,Bryce Harris,Elijah Hawkins,Kobe Dickson,Petar Krivokapic,Denver Jones,Mohamed Sanogo,Nick Guadarrama,Arturo Dean
2022-23,2022-12-13,2501673,243,0,2,Howard,FIU,Bison,Panthers,4,3,42,31,11,1409,FIU,864,864,0,Substitution: Jaden Grant in for Javaunte Hawkins.,NA,FALSE,FALSE,NA,NA,NA,NA,NA,NA,1,NA,NA,NA,Player leaving not previously in game,Jordan Wood,Steve Settle III,Bryce Harris,Elijah Hawkins,Kobe Dickson,Petar Krivokapic,Denver Jones,Mohamed Sanogo,Nick Guadarrama,Arturo Dean
2022-23,2022-12-13,2501673,244,0,2,Howard,FIU,Bison,Panthers,4,3,42,31,11,1409,FIU,864,864,0,Substitution: Mohamed Sanogo in for Seth Pinkney.,NA,FALSE,FALSE,NA,NA,NA,NA,NA,NA,1,NA,NA,NA,Sub already in game,Jordan Wood,Steve Settle III,Bryce Harris,Elijah Hawkins,Kobe Dickson,Petar Krivokapic,Denver Jones,Mohamed Sanogo,Nick Guadarrama,Arturo Dean
2022-23,2022-12-13,2501673,245,0,2,Howard,FIU,Bison,Panthers,4,3,42,31,11,1409,FIU,843,843,21,John Williams Jr. misses a layup from 5 feet out.,missed,FALSE,FALSE,Layup Shot,27.5,10.05,1415396,John Williams Jr.,NA,0,FIU,FIU,98,NA,Jordan Wood,Steve Settle III,Bryce Harris,Elijah Hawkins,Kobe Dickson,Petar Krivokapic,Denver Jones,Mohamed Sanogo,Nick Guadarrama,Arturo Dean
2022-23,2022-12-13,2501673,246,0,2,Howard,FIU,Bison,Panthers,4,3,42,31,11,1438,Howard,843,843,0,Steve Settle III with a defensive rebound.,NA,FALSE,FALSE,NA,NA,NA,NA,NA,NA,0,FIU,Howard,98,NA,Jordan Wood,Steve Settle III,Bryce Harris,Elijah Hawkins,Kobe Dickson,Petar Krivokapic,Denver Jones,Mohamed Sanogo,Nick Guadarrama,Arturo Dean
2022-23,2022-12-13,2501673,247,0,2,Howard,FIU,Bison,Panthers,4,3,42,31,11,1438,Howard,831,831,12,Jordan Wood misses a layup from 4 feet out.,missed,FALSE,FALSE,Layup Shot,25.5,8.950000000000003,1252556,Jordan Wood,NA,0,Howard,Howard,99,NA,Jordan Wood,Steve Settle III,Bryce Harris,Elijah Hawkins,Kobe Dickson,Petar Krivokapic,Denver Jones,Mohamed Sanogo,Nick Guadarrama,Arturo Dean
2022-23,2022-12-13,2501673,248,0,2,Howard,FIU,Bison,Panthers,4,3,42,31,11,1409,FIU,831,831,0,Jaden Grant with a defensive rebound.,NA,FALSE,FALSE,NA,NA,NA,NA,NA,NA,0,Howard,FIU,99,NA,Jordan Wood,Steve Settle III,Bryce Harris,Elijah Hawkins,Kobe Dickson,Petar Krivokapic,Denver Jones,Mohamed Sanogo,Nick Guadarrama,Arturo Dean
2022-23,2022-12-13,2501673,249,0,2,Howard,FIU,Bison,Panthers,4,3,42,33,9,1409,FIU,805,805,26,Petar Krivokapic makes a layup from 3 feet out.,made,FALSE,FALSE,Layup Shot,24.2,8.55,1240295,Petar Krivokapic,NA,0,FIU,Howard,100,NA,Jordan Wood,Steve Settle III,Bryce Harris,Elijah Hawkins,Kobe Dickson,Petar Krivokapic,Denver Jones,Mohamed Sanogo,Nick Guadarrama,Arturo Dean
2022-23,2022-12-13,2501673,250,0,2,Howard,FIU,Bison,Panthers,4,3,42,33,9,1438,Howard,787,787,18,Elijah Hawkins with a turnover - Lost Ball,NA,FALSE,FALSE,NA,NA,NA,NA,NA,NA,0,Howard,FIU,101,NA,Jordan Wood,Steve Settle III,Bryce Harris,Elijah Hawkins,Kobe Dickson,Petar Krivokapic,Denver Jones,Mohamed Sanogo,Nick Guadarrama,Arturo Dean
2022-23,2022-12-13,2501673,251,0,2,Howard,FIU,Bison,Panthers,4,3,42,33,9,NA,NA,787,787,0,Official TV timeout.,NA,FALSE,FALSE,NA,NA,NA,NA,NA,NA,0,NA,NA,NA,NA,Jordan Wood,Steve Settle III,Bryce Harris,Elijah Hawkins,Kobe Dickson,Petar Krivokapic,Denver Jones,Mohamed Sanogo,Nick Guadarrama,Arturo Dean
2022-23,2022-12-13,2501673,252,0,2,Howard,FIU,Bison,Panthers,4,3,42,33,9,1438,Howard,787,787,0,Substitution: Jelani Williams in for Marcus Dockery.,NA,FALSE,FALSE,NA,NA,NA,NA,NA,NA,1,NA,NA,NA,Player leaving not previously in game,Jordan Wood,Steve Settle III,Bryce Harris,Elijah Hawkins,Kobe Dickson,Petar Krivokapic,Denver Jones,Mohamed Sanogo,Nick Guadarrama,Arturo Dean
2022-23,2022-12-13,2501673,253,0,2,Howard,FIU,Bison,Panthers,4,3,42,33,9,1409,FIU,787,787,0,Substitution: Jayden Brewer in for John Williams Jr..,NA,FALSE,FALSE,NA,NA,NA,NA,NA,NA,1,NA,NA,NA,Player leaving not previously in game,Jordan Wood,Steve Settle III,Bryce Harris,Elijah Hawkins,Kobe Dickson,Petar Krivokapic,Denver Jones,Mohamed Sanogo,Nick Guadarrama,Arturo Dean
2022-23,2022-12-13,2501673,254,0,2,Howard,FIU,Bison,Panthers,4,3,42,33,9,1409,FIU,774,774,13,Arturo Dean misses a layup from 4 feet out.,missed,FALSE,FALSE,Layup Shot,22.5,7.75,1413183,Arturo Dean,NA,0,FIU,FIU,102,NA,Jordan Wood,Steve Settle III,Bryce Harris,Elijah Hawkins,Kobe Dickson,Petar Krivokapic,Denver Jones,Mohamed Sanogo,Nick Guadarrama,Arturo Dean
2022-23,2022-12-13,2501673,255,0,2,Howard,FIU,Bison,Panthers,4,3,42,33,9,1409,FIU,774,774,0,Mohamed Sanogo with an offensive rebound.,NA,FALSE,FALSE,NA,NA,NA,NA,NA,NA,0,FIU,FIU,102,NA,Jordan Wood,Steve Settle III,Bryce Harris,Elijah Hawkins,Kobe Dickson,Petar Krivokapic,Denver Jones,Mohamed Sanogo,Nick Guadarrama,Arturo Dean
2022-23,2022-12-13,2501673,256,0,2,Howard,FIU,Bison,Panthers,4,3,42,35,7,1409,FIU,764,764,10,Mohamed Sanogo makes a layup from 4 feet out.,made,FALSE,FALSE,Layup Shot,25.5,8.95,1323851,Mohamed Sanogo,NA,0,FIU,Howard,102,NA,Jordan Wood,Steve Settle III,Bryce Harris,Elijah Hawkins,Kobe Dickson,Petar Krivokapic,Denver Jones,Mohamed Sanogo,Nick Guadarrama,Arturo Dean
2022-23,2022-12-13,2501673,257,0,2,Howard,FIU,Bison,Panthers,4,3,45,35,10,1438,Howard,750,750,14,Steve Settle III makes a 3-point jump shot from 23 feet out. Jordan Wood with the assist.,made,FALSE,TRUE,Jump Shot,9,21.650000000000006,1182378,Steve Settle III,Jordan Wood,0,Howard,FIU,103,NA,Jordan Wood,Steve Settle III,Bryce Harris,Elijah Hawkins,Kobe Dickson,Petar Krivokapic,Denver Jones,Mohamed Sanogo,Nick Guadarrama,Arturo Dean
2022-23,2022-12-13,2501673,258,0,2,Howard,FIU,Bison,Panthers,4,3,45,35,10,1409,FIU,725,725,25,Petar Krivokapic misses a 3-point jump shot from 24 feet out.,missed,FALSE,TRUE,Jump Shot,40.6,23.55,1240295,Petar Krivokapic,NA,0,FIU,FIU,104,NA,Jordan Wood,Steve Settle III,Bryce Harris,Elijah Hawkins,Kobe Dickson,Petar Krivokapic,Denver Jones,Mohamed Sanogo,Nick Guadarrama,Arturo Dean
2022-23,2022-12-13,2501673,259,0,2,Howard,FIU,Bison,Panthers,4,3,45,35,10,1409,FIU,725,725,0,Arturo Dean with an offensive rebound.,NA,FALSE,FALSE,NA,NA,NA,NA,NA,NA,0,FIU,FIU,104,NA,Jordan Wood,Steve Settle III,Bryce Harris,Elijah Hawkins,Kobe Dickson,Petar Krivokapic,Denver Jones,Mohamed Sanogo,Nick Guadarrama,Arturo Dean
2022-23,2022-12-13,2501673,260,0,2,Howard,FIU,Bison,Panthers,4,3,45,35,10,1409,FIU,713,713,12,Mohamed Sanogo misses a layup from 3 feet out.,missed,FALSE,FALSE,Layup Shot,23.8,7.65,1323851,Mohamed Sanogo,NA,0,FIU,FIU,104,NA,Jordan Wood,Steve Settle III,Bryce Harris,Elijah Hawkins,Kobe Dickson,Petar Krivokapic,Denver Jones,Mohamed Sanogo,Nick Guadarrama,Arturo Dean
2022-23,2022-12-13,2501673,261,0,2,Howard,FIU,Bison,Panthers,4,3,45,35,10,1409,FIU,713,713,0,Jayden Brewer with an offensive rebound.,NA,FALSE,FALSE,NA,NA,NA,NA,NA,NA,0,FIU,FIU,104,NA,Jordan Wood,Steve Settle III,Bryce Harris,Elijah Hawkins,Kobe Dickson,Petar Krivokapic,Denver Jones,Mohamed Sanogo,Nick Guadarrama,Arturo Dean
2022-23,2022-12-13,2501673,262,0,2,Howard,FIU,Bison,Panthers,4,3,45,35,10,NA,NA,708,708,5,Official TV timeout.,NA,FALSE,FALSE,NA,NA,NA,NA,NA,NA,0,NA,NA,NA,NA,Jordan Wood,Steve Settle III,Bryce Harris,Elijah Hawkins,Kobe Dickson,Petar Krivokapic,Denver Jones,Mohamed Sanogo,Nick Guadarrama,Arturo Dean
2022-23,2022-12-13,2501673,263,0,2,Howard,FIU,Bison,Panthers,4,3,45,35,10,1438,Howard,708,708,0,Substitution: Shy Odom in for Bryce Harris.,NA,FALSE,FALSE,NA,NA,NA,NA,NA,NA,1,NA,NA,NA,NA,Jordan Wood,Steve Settle III,Shy Odom,Elijah Hawkins,Kobe Dickson,Petar Krivokapic,Denver Jones,Mohamed Sanogo,Nick Guadarrama,Arturo Dean
2022-23,2022-12-13,2501673,264,0,2,Howard,FIU,Bison,Panthers,4,3,45,35,10,1409,FIU,708,708,0,Substitution: Denver Jones in for Jayden Brewer.,NA,FALSE,FALSE,NA,NA,NA,NA,NA,NA,1,NA,NA,NA,Sub already in game,Jordan Wood,Steve Settle III,Shy Odom,Elijah Hawkins,Kobe Dickson,Petar Krivokapic,Denver Jones,Mohamed Sanogo,Nick Guadarrama,Arturo Dean
2022-23,2022-12-13,2501673,265,0,2,Howard,FIU,Bison,Panthers,4,3,45,35,10,1409,FIU,697,697,11,Arturo Dean misses a 3-point jump shot from 23 feet out.,missed,FALSE,TRUE,Jump Shot,5.600000000000001,18.55,1413183,Arturo Dean,NA,0,FIU,FIU,104,NA,Jordan Wood,Steve Settle III,Shy Odom,Elijah Hawkins,Kobe Dickson,Petar Krivokapic,Denver Jones,Mohamed Sanogo,Nick Guadarrama,Arturo Dean
2022-23,2022-12-13,2501673,266,0,2,Howard,FIU,Bison,Panthers,4,3,45,35,10,1438,Howard,697,697,0,Jordan Wood with a defensive rebound.,NA,FALSE,FALSE,NA,NA,NA,NA,NA,NA,0,FIU,Howard,104,NA,Jordan Wood,Steve Settle III,Shy Odom,Elijah Hawkins,Kobe Dickson,Petar Krivokapic,Denver Jones,Mohamed Sanogo,Nick Guadarrama,Arturo Dean
2022-23,2022-12-13,2501673,267,0,2,Howard,FIU,Bison,Panthers,4,3,45,35,10,1438,Howard,680,680,17,Denver Jones steals the ball from Steve Settle III.,NA,FALSE,FALSE,NA,NA,NA,NA,NA,NA,0,Howard,FIU,105,NA,Jordan Wood,Steve Settle III,Shy Odom,Elijah Hawkins,Kobe Dickson,Petar Krivokapic,Denver Jones,Mohamed Sanogo,Nick Guadarrama,Arturo Dean
2022-23,2022-12-13,2501673,268,0,2,Howard,FIU,Bison,Panthers,4,3,45,35,10,1409,FIU,676,676,4,Denver Jones misses a layup from 4 feet out.,missed,FALSE,FALSE,Layup Shot,26.9,8.55,1323840,Denver Jones,NA,0,FIU,FIU,106,NA,Jordan Wood,Steve Settle III,Shy Odom,Elijah Hawkins,Kobe Dickson,Petar Krivokapic,Denver Jones,Mohamed Sanogo,Nick Guadarrama,Arturo Dean
2022-23,2022-12-13,2501673,270,0,2,Howard,FIU,Bison,Panthers,4,3,45,35,10,1438,Howard,666,666,10,Shooting foul committed by Shy Odom.,NA,FALSE,FALSE,NA,NA,NA,NA,NA,NA,0,FIU,FIU,106,NA,Jordan Wood,Steve Settle III,Shy Odom,Elijah Hawkins,Kobe Dickson,Petar Krivokapic,Denver Jones,Mohamed Sanogo,Nick Guadarrama,Arturo Dean
2022-23,2022-12-13,2501673,271,0,2,Howard,FIU,Bison,Panthers,4,3,45,35,10,1409,FIU,666,666,0,Jaden Grant misses free throw 1 of 2.,missed,TRUE,FALSE,NA,NA,NA,NA,NA,NA,0,FIU,FIU,106,NA,Jordan Wood,Steve Settle III,Shy Odom,Elijah Hawkins,Kobe Dickson,Petar Krivokapic,Denver Jones,Mohamed Sanogo,Nick Guadarrama,Arturo Dean
2022-23,2022-12-13,2501673,273,0,2,Howard,FIU,Bison,Panthers,4,3,45,35,10,1438,Howard,666,666,0,Substitution: Kobe Dickson in for Jordan Wood.,NA,FALSE,FALSE,NA,NA,NA,NA,NA,NA,1,NA,NA,NA,Sub already in game,Jordan Wood,Steve Settle III,Shy Odom,Elijah Hawkins,Kobe Dickson,Petar Krivokapic,Denver Jones,Mohamed Sanogo,Nick Guadarrama,Arturo Dean
2022-23,2022-12-13,2501673,274,0,2,Howard,FIU,Bison,Panthers,4,3,45,36,9,1409,FIU,666,666,0,Jaden Grant makes free throw 2 of 2.,made,TRUE,FALSE,NA,NA,NA,NA,NA,NA,0,FIU,Howard,106,NA,Jordan Wood,Steve Settle III,Shy Odom,Elijah Hawkins,Kobe Dickson,Petar Krivokapic,Denver Jones,Mohamed Sanogo,Nick Guadarrama,Arturo Dean
2022-23,2022-12-13,2501673,275,0,2,Howard,FIU,Bison,Panthers,3,3,45,36,9,1438,Howard,660,660,6,Bison take a 30-second timeout.,NA,FALSE,FALSE,NA,NA,NA,NA,NA,NA,0,NA,NA,NA,NA,Jordan Wood,Steve Settle III,Shy Odom,Elijah Hawkins,Kobe Dickson,Petar Krivokapic,Denver Jones,Mohamed Sanogo,Nick Guadarrama,Arturo Dean
2022-23,2022-12-13,2501673,276,0,2,Howard,FIU,Bison,Panthers,3,3,45,36,9,1438,Howard,634,634,26,Steve Settle III misses a 3-point jump shot from 25 feet out.,missed,FALSE,TRUE,Jump Shot,14.700000000000003,28.150000000000006,1182378,Steve Settle III,NA,0,Howard,Howard,107,NA,Jordan Wood,Steve Settle III,Shy Odom,Elijah Hawkins,Kobe Dickson,Petar Krivokapic,Denver Jones,Mohamed Sanogo,Nick Guadarrama,Arturo Dean
2022-23,2022-12-13,2501673,277,0,2,Howard,FIU,Bison,Panthers,3,3,45,36,9,1409,FIU,634,634,0,Arturo Dean with a defensive rebound.,NA,FALSE,FALSE,NA,NA,NA,NA,NA,NA,0,Howard,FIU,107,NA,Jordan Wood,Steve Settle III,Shy Odom,Elijah Hawkins,Kobe Dickson,Petar Krivokapic,Denver Jones,Mohamed Sanogo,Nick Guadarrama,Arturo Dean
2022-23,2022-12-13,2501673,278,0,2,Howard,FIU,Bison,Panthers,3,3,45,38,7,1409,FIU,623,623,11,Denver Jones makes a layup from 4 feet out.,made,FALSE,FALSE,Layup Shot,23.1,8.75,1323840,Denver Jones,NA,0,FIU,Howard,108,NA,Jordan Wood,Steve Settle III,Shy Odom,Elijah Hawkins,Kobe Dickson,Petar Krivokapic,Denver Jones,Mohamed Sanogo,Nick Guadarrama,Arturo Dean
2022-23,2022-12-13,2501673,279,0,2,Howard,FIU,Bison,Panthers,3,3,45,38,7,1438,Howard,595,595,28,Steve Settle III misses a layup from 4 feet out.,missed,FALSE,FALSE,Layup Shot,24.9,9.450000000000003,1182378,Steve Settle III,NA,0,Howard,Howard,109,NA,Jordan Wood,Steve Settle III,Shy Odom,Elijah Hawkins,Kobe Dickson,Petar Krivokapic,Denver Jones,Mohamed Sanogo,Nick Guadarrama,Arturo Dean
2022-23,2022-12-13,2501673,280,0,2,Howard,FIU,Bison,Panthers,3,3,45,38,7,1409,FIU,595,595,0,Mohamed Sanogo with a defensive rebound.,NA,FALSE,FALSE,NA,NA,NA,NA,NA,NA,0,Howard,FIU,109,NA,Jordan Wood,Steve Settle III,Shy Odom,Elijah Hawkins,Kobe Dickson,Petar Krivokapic,Denver Jones,Mohamed Sanogo,Nick Guadarrama,Arturo Dean
2022-23,2022-12-13,2501673,281,0,2,Howard,FIU,Bison,Panthers,3,3,45,38,7,1409,FIU,589,589,6,Jelani Williams steals the ball from Mohamed Sanogo.,NA,FALSE,FALSE,NA,NA,NA,NA,NA,NA,0,FIU,Howard,110,NA,Jordan Wood,Steve Settle III,Shy Odom,Elijah Hawkins,Kobe Dickson,Petar Krivokapic,Denver Jones,Mohamed Sanogo,Nick Guadarrama,Arturo Dean
2022-23,2022-12-13,2501673,282,0,2,Howard,FIU,Bison,Panthers,3,3,47,38,9,1438,Howard,584,584,5,Shy Odom makes a layup from 4 feet out. Jelani Williams with the assist.,made,FALSE,FALSE,Layup Shot,25.6,8.950000000000003,1420152,Shy Odom,Jelani Williams,0,Howard,FIU,111,NA,Jordan Wood,Steve Settle III,Shy Odom,Elijah Hawkins,Kobe Dickson,Petar Krivokapic,Denver Jones,Mohamed Sanogo,Nick Guadarrama,Arturo Dean
2022-23,2022-12-13,2501673,283,0,2,Howard,FIU,Bison,Panthers,3,3,47,38,9,1438,Howard,567,567,17,Shooting foul committed by Kobe Dickson.,NA,FALSE,FALSE,NA,NA,NA,NA,NA,NA,0,FIU,FIU,112,NA,Jordan Wood,Steve Settle III,Shy Odom,Elijah Hawkins,Kobe Dickson,Petar Krivokapic,Denver Jones,Mohamed Sanogo,Nick Guadarrama,Arturo Dean
2022-23,2022-12-13,2501673,284,0,2,Howard,FIU,Bison,Panthers,3,3,47,38,9,1409,FIU,567,567,0,Petar Krivokapic misses free throw 1 of 3.,missed,TRUE,FALSE,NA,NA,NA,NA,NA,NA,0,FIU,FIU,112,NA,Jordan Wood,Steve Settle III,Shy Odom,Elijah Hawkins,Kobe Dickson,Petar Krivokapic,Denver Jones,Mohamed Sanogo,Nick Guadarrama,Arturo Dean
2022-23,2022-12-13,2501673,286,0,2,Howard,FIU,Bison,Panthers,3,3,47,39,8,1409,FIU,567,567,0,Petar Krivokapic makes free throw 2 of 3.,made,TRUE,FALSE,NA,NA,NA,NA,NA,NA,0,FIU,FIU,112,NA,Jordan Wood,Steve Settle III,Shy Odom,Elijah Hawkins,Kobe Dickson,Petar Krivokapic,Denver Jones,Mohamed Sanogo,Nick Guadarrama,Arturo Dean
2022-23,2022-12-13,2501673,287,0,2,Howard,FIU,Bison,Panthers,3,3,47,39,8,1438,Howard,567,567,0,Substitution: Marcus Dockery in for Steve Settle III.,NA,FALSE,FALSE,NA,NA,NA,NA,NA,NA,1,NA,NA,NA,NA,Jordan Wood,Marcus Dockery,Shy Odom,Elijah Hawkins,Kobe Dickson,Petar Krivokapic,Denver Jones,Mohamed Sanogo,Nick Guadarrama,Arturo Dean
2022-23,2022-12-13,2501673,288,0,2,Howard,FIU,Bison,Panthers,3,3,47,39,8,1438,Howard,567,567,0,Substitution: Jordan Wood in for Jelani Williams.,NA,FALSE,FALSE,NA,NA,NA,NA,NA,NA,1,NA,NA,NA,Sub already in game,Jordan Wood,Marcus Dockery,Shy Odom,Elijah Hawkins,Kobe Dickson,Petar Krivokapic,Denver Jones,Mohamed Sanogo,Nick Guadarrama,Arturo Dean
2022-23,2022-12-13,2501673,289,0,2,Howard,FIU,Bison,Panthers,3,3,47,39,8,1409,FIU,567,567,0,Substitution: Seth Pinkney in for Mohamed Sanogo.,NA,FALSE,FALSE,NA,NA,NA,NA,NA,NA,1,NA,NA,NA,NA,Jordan Wood,Marcus Dockery,Shy Odom,Elijah Hawkins,Kobe Dickson,Petar Krivokapic,Denver Jones,Seth Pinkney,Nick Guadarrama,Arturo Dean
2022-23,2022-12-13,2501673,290,0,2,Howard,FIU,Bison,Panthers,3,3,47,40,7,1409,FIU,567,567,0,Petar Krivokapic makes free throw 3 of 3.,made,TRUE,FALSE,NA,NA,NA,NA,NA,NA,0,FIU,Howard,112,NA,Jordan Wood,Marcus Dockery,Shy Odom,Elijah Hawkins,Kobe Dickson,Petar Krivokapic,Denver Jones,Seth Pinkney,Nick Guadarrama,Arturo Dean
2022-23,2022-12-13,2501673,291,0,2,Howard,FIU,Bison,Panthers,3,3,47,40,7,1438,Howard,563,563,4,Arturo Dean steals the ball from Marcus Dockery.,NA,FALSE,FALSE,NA,NA,NA,NA,NA,NA,0,Howard,FIU,113,NA,Jordan Wood,Marcus Dockery,Shy Odom,Elijah Hawkins,Kobe Dickson,Petar Krivokapic,Denver Jones,Seth Pinkney,Nick Guadarrama,Arturo Dean
2022-23,2022-12-13,2501673,292,0,2,Howard,FIU,Bison,Panthers,3,3,47,42,5,1409,FIU,558,558,5,Arturo Dean makes a layup from 5 feet out.,made,FALSE,FALSE,Layup Shot,27.5,9.05,1413183,Arturo Dean,NA,0,FIU,Howard,114,NA,Jordan Wood,Marcus Dockery,Shy Odom,Elijah Hawkins,Kobe Dickson,Petar Krivokapic,Denver Jones,Seth Pinkney,Nick Guadarrama,Arturo Dean
2022-23,2022-12-13,2501673,293,0,2,Howard,FIU,Bison,Panthers,3,3,47,42,5,1409,FIU,546,546,12,Shooting foul committed by Jaden Grant.,NA,FALSE,FALSE,NA,NA,NA,NA,NA,NA,0,Howard,Howard,115,NA,Jordan Wood,Marcus Dockery,Shy Odom,Elijah Hawkins,Kobe Dickson,Petar Krivokapic,Denver Jones,Seth Pinkney,Nick Guadarrama,Arturo Dean
2022-23,2022-12-13,2501673,294,0,2,Howard,FIU,Bison,Panthers,3,3,48,42,6,1438,Howard,546,546,0,Marcus Dockery makes free throw 1 of 2.,made,TRUE,FALSE,NA,NA,NA,NA,NA,NA,0,Howard,Howard,115,NA,Jordan Wood,Marcus Dockery,Shy Odom,Elijah Hawkins,Kobe Dickson,Petar Krivokapic,Denver Jones,Seth Pinkney,Nick Guadarrama,Arturo Dean
2022-23,2022-12-13,2501673,295,0,2,Howard,FIU,Bison,Panthers,3,3,48,42,6,1438,Howard,546,546,0,Substitution: Khalil Robinson in for Elijah Hawkins.,NA,FALSE,FALSE,NA,NA,NA,NA,NA,NA,1,NA,NA,NA,NA,Jordan Wood,Marcus Dockery,Shy Odom,Khalil Robinson,Kobe Dickson,Petar Krivokapic,Denver Jones,Seth Pinkney,Nick Guadarrama,Arturo Dean
2022-23,2022-12-13,2501673,296,0,2,Howard,FIU,Bison,Panthers,3,3,48,42,6,1409,FIU,546,546,0,Substitution: Dashon Gittens in for Petar Krivokapic.,NA,FALSE,FALSE,NA,NA,NA,NA,NA,NA,1,NA,NA,NA,NA,Jordan Wood,Marcus Dockery,Shy Odom,Khalil Robinson,Kobe Dickson,Dashon Gittens,Denver Jones,Seth Pinkney,Nick Guadarrama,Arturo Dean
2022-23,2022-12-13,2501673,297,0,2,Howard,FIU,Bison,Panthers,3,3,48,42,6,1438,Howard,546,546,0,Marcus Dockery misses free throw 2 of 2.,missed,TRUE,FALSE,NA,NA,NA,NA,NA,NA,0,Howard,Howard,115,NA,Jordan Wood,Marcus Dockery,Shy Odom,Khalil Robinson,Kobe Dickson,Dashon Gittens,Denver Jones,Seth Pinkney,Nick Guadarrama,Arturo Dean
2022-23,2022-12-13,2501673,298,0,2,Howard,FIU,Bison,Panthers,3,3,48,42,6,1409,FIU,546,546,0,Arturo Dean with a defensive rebound.,NA,FALSE,FALSE,NA,NA,NA,NA,NA,NA,0,Howard,FIU,115,NA,Jordan Wood,Marcus Dockery,Shy Odom,Khalil Robinson,Kobe Dickson,Dashon Gittens,Denver Jones,Seth Pinkney,Nick Guadarrama,Arturo Dean
2022-23,2022-12-13,2501673,299,0,2,Howard,FIU,Bison,Panthers,3,3,48,42,6,1409,FIU,539,539,7,Dashon Gittens misses a jump shot from 7 feet out.,missed,FALSE,FALSE,Jump Shot,24,11.65,1413182,Dashon Gittens,NA,0,FIU,FIU,116,NA,Jordan Wood,Marcus Dockery,Shy Odom,Khalil Robinson,Kobe Dickson,Dashon Gittens,Denver Jones,Seth Pinkney,Nick Guadarrama,Arturo Dean
2022-23,2022-12-13,2501673,300,0,2,Howard,FIU,Bison,Panthers,3,3,48,42,6,1438,Howard,539,539,0,Marcus Dockery with a defensive rebound.,NA,FALSE,FALSE,NA,NA,NA,NA,NA,NA,0,FIU,Howard,116,NA,Jordan Wood,Marcus Dockery,Shy Odom,Khalil Robinson,Kobe Dickson,Dashon Gittens,Denver Jones,Seth Pinkney,Nick Guadarrama,Arturo Dean
2022-23,2022-12-13,2501673,301,0,2,Howard,FIU,Bison,Panthers,3,3,48,42,6,1438,Howard,514,514,25,Marcus Dockery misses a 3-point jump shot from 24 feet out.,missed,FALSE,TRUE,Jump Shot,41,23.150000000000006,1232520,Marcus Dockery,NA,0,Howard,Howard,117,NA,Jordan Wood,Marcus Dockery,Shy Odom,Khalil Robinson,Kobe Dickson,Dashon Gittens,Denver Jones,Seth Pinkney,Nick Guadarrama,Arturo Dean
2022-23,2022-12-13,2501673,302,0,2,Howard,FIU,Bison,Panthers,3,3,48,42,6,1438,Howard,514,514,0,Shy Odom with an offensive rebound.,NA,FALSE,FALSE,NA,NA,NA,NA,NA,NA,0,Howard,Howard,117,NA,Jordan Wood,Marcus Dockery,Shy Odom,Khalil Robinson,Kobe Dickson,Dashon Gittens,Denver Jones,Seth Pinkney,Nick Guadarrama,Arturo Dean
2022-23,2022-12-13,2501673,303,0,2,Howard,FIU,Bison,Panthers,3,3,50,42,8,1438,Howard,509,509,5,Shy Odom makes a layup from 3 feet out.,made,FALSE,FALSE,Layup Shot,24.7,7.950000000000003,1420152,Shy Odom,NA,0,Howard,FIU,117,NA,Jordan Wood,Marcus Dockery,Shy Odom,Khalil Robinson,Kobe Dickson,Dashon Gittens,Denver Jones,Seth Pinkney,Nick Guadarrama,Arturo Dean
2022-23,2022-12-13,2501673,304,0,2,Howard,FIU,Bison,Panthers,3,3,50,42,8,1409,FIU,496,496,13,Dashon Gittens misses a jump shot from 14 feet out.,missed,FALSE,FALSE,Jump Shot,13.2,12.45,1413182,Dashon Gittens,NA,0,FIU,FIU,118,NA,Jordan Wood,Marcus Dockery,Shy Odom,Khalil Robinson,Kobe Dickson,Dashon Gittens,Denver Jones,Seth Pinkney,Nick Guadarrama,Arturo Dean
2022-23,2022-12-13,2501673,305,0,2,Howard,FIU,Bison,Panthers,3,3,50,42,8,1438,Howard,496,496,0,Marcus Dockery with a defensive rebound.,NA,FALSE,FALSE,NA,NA,NA,NA,NA,NA,0,FIU,Howard,118,NA,Jordan Wood,Marcus Dockery,Shy Odom,Khalil Robinson,Kobe Dickson,Dashon Gittens,Denver Jones,Seth Pinkney,Nick Guadarrama,Arturo Dean
2022-23,2022-12-13,2501673,306,0,2,Howard,FIU,Bison,Panthers,3,3,53,42,11,1438,Howard,475,475,21,Jordan Wood makes a 3-point jump shot from 24 feet out. Shy Odom with the assist.,made,FALSE,TRUE,Jump Shot,48.2,8.75,1252556,Jordan Wood,Shy Odom,0,Howard,FIU,119,NA,Jordan Wood,Marcus Dockery,Shy Odom,Khalil Robinson,Kobe Dickson,Dashon Gittens,Denver Jones,Seth Pinkney,Nick Guadarrama,Arturo Dean
2022-23,2022-12-13,2501673,307,0,2,Howard,FIU,Bison,Panthers,3,3,53,42,11,1409,FIU,463,463,12,Jaden Grant misses a 3-point jump shot from 24 feet out.,missed,FALSE,TRUE,Jump Shot,37.9,25.55,1270029,Jaden Grant,NA,0,FIU,FIU,120,NA,Jordan Wood,Marcus Dockery,Shy Odom,Khalil Robinson,Kobe Dickson,Dashon Gittens,Denver Jones,Seth Pinkney,Nick Guadarrama,Arturo Dean
2022-23,2022-12-13,2501673,308,0,2,Howard,FIU,Bison,Panthers,3,3,53,42,11,1438,Howard,463,463,0,Kobe Dickson with a defensive rebound.,NA,FALSE,FALSE,NA,NA,NA,NA,NA,NA,0,FIU,Howard,120,NA,Jordan Wood,Marcus Dockery,Shy Odom,Khalil Robinson,Kobe Dickson,Dashon Gittens,Denver Jones,Seth Pinkney,Nick Guadarrama,Arturo Dean
2022-23,2022-12-13,2501673,309,0,2,Howard,FIU,Bison,Panthers,3,3,53,42,11,1409,FIU,448,448,15,Personal foul committed by Seth Pinkney.,NA,FALSE,FALSE,NA,NA,NA,NA,NA,NA,0,Howard,Howard,121,NA,Jordan Wood,Marcus Dockery,Shy Odom,Khalil Robinson,Kobe Dickson,Dashon Gittens,Denver Jones,Seth Pinkney,Nick Guadarrama,Arturo Dean
2022-23,2022-12-13,2501673,310,0,2,Howard,FIU,Bison,Panthers,3,3,53,42,11,NA,NA,448,448,0,Official TV timeout.,NA,FALSE,FALSE,NA,NA,NA,NA,NA,NA,0,NA,NA,NA,NA,Jordan Wood,Marcus Dockery,Shy Odom,Khalil Robinson,Kobe Dickson,Dashon Gittens,Denver Jones,Seth Pinkney,Nick Guadarrama,Arturo Dean
2022-23,2022-12-13,2501673,311,0,2,Howard,FIU,Bison,Panthers,3,3,53,42,11,1409,FIU,448,448,0,Substitution: Javaunte Hawkins in for Arturo Dean.,NA,FALSE,FALSE,NA,NA,NA,NA,NA,NA,1,NA,NA,NA,NA,Jordan Wood,Marcus Dockery,Shy Odom,Khalil Robinson,Kobe Dickson,Dashon Gittens,Denver Jones,Seth Pinkney,Nick Guadarrama,Javaunte Hawkins
2022-23,2022-12-13,2501673,312,0,2,Howard,FIU,Bison,Panthers,3,3,53,42,11,1409,FIU,448,448,0,Substitution: Petar Krivokapic in for Jaden Grant.,NA,FALSE,FALSE,NA,NA,NA,NA,NA,NA,1,NA,NA,NA,Player leaving not previously in game,Jordan Wood,Marcus Dockery,Shy Odom,Khalil Robinson,Kobe Dickson,Dashon Gittens,Denver Jones,Seth Pinkney,Nick Guadarrama,Javaunte Hawkins
2022-23,2022-12-13,2501673,313,0,2,Howard,FIU,Bison,Panthers,3,3,55,42,13,1438,Howard,447,447,1,Kobe Dickson makes a layup from 2 feet out.,made,FALSE,FALSE,Layup Shot,26,7.450000000000003,1136934,Kobe Dickson,NA,0,Howard,FIU,121,NA,Jordan Wood,Marcus Dockery,Shy Odom,Khalil Robinson,Kobe Dickson,Dashon Gittens,Denver Jones,Seth Pinkney,Nick Guadarrama,Javaunte Hawkins
2022-23,2022-12-13,2501673,314,0,2,Howard,FIU,Bison,Panthers,3,3,55,42,13,1409,FIU,428,428,19,Seth Pinkney with a turnover - Traveling,NA,FALSE,FALSE,NA,NA,NA,NA,NA,NA,0,FIU,Howard,122,NA,Jordan Wood,Marcus Dockery,Shy Odom,Khalil Robinson,Kobe Dickson,Dashon Gittens,Denver Jones,Seth Pinkney,Nick Guadarrama,Javaunte Hawkins
2022-23,2022-12-13,2501673,315,0,2,Howard,FIU,Bison,Panthers,3,3,55,42,13,1409,FIU,423,423,5,Shooting foul committed by Seth Pinkney.,NA,FALSE,FALSE,NA,NA,NA,NA,NA,NA,0,Howard,Howard,123,NA,Jordan Wood,Marcus Dockery,Shy Odom,Khalil Robinson,Kobe Dickson,Dashon Gittens,Denver Jones,Seth Pinkney,Nick Guadarrama,Javaunte Hawkins
2022-23,2022-12-13,2501673,316,0,2,Howard,FIU,Bison,Panthers,3,3,56,42,14,1438,Howard,423,423,0,Shy Odom makes free throw 1 of 2.,made,TRUE,FALSE,NA,NA,NA,NA,NA,NA,0,Howard,Howard,123,NA,Jordan Wood,Marcus Dockery,Shy Odom,Khalil Robinson,Kobe Dickson,Dashon Gittens,Denver Jones,Seth Pinkney,Nick Guadarrama,Javaunte Hawkins
2022-23,2022-12-13,2501673,317,0,2,Howard,FIU,Bison,Panthers,3,3,56,42,14,1438,Howard,423,423,0,Substitution: Elijah Hawkins in for Marcus Dockery.,NA,FALSE,FALSE,NA,NA,NA,NA,NA,NA,1,NA,NA,NA,NA,Jordan Wood,Elijah Hawkins,Shy Odom,Khalil Robinson,Kobe Dickson,Dashon Gittens,Denver Jones,Seth Pinkney,Nick Guadarrama,Javaunte Hawkins
2022-23,2022-12-13,2501673,318,0,2,Howard,FIU,Bison,Panthers,3,3,56,42,14,1409,FIU,423,423,0,Substitution: Mohamed Sanogo in for Seth Pinkney.,NA,FALSE,FALSE,NA,NA,NA,NA,NA,NA,1,NA,NA,NA,NA,Jordan Wood,Elijah Hawkins,Shy Odom,Khalil Robinson,Kobe Dickson,Dashon Gittens,Denver Jones,Mohamed Sanogo,Nick Guadarrama,Javaunte Hawkins
2022-23,2022-12-13,2501673,319,0,2,Howard,FIU,Bison,Panthers,3,3,57,42,15,1438,Howard,423,423,0,Shy Odom makes free throw 2 of 2.,made,TRUE,FALSE,NA,NA,NA,NA,NA,NA,0,Howard,FIU,123,NA,Jordan Wood,Elijah Hawkins,Shy Odom,Khalil Robinson,Kobe Dickson,Dashon Gittens,Denver Jones,Mohamed Sanogo,Nick Guadarrama,Javaunte Hawkins
2022-23,2022-12-13,2501673,320,0,2,Howard,FIU,Bison,Panthers,3,3,57,42,15,1409,FIU,402,402,21,Dashon Gittens misses a 3-point jump shot from 22 feet out.,missed,FALSE,TRUE,Jump Shot,2.6999999999999993,6.15,1413182,Dashon Gittens,NA,0,FIU,FIU,124,NA,Jordan Wood,Elijah Hawkins,Shy Odom,Khalil Robinson,Kobe Dickson,Dashon Gittens,Denver Jones,Mohamed Sanogo,Nick Guadarrama,Javaunte Hawkins
2022-23,2022-12-13,2501673,321,0,2,Howard,FIU,Bison,Panthers,3,3,57,42,15,1438,Howard,402,402,0,Elijah Hawkins with a defensive rebound.,NA,FALSE,FALSE,NA,NA,NA,NA,NA,NA,0,FIU,Howard,124,NA,Jordan Wood,Elijah Hawkins,Shy Odom,Khalil Robinson,Kobe Dickson,Dashon Gittens,Denver Jones,Mohamed Sanogo,Nick Guadarrama,Javaunte Hawkins
2022-23,2022-12-13,2501673,322,0,2,Howard,FIU,Bison,Panthers,3,3,59,42,17,1438,Howard,375,375,27,Shy Odom dunks. Elijah Hawkins with the assist.,made,FALSE,FALSE,Dunk Shot,25,5.25,1420152,Shy Odom,Elijah Hawkins,0,Howard,FIU,125,NA,Jordan Wood,Elijah Hawkins,Shy Odom,Khalil Robinson,Kobe Dickson,Dashon Gittens,Denver Jones,Mohamed Sanogo,Nick Guadarrama,Javaunte Hawkins
2022-23,2022-12-13,2501673,323,0,2,Howard,FIU,Bison,Panthers,3,3,59,45,14,1409,FIU,353,353,22,Petar Krivokapic makes a 3-point jump shot from 24 feet out. Mohamed Sanogo with the assist.,made,FALSE,TRUE,Jump Shot,3.8000000000000007,17.05,1240295,Petar Krivokapic,Mohamed Sanogo,0,FIU,Howard,126,NA,Jordan Wood,Elijah Hawkins,Shy Odom,Khalil Robinson,Kobe Dickson,Dashon Gittens,Denver Jones,Mohamed Sanogo,Nick Guadarrama,Javaunte Hawkins
2022-23,2022-12-13,2501673,324,0,2,Howard,FIU,Bison,Panthers,3,3,59,45,14,1409,FIU,346,346,7,Substitution: Arturo Dean in for Dashon Gittens.,NA,FALSE,FALSE,NA,NA,NA,NA,NA,NA,1,NA,NA,NA,NA,Jordan Wood,Elijah Hawkins,Shy Odom,Khalil Robinson,Kobe Dickson,Arturo Dean,Denver Jones,Mohamed Sanogo,Nick Guadarrama,Javaunte Hawkins
2022-23,2022-12-13,2501673,325,0,2,Howard,FIU,Bison,Panthers,3,3,61,45,16,1438,Howard,322,322,24,Shy Odom makes a layup from 2 feet out. Jordan Wood with the assist.,made,FALSE,FALSE,Layup Shot,24.9,7.450000000000003,1420152,Shy Odom,Jordan Wood,0,Howard,FIU,127,NA,Jordan Wood,Elijah Hawkins,Shy Odom,Khalil Robinson,Kobe Dickson,Arturo Dean,Denver Jones,Mohamed Sanogo,Nick Guadarrama,Javaunte Hawkins
2022-23,2022-12-13,2501673,326,0,2,Howard,FIU,Bison,Panthers,3,3,61,47,14,1409,FIU,310,310,12,Mohamed Sanogo dunks. Javaunte Hawkins with the assist.,made,FALSE,FALSE,Dunk Shot,25,5.25,1323851,Mohamed Sanogo,Javaunte Hawkins,0,FIU,Howard,128,NA,Jordan Wood,Elijah Hawkins,Shy Odom,Khalil Robinson,Kobe Dickson,Arturo Dean,Denver Jones,Mohamed Sanogo,Nick Guadarrama,Javaunte Hawkins
2022-23,2022-12-13,2501673,327,0,2,Howard,FIU,Bison,Panthers,3,3,61,47,14,1438,Howard,275,275,35,Javaunte Hawkins steals the ball from Kobe Dickson.,NA,FALSE,FALSE,NA,NA,NA,NA,NA,NA,0,Howard,FIU,129,NA,Jordan Wood,Elijah Hawkins,Shy Odom,Khalil Robinson,Kobe Dickson,Arturo Dean,Denver Jones,Mohamed Sanogo,Nick Guadarrama,Javaunte Hawkins
2022-23,2022-12-13,2501673,328,0,2,Howard,FIU,Bison,Panthers,3,3,61,49,12,1409,FIU,269,269,6,Denver Jones makes a layup from 7 feet out.,made,FALSE,FALSE,Layup Shot,25.3,12.45,1323840,Denver Jones,NA,0,FIU,Howard,130,NA,Jordan Wood,Elijah Hawkins,Shy Odom,Khalil Robinson,Kobe Dickson,Arturo Dean,Denver Jones,Mohamed Sanogo,Nick Guadarrama,Javaunte Hawkins
2022-23,2022-12-13,2501673,329,0,2,Howard,FIU,Bison,Panthers,3,3,61,49,12,1438,Howard,250,250,19,Arturo Dean steals the ball from Elijah Hawkins.,NA,FALSE,FALSE,NA,NA,NA,NA,NA,NA,0,Howard,FIU,131,NA,Jordan Wood,Elijah Hawkins,Shy Odom,Khalil Robinson,Kobe Dickson,Arturo Dean,Denver Jones,Mohamed Sanogo,Nick Guadarrama,Javaunte Hawkins
2022-23,2022-12-13,2501673,330,0,2,Howard,FIU,Bison,Panthers,3,3,61,49,12,1409,FIU,246,246,4,Khalil Robinson steals the ball from Arturo Dean.,NA,FALSE,FALSE,NA,NA,NA,NA,NA,NA,0,FIU,Howard,132,NA,Jordan Wood,Elijah Hawkins,Shy Odom,Khalil Robinson,Kobe Dickson,Arturo Dean,Denver Jones,Mohamed Sanogo,Nick Guadarrama,Javaunte Hawkins
2022-23,2022-12-13,2501673,331,0,2,Howard,FIU,Bison,Panthers,3,3,64,49,15,1438,Howard,242,242,4,Jordan Wood makes a 3-point jump shot from 25 feet out. Khalil Robinson with the assist.,made,FALSE,TRUE,Jump Shot,3.200000000000003,17.049999999999997,1252556,Jordan Wood,Khalil Robinson,0,Howard,FIU,133,NA,Jordan Wood,Elijah Hawkins,Shy Odom,Khalil Robinson,Kobe Dickson,Arturo Dean,Denver Jones,Mohamed Sanogo,Nick Guadarrama,Javaunte Hawkins
2022-23,2022-12-13,2501673,332,0,2,Howard,FIU,Bison,Panthers,3,2,64,49,15,1409,FIU,237,237,5,Panthers take a 30-second timeout.,NA,FALSE,FALSE,NA,NA,NA,NA,NA,NA,0,NA,NA,NA,NA,Jordan Wood,Elijah Hawkins,Shy Odom,Khalil Robinson,Kobe Dickson,Arturo Dean,Denver Jones,Mohamed Sanogo,Nick Guadarrama,Javaunte Hawkins
2022-23,2022-12-13,2501673,333,0,2,Howard,FIU,Bison,Panthers,3,2,64,49,15,NA,NA,237,237,0,Official TV timeout.,NA,FALSE,FALSE,NA,NA,NA,NA,NA,NA,0,NA,NA,NA,NA,Jordan Wood,Elijah Hawkins,Shy Odom,Khalil Robinson,Kobe Dickson,Arturo Dean,Denver Jones,Mohamed Sanogo,Nick Guadarrama,Javaunte Hawkins
2022-23,2022-12-13,2501673,334,0,2,Howard,FIU,Bison,Panthers,3,2,64,49,15,1438,Howard,237,237,0,Substitution: Steve Settle III in for Khalil Robinson.,NA,FALSE,FALSE,NA,NA,NA,NA,NA,NA,1,NA,NA,NA,NA,Jordan Wood,Elijah Hawkins,Shy Odom,Steve Settle III,Kobe Dickson,Arturo Dean,Denver Jones,Mohamed Sanogo,Nick Guadarrama,Javaunte Hawkins
2022-23,2022-12-13,2501673,335,0,2,Howard,FIU,Bison,Panthers,3,2,64,49,15,1438,Howard,237,237,0,Substitution: Jelani Williams in for Kobe Dickson.,NA,FALSE,FALSE,NA,NA,NA,NA,NA,NA,1,NA,NA,NA,NA,Jordan Wood,Elijah Hawkins,Shy Odom,Steve Settle III,Jelani Williams,Arturo Dean,Denver Jones,Mohamed Sanogo,Nick Guadarrama,Javaunte Hawkins
2022-23,2022-12-13,2501673,336,0,2,Howard,FIU,Bison,Panthers,3,2,64,49,15,1409,FIU,237,237,0,Substitution: Nick Guadarrama in for Mohamed Sanogo.,NA,FALSE,FALSE,NA,NA,NA,NA,NA,NA,1,NA,NA,NA,Sub already in game,Jordan Wood,Elijah Hawkins,Shy Odom,Steve Settle III,Jelani Williams,Arturo Dean,Denver Jones,Mohamed Sanogo,Nick Guadarrama,Javaunte Hawkins
2022-23,2022-12-13,2501673,337,0,2,Howard,FIU,Bison,Panthers,3,2,64,49,15,1409,FIU,218,218,19,Petar Krivokapic misses a 3-point jump shot from 26 feet out.,missed,FALSE,TRUE,Jump Shot,44.4,22.05,1240295,Petar Krivokapic,NA,0,FIU,FIU,134,NA,Jordan Wood,Elijah Hawkins,Shy Odom,Steve Settle III,Jelani Williams,Arturo Dean,Denver Jones,Mohamed Sanogo,Nick Guadarrama,Javaunte Hawkins
2022-23,2022-12-13,2501673,338,0,2,Howard,FIU,Bison,Panthers,3,2,64,49,15,1438,Howard,218,218,0,Shy Odom with a defensive rebound.,NA,FALSE,FALSE,NA,NA,NA,NA,NA,NA,0,FIU,Howard,134,NA,Jordan Wood,Elijah Hawkins,Shy Odom,Steve Settle III,Jelani Williams,Arturo Dean,Denver Jones,Mohamed Sanogo,Nick Guadarrama,Javaunte Hawkins
2022-23,2022-12-13,2501673,339,0,2,Howard,FIU,Bison,Panthers,3,2,64,49,15,1438,Howard,194,194,24,Jelani Williams misses a layup from 4 feet out.,missed,FALSE,FALSE,Layup Shot,27.5,8.349999999999994,1065766,Jelani Williams,NA,0,Howard,Howard,135,NA,Jordan Wood,Elijah Hawkins,Shy Odom,Steve Settle III,Jelani Williams,Arturo Dean,Denver Jones,Mohamed Sanogo,Nick Guadarrama,Javaunte Hawkins
2022-23,2022-12-13,2501673,340,0,2,Howard,FIU,Bison,Panthers,3,2,64,49,15,1409,FIU,194,194,0,Javaunte Hawkins with a defensive rebound.,NA,FALSE,FALSE,NA,NA,NA,NA,NA,NA,0,Howard,FIU,135,NA,Jordan Wood,Elijah Hawkins,Shy Odom,Steve Settle III,Jelani Williams,Arturo Dean,Denver Jones,Mohamed Sanogo,Nick Guadarrama,Javaunte Hawkins
2022-23,2022-12-13,2501673,341,0,2,Howard,FIU,Bison,Panthers,3,2,64,49,15,1409,FIU,180,180,14,Steve Settle III blocks a Arturo Dean layup from 3 feet out.,missed,FALSE,FALSE,Layup Shot,24,8.35,1413183,Arturo Dean,NA,0,FIU,FIU,136,NA,Jordan Wood,Elijah Hawkins,Shy Odom,Steve Settle III,Jelani Williams,Arturo Dean,Denver Jones,Mohamed Sanogo,Nick Guadarrama,Javaunte Hawkins
2022-23,2022-12-13,2501673,342,0,2,Howard,FIU,Bison,Panthers,3,2,64,49,15,1409,FIU,180,180,0,Petar Krivokapic with an offensive rebound.,NA,FALSE,FALSE,NA,NA,NA,NA,NA,NA,0,FIU,FIU,136,NA,Jordan Wood,Elijah Hawkins,Shy Odom,Steve Settle III,Jelani Williams,Arturo Dean,Denver Jones,Mohamed Sanogo,Nick Guadarrama,Javaunte Hawkins
2022-23,2022-12-13,2501673,343,0,2,Howard,FIU,Bison,Panthers,3,2,64,49,15,1409,FIU,180,180,0,Petar Krivokapic misses a layup from 4 feet out.,missed,FALSE,FALSE,Layup Shot,24,9.25,1240295,Petar Krivokapic,NA,0,FIU,FIU,136,NA,Jordan Wood,Elijah Hawkins,Shy Odom,Steve Settle III,Jelani Williams,Arturo Dean,Denver Jones,Mohamed Sanogo,Nick Guadarrama,Javaunte Hawkins
2022-23,2022-12-13,2501673,344,0,2,Howard,FIU,Bison,Panthers,3,2,64,49,15,1438,Howard,180,180,0,Elijah Hawkins with a defensive rebound.,NA,FALSE,FALSE,NA,NA,NA,NA,NA,NA,0,FIU,Howard,136,NA,Jordan Wood,Elijah Hawkins,Shy Odom,Steve Settle III,Jelani Williams,Arturo Dean,Denver Jones,Mohamed Sanogo,Nick Guadarrama,Javaunte Hawkins
2022-23,2022-12-13,2501673,345,0,2,Howard,FIU,Bison,Panthers,3,2,64,49,15,1438,Howard,176,176,4,Jelani Williams with a turnover - Bad Pass,NA,FALSE,FALSE,NA,NA,NA,NA,NA,NA,0,Howard,FIU,137,NA,Jordan Wood,Elijah Hawkins,Shy Odom,Steve Settle III,Jelani Williams,Arturo Dean,Denver Jones,Mohamed Sanogo,Nick Guadarrama,Javaunte Hawkins
2022-23,2022-12-13,2501673,346,0,2,Howard,FIU,Bison,Panthers,3,2,64,51,13,1409,FIU,167,167,9,Arturo Dean makes a layup from 4 feet out.,made,FALSE,FALSE,Layup Shot,26.4,8.95,1413183,Arturo Dean,NA,0,FIU,Howard,138,NA,Jordan Wood,Elijah Hawkins,Shy Odom,Steve Settle III,Jelani Williams,Arturo Dean,Denver Jones,Mohamed Sanogo,Nick Guadarrama,Javaunte Hawkins
2022-23,2022-12-13,2501673,347,0,2,Howard,FIU,Bison,Panthers,3,2,66,51,15,1438,Howard,133,133,34,Jordan Wood makes a jump shot from 5 feet out.,made,FALSE,FALSE,Jump Shot,26.8,10.150000000000006,1252556,Jordan Wood,NA,0,Howard,FIU,139,NA,Jordan Wood,Elijah Hawkins,Shy Odom,Steve Settle III,Jelani Williams,Arturo Dean,Denver Jones,Mohamed Sanogo,Nick Guadarrama,Javaunte Hawkins
2022-23,2022-12-13,2501673,348,0,2,Howard,FIU,Bison,Panthers,3,2,66,53,13,1409,FIU,123,123,10,Nick Guadarrama makes a layup from 3 feet out.,made,FALSE,FALSE,Layup Shot,23.2,7.65,1138620,Nick Guadarrama,NA,0,FIU,FIU,140,NA,Jordan Wood,Elijah Hawkins,Shy Odom,Steve Settle III,Jelani Williams,Arturo Dean,Denver Jones,Mohamed Sanogo,Nick Guadarrama,Javaunte Hawkins
2022-23,2022-12-13,2501673,349,0,2,Howard,FIU,Bison,Panthers,3,2,66,53,13,1438,Howard,123,123,0,Shooting foul committed by Elijah Hawkins.,NA,FALSE,FALSE,NA,NA,NA,NA,NA,NA,0,FIU,FIU,140,NA,Jordan Wood,Elijah Hawkins,Shy Odom,Steve Settle III,Jelani Williams,Arturo Dean,Denver Jones,Mohamed Sanogo,Nick Guadarrama,Javaunte Hawkins
2022-23,2022-12-13,2501673,350,0,2,Howard,FIU,Bison,Panthers,3,2,66,53,13,1409,FIU,123,123,0,Nick Guadarrama misses free throw 1 of 1.,missed,TRUE,FALSE,NA,NA,NA,NA,NA,NA,0,FIU,FIU,140,NA,Jordan Wood,Elijah Hawkins,Shy Odom,Steve Settle III,Jelani Williams,Arturo Dean,Denver Jones,Mohamed Sanogo,Nick Guadarrama,Javaunte Hawkins
2022-23,2022-12-13,2501673,351,0,2,Howard,FIU,Bison,Panthers,3,2,66,53,13,1409,FIU,123,123,0,Petar Krivokapic with an offensive rebound.,NA,FALSE,FALSE,NA,NA,NA,NA,NA,NA,0,FIU,FIU,140,NA,Jordan Wood,Elijah Hawkins,Shy Odom,Steve Settle III,Jelani Williams,Arturo Dean,Denver Jones,Mohamed Sanogo,Nick Guadarrama,Javaunte Hawkins
2022-23,2022-12-13,2501673,352,0,2,Howard,FIU,Bison,Panthers,3,2,66,53,13,1409,FIU,118,118,5,Jelani Williams steals the ball from Denver Jones.,NA,FALSE,FALSE,NA,NA,NA,NA,NA,NA,0,FIU,FIU,140,NA,Jordan Wood,Elijah Hawkins,Shy Odom,Steve Settle III,Jelani Williams,Arturo Dean,Denver Jones,Mohamed Sanogo,Nick Guadarrama,Javaunte Hawkins
2022-23,2022-12-13,2501673,353,0,2,Howard,FIU,Bison,Panthers,3,2,66,53,13,1438,Howard,118,118,0,Personal foul committed by Jelani Williams.,NA,FALSE,FALSE,NA,NA,NA,NA,NA,NA,0,FIU,FIU,140,NA,Jordan Wood,Elijah Hawkins,Shy Odom,Steve Settle III,Jelani Williams,Arturo Dean,Denver Jones,Mohamed Sanogo,Nick Guadarrama,Javaunte Hawkins
2022-23,2022-12-13,2501673,354,0,2,Howard,FIU,Bison,Panthers,3,2,66,53,13,1438,Howard,118,118,0,Substitution: Kobe Dickson in for Shy Odom.,NA,FALSE,FALSE,NA,NA,NA,NA,NA,NA,1,NA,NA,NA,NA,Jordan Wood,Elijah Hawkins,Kobe Dickson,Steve Settle III,Jelani Williams,Arturo Dean,Denver Jones,Mohamed Sanogo,Nick Guadarrama,Javaunte Hawkins
2022-23,2022-12-13,2501673,355,0,2,Howard,FIU,Bison,Panthers,3,2,66,55,11,1409,FIU,109,109,9,Denver Jones makes a layup from 5 feet out.,made,FALSE,FALSE,Layup Shot,21.9,8.75,1323840,Denver Jones,NA,0,FIU,Howard,140,NA,Jordan Wood,Elijah Hawkins,Kobe Dickson,Steve Settle III,Jelani Williams,Arturo Dean,Denver Jones,Mohamed Sanogo,Nick Guadarrama,Javaunte Hawkins
2022-23,2022-12-13,2501673,356,0,2,Howard,FIU,Bison,Panthers,3,2,66,55,11,1438,Howard,100,100,9,Steve Settle III misses a layup from 4 feet out.,missed,FALSE,FALSE,Layup Shot,25.6,9.049999999999997,1182378,Steve Settle III,NA,0,Howard,Howard,141,NA,Jordan Wood,Elijah Hawkins,Kobe Dickson,Steve Settle III,Jelani Williams,Arturo Dean,Denver Jones,Mohamed Sanogo,Nick Guadarrama,Javaunte Hawkins
2022-23,2022-12-13,2501673,357,0,2,Howard,FIU,Bison,Panthers,3,2,66,55,11,1409,FIU,100,100,0,Petar Krivokapic with a defensive rebound.,NA,FALSE,FALSE,NA,NA,NA,NA,NA,NA,0,Howard,FIU,141,NA,Jordan Wood,Elijah Hawkins,Kobe Dickson,Steve Settle III,Jelani Williams,Arturo Dean,Denver Jones,Mohamed Sanogo,Nick Guadarrama,Javaunte Hawkins
2022-23,2022-12-13,2501673,358,0,2,Howard,FIU,Bison,Panthers,3,2,66,57,9,1409,FIU,88,88,12,Arturo Dean makes a layup from 3 feet out. Petar Krivokapic with the assist.,made,FALSE,FALSE,Layup Shot,25.1,8.75,1413183,Arturo Dean,Petar Krivokapic,0,FIU,Howard,142,NA,Jordan Wood,Elijah Hawkins,Kobe Dickson,Steve Settle III,Jelani Williams,Arturo Dean,Denver Jones,Mohamed Sanogo,Nick Guadarrama,Javaunte Hawkins
2022-23,2022-12-13,2501673,359,0,2,Howard,FIU,Bison,Panthers,2,2,66,57,9,1438,Howard,88,88,0,Bison take a 30-second timeout.,NA,FALSE,FALSE,NA,NA,NA,NA,NA,NA,0,NA,NA,NA,NA,Jordan Wood,Elijah Hawkins,Kobe Dickson,Steve Settle III,Jelani Williams,Arturo Dean,Denver Jones,Mohamed Sanogo,Nick Guadarrama,Javaunte Hawkins
2022-23,2022-12-13,2501673,360,0,2,Howard,FIU,Bison,Panthers,2,2,66,57,9,1438,Howard,88,88,0,Substitution: Khalil Robinson in for Kobe Dickson.,NA,FALSE,FALSE,NA,NA,NA,NA,NA,NA,1,NA,NA,NA,NA,Jordan Wood,Elijah Hawkins,Khalil Robinson,Steve Settle III,Jelani Williams,Arturo Dean,Denver Jones,Mohamed Sanogo,Nick Guadarrama,Javaunte Hawkins
2022-23,2022-12-13,2501673,361,0,2,Howard,FIU,Bison,Panthers,2,2,68,57,11,1438,Howard,74,74,14,Elijah Hawkins makes a layup from 5 feet out.,made,FALSE,FALSE,Layup Shot,22.3,8.950000000000003,1324089,Elijah Hawkins,NA,0,Howard,FIU,143,NA,Jordan Wood,Elijah Hawkins,Khalil Robinson,Steve Settle III,Jelani Williams,Arturo Dean,Denver Jones,Mohamed Sanogo,Nick Guadarrama,Javaunte Hawkins
2022-23,2022-12-13,2501673,362,0,2,Howard,FIU,Bison,Panthers,2,2,68,57,11,1409,FIU,61,61,13,Denver Jones misses a 3-point jump shot from 24 feet out.,missed,FALSE,TRUE,Jump Shot,41.2,23.55,1323840,Denver Jones,NA,0,FIU,FIU,144,NA,Jordan Wood,Elijah Hawkins,Khalil Robinson,Steve Settle III,Jelani Williams,Arturo Dean,Denver Jones,Mohamed Sanogo,Nick Guadarrama,Javaunte Hawkins
2022-23,2022-12-13,2501673,363,0,2,Howard,FIU,Bison,Panthers,2,2,68,57,11,1438,Howard,61,61,0,Jordan Wood with a defensive rebound.,NA,FALSE,FALSE,NA,NA,NA,NA,NA,NA,0,FIU,Howard,144,NA,Jordan Wood,Elijah Hawkins,Khalil Robinson,Steve Settle III,Jelani Williams,Arturo Dean,Denver Jones,Mohamed Sanogo,Nick Guadarrama,Javaunte Hawkins
2022-23,2022-12-13,2501673,364,0,2,Howard,FIU,Bison,Panthers,2,2,68,57,11,1409,FIU,59,59,2,Personal foul committed by Javaunte Hawkins.,NA,FALSE,FALSE,NA,NA,NA,NA,NA,NA,0,Howard,Howard,145,NA,Jordan Wood,Elijah Hawkins,Khalil Robinson,Steve Settle III,Jelani Williams,Arturo Dean,Denver Jones,Mohamed Sanogo,Nick Guadarrama,Javaunte Hawkins
2022-23,2022-12-13,2501673,365,0,2,Howard,FIU,Bison,Panthers,2,2,68,57,11,1438,Howard,39,39,20,Jordan Wood with a turnover - Bad Pass,NA,FALSE,FALSE,NA,NA,NA,NA,NA,NA,0,Howard,FIU,145,NA,Jordan Wood,Elijah Hawkins,Khalil Robinson,Steve Settle III,Jelani Williams,Arturo Dean,Denver Jones,Mohamed Sanogo,Nick Guadarrama,Javaunte Hawkins
2022-23,2022-12-13,2501673,366,0,2,Howard,FIU,Bison,Panthers,2,2,68,57,11,1409,FIU,33,33,6,Elijah Hawkins steals the ball from Arturo Dean.,NA,FALSE,FALSE,NA,NA,NA,NA,NA,NA,0,FIU,Howard,146,NA,Jordan Wood,Elijah Hawkins,Khalil Robinson,Steve Settle III,Jelani Williams,Arturo Dean,Denver Jones,Mohamed Sanogo,Nick Guadarrama,Javaunte Hawkins
2022-23,2022-12-13,2501673,367,0,2,Howard,FIU,Bison,Panthers,2,2,70,57,13,1438,Howard,29,29,4,Elijah Hawkins makes a layup from 3 feet out.,made,FALSE,FALSE,Layup Shot,24.2,8.150000000000006,1324089,Elijah Hawkins,NA,0,Howard,Howard,147,NA,Jordan Wood,Elijah Hawkins,Khalil Robinson,Steve Settle III,Jelani Williams,Arturo Dean,Denver Jones,Mohamed Sanogo,Nick Guadarrama,Javaunte Hawkins
2022-23,2022-12-13,2501673,368,0,2,Howard,FIU,Bison,Panthers,2,2,70,57,13,1409,FIU,29,29,0,Shooting foul committed by Nick Guadarrama.,NA,FALSE,FALSE,NA,NA,NA,NA,NA,NA,0,Howard,Howard,147,NA,Jordan Wood,Elijah Hawkins,Khalil Robinson,Steve Settle III,Jelani Williams,Arturo Dean,Denver Jones,Mohamed Sanogo,Nick Guadarrama,Javaunte Hawkins
2022-23,2022-12-13,2501673,369,0,2,Howard,FIU,Bison,Panthers,2,2,71,57,14,1438,Howard,29,29,0,Elijah Hawkins makes free throw 1 of 1.,made,TRUE,FALSE,NA,NA,NA,NA,NA,NA,0,Howard,FIU,147,NA,Jordan Wood,Elijah Hawkins,Khalil Robinson,Steve Settle III,Jelani Williams,Arturo Dean,Denver Jones,Mohamed Sanogo,Nick Guadarrama,Javaunte Hawkins
2022-23,2022-12-13,2501673,370,0,2,Howard,FIU,Bison,Panthers,2,2,71,57,14,1409,FIU,17,17,12,Denver Jones misses a layup from 5 feet out.,missed,FALSE,FALSE,Layup Shot,29.7,6.85,1323840,Denver Jones,NA,0,FIU,FIU,148,NA,Jordan Wood,Elijah Hawkins,Khalil Robinson,Steve Settle III,Jelani Williams,Arturo Dean,Denver Jones,Mohamed Sanogo,Nick Guadarrama,Javaunte Hawkins
2022-23,2022-12-13,2501673,372,0,2,Howard,FIU,Bison,Panthers,2,2,71,59,12,1409,FIU,13,13,4,Denver Jones makes a layup from 4 feet out.,made,FALSE,FALSE,Layup Shot,25.6,9.45,1323840,Denver Jones,NA,0,FIU,Howard,148,NA,Jordan Wood,Elijah Hawkins,Khalil Robinson,Steve Settle III,Jelani Williams,Arturo Dean,Denver Jones,Mohamed Sanogo,Nick Guadarrama,Javaunte Hawkins
2022-23,2022-12-13,2501673,373,0,2,Howard,FIU,Bison,Panthers,2,1,71,59,12,1409,FIU,13,13,0,Panthers take a full timeout.,NA,FALSE,FALSE,NA,NA,NA,NA,NA,NA,0,NA,NA,NA,NA,Jordan Wood,Elijah Hawkins,Khalil Robinson,Steve Settle III,Jelani Williams,Arturo Dean,Denver Jones,Mohamed Sanogo,Nick Guadarrama,Javaunte Hawkins
2022-23,2022-12-13,2501673,374,0,2,Howard,FIU,Bison,Panthers,2,1,71,59,12,NA,NA,0,0,13,End of the 2nd Half,NA,FALSE,FALSE,NA,NA,NA,NA,NA,NA,0,NA,NA,NA,NA,Jordan Wood,Elijah Hawkins,Khalil Robinson,Steve Settle III,Jelani Williams,Arturo Dean,Denver Jones,Mohamed Sanogo,Nick Guadarrama,Javaunte Hawkins
2022-23,2022-12-13,2501673,375,0,2,Howard,FIU,Bison,Panthers,2,1,71,59,12,NA,NA,0,0,0,End of the Game,NA,FALSE,FALSE,NA,NA,NA,NA,NA,NA,0,Howard,Howard,NA,NA,Jordan Wood,Elijah Hawkins,Khalil Robinson,Steve Settle III,Jelani Williams,Arturo Dean,Denver Jones,Mohamed Sanogo,Nick Guadarrama,Javaunte Hawkins
