season,date,game_id,play_id,neutral,half,home,away,home_name,away_name,home_timeouts,away_timeouts,home_score,away_score,score_diff,team_id,event_team,game_secs_remaining,half_secs_remaining,play_length,desc,shot_outcome,free_throw,three_pt,shot_desc,loc_x,loc_y,shooter_id,shooter,assist,substitution,poss_before,poss_after,poss_number,sub_error,home_1,home_2,home_3,home_4,home_5,away_1,away_2,away_3,away_4,away_5
2017-18,2017-12-19,1944147,1,0,1,Northwestern,Lewis,Wildcats,Flyers,4,4,0,0,0,1547,Northwestern,NA,NA,NA,Starting Lineup - Jordan Ash,NA,FALSE,FALSE,NA,NA,NA,NA,NA,NA,1,NA,NA,NA,NA,Jordan Ash,Scottie Lindsey,Bryant McIntosh,Dererk Pardon,Aaron Falzon,Delaney Blaylock,Josh Niego,Adam Pischke,Nick Norton,Cristen Wilson
2017-18,2017-12-19,1944147,1,0,1,Northwestern,Lewis,Wildcats,Flyers,4,4,0,0,0,2077,Lewis,NA,NA,NA,Starting Lineup - Delaney Blaylock,NA,FALSE,FALSE,NA,NA,NA,NA,NA,NA,1,NA,NA,NA,NA,Jordan Ash,Scottie Lindsey,Bryant McIntosh,Dererk Pardon,Aaron Falzon,Delaney Blaylock,Josh Niego,Adam Pischke,Nick Norton,Cristen Wilson
2017-18,2017-12-19,1944147,1,0,1,Northwestern,Lewis,Wildcats,Flyers,4,4,0,0,0,1547,Northwestern,NA,NA,NA,Starting Lineup - Scottie Lindsey,NA,FALSE,FALSE,NA,NA,NA,NA,NA,NA,1,NA,NA,NA,NA,Jordan Ash,Scottie Lindsey,Bryant McIntosh,Dererk Pardon,Aaron Falzon,Delaney Blaylock,Josh Niego,Adam Pischke,Nick Norton,Cristen Wilson
2017-18,2017-12-19,1944147,1,0,1,Northwestern,Lewis,Wildcats,Flyers,4,4,0,0,0,2077,Lewis,NA,NA,NA,Starting Lineup - Josh Niego,NA,FALSE,FALSE,NA,NA,NA,NA,NA,NA,1,NA,NA,NA,NA,Jordan Ash,Scottie Lindsey,Bryant McIntosh,Dererk Pardon,Aaron Falzon,Delaney Blaylock,Josh Niego,Adam Pischke,Nick Norton,Cristen Wilson
2017-18,2017-12-19,1944147,1,0,1,Northwestern,Lewis,Wildcats,Flyers,4,4,0,0,0,1547,Northwestern,NA,NA,NA,Starting Lineup - Bryant McIntosh,NA,FALSE,FALSE,NA,NA,NA,NA,NA,NA,1,NA,NA,NA,NA,Jordan Ash,Scottie Lindsey,Bryant McIntosh,Dererk Pardon,Aaron Falzon,Delaney Blaylock,Josh Niego,Adam Pischke,Nick Norton,Cristen Wilson
2017-18,2017-12-19,1944147,1,0,1,Northwestern,Lewis,Wildcats,Flyers,4,4,0,0,0,1547,Northwestern,NA,NA,NA,Starting Lineup - Dererk Pardon,NA,FALSE,FALSE,NA,NA,NA,NA,NA,NA,1,NA,NA,NA,NA,Jordan Ash,Scottie Lindsey,Bryant McIntosh,Dererk Pardon,Aaron Falzon,Delaney Blaylock,Josh Niego,Adam Pischke,Nick Norton,Cristen Wilson
2017-18,2017-12-19,1944147,1,0,1,Northwestern,Lewis,Wildcats,Flyers,4,4,0,0,0,2077,Lewis,NA,NA,NA,Starting Lineup - Adam Pischke,NA,FALSE,FALSE,NA,NA,NA,NA,NA,NA,1,NA,NA,NA,NA,Jordan Ash,Scottie Lindsey,Bryant McIntosh,Dererk Pardon,Aaron Falzon,Delaney Blaylock,Josh Niego,Adam Pischke,Nick Norton,Cristen Wilson
2017-18,2017-12-19,1944147,1,0,1,Northwestern,Lewis,Wildcats,Flyers,4,4,0,0,0,2077,Lewis,NA,NA,NA,Starting Lineup - Nick Norton,NA,FALSE,FALSE,NA,NA,NA,NA,NA,NA,1,NA,NA,NA,NA,Jordan Ash,Scottie Lindsey,Bryant McIntosh,Dererk Pardon,Aaron Falzon,Delaney Blaylock,Josh Niego,Adam Pischke,Nick Norton,Cristen Wilson
2017-18,2017-12-19,1944147,1,0,1,Northwestern,Lewis,Wildcats,Flyers,4,4,0,0,0,2077,Lewis,NA,NA,NA,Starting Lineup - Cristen Wilson,NA,FALSE,FALSE,NA,NA,NA,NA,NA,NA,1,NA,NA,NA,NA,Jordan Ash,Scottie Lindsey,Bryant McIntosh,Dererk Pardon,Aaron Falzon,Delaney Blaylock,Josh Niego,Adam Pischke,Nick Norton,Cristen Wilson
2017-18,2017-12-19,1944147,1,0,1,Northwestern,Lewis,Wildcats,Flyers,4,4,0,0,0,1547,Northwestern,NA,NA,NA,Starting Lineup - Aaron Falzon,NA,FALSE,FALSE,NA,NA,NA,NA,NA,NA,1,NA,NA,NA,NA,Jordan Ash,Scottie Lindsey,Bryant McIntosh,Dererk Pardon,Aaron Falzon,Delaney Blaylock,Josh Niego,Adam Pischke,Nick Norton,Cristen Wilson
2017-18,2017-12-19,1944147,2,0,1,Northwestern,Lewis,Wildcats,Flyers,4,4,0,0,0,NA,NA,2400,1200,NA,Start of the 1st Half,NA,FALSE,FALSE,NA,NA,NA,NA,NA,NA,0,NA,Northwestern,1,NA,Jordan Ash,Scottie Lindsey,Bryant McIntosh,Dererk Pardon,Aaron Falzon,Delaney Blaylock,Josh Niego,Adam Pischke,Nick Norton,Cristen Wilson
2017-18,2017-12-19,1944147,3,0,1,Northwestern,Lewis,Wildcats,Flyers,4,4,0,0,0,1547,Northwestern,2377,1177,23,Aaron Falzon misses a 3-point jump shot from 24 feet out.,missed,FALSE,TRUE,Jump Shot,13.899999999999999,26.549999999999997,882467,Aaron Falzon,NA,0,Northwestern,Lewis,1,NA,Jordan Ash,Scottie Lindsey,Bryant McIntosh,Dererk Pardon,Aaron Falzon,Delaney Blaylock,Josh Niego,Adam Pischke,Nick Norton,Cristen Wilson
2017-18,2017-12-19,1944147,4,0,1,Northwestern,Lewis,Wildcats,Flyers,4,4,0,0,0,1547,Northwestern,2353,1153,24,Personal foul committed by Scottie Lindsey.,NA,FALSE,FALSE,NA,NA,NA,NA,NA,NA,0,Lewis,Lewis,2,NA,Jordan Ash,Scottie Lindsey,Bryant McIntosh,Dererk Pardon,Aaron Falzon,Delaney Blaylock,Josh Niego,Adam Pischke,Nick Norton,Cristen Wilson
2017-18,2017-12-19,1944147,5,0,1,Northwestern,Lewis,Wildcats,Flyers,4,4,0,3,-3,2077,Lewis,2337,1137,16,Adam Pischke makes a 3-point jump shot from 24 feet out.,made,FALSE,TRUE,Jump Shot,40.1,24.25,1077126,Adam Pischke,NA,0,Lewis,Northwestern,2,NA,Jordan Ash,Scottie Lindsey,Bryant McIntosh,Dererk Pardon,Aaron Falzon,Delaney Blaylock,Josh Niego,Adam Pischke,Nick Norton,Cristen Wilson
2017-18,2017-12-19,1944147,6,0,1,Northwestern,Lewis,Wildcats,Flyers,4,4,0,3,-3,1547,Northwestern,2314,1114,23,Scottie Lindsey misses a 3-point jump shot from 26 feet out.,missed,FALSE,TRUE,Jump Shot,4,21.150000000000006,844031,Scottie Lindsey,NA,0,Northwestern,Northwestern,3,NA,Jordan Ash,Scottie Lindsey,Bryant McIntosh,Dererk Pardon,Aaron Falzon,Delaney Blaylock,Josh Niego,Adam Pischke,Nick Norton,Cristen Wilson
2017-18,2017-12-19,1944147,7,0,1,Northwestern,Lewis,Wildcats,Flyers,4,4,0,3,-3,1547,Northwestern,2286,1086,28,Jordan Ash misses a 3-point jump shot from 25 feet out.,missed,FALSE,TRUE,Jump Shot,42.1,23.349999999999994,882466,Jordan Ash,NA,0,Northwestern,Northwestern,3,NA,Jordan Ash,Scottie Lindsey,Bryant McIntosh,Dererk Pardon,Aaron Falzon,Delaney Blaylock,Josh Niego,Adam Pischke,Nick Norton,Cristen Wilson
2017-18,2017-12-19,1944147,8,0,1,Northwestern,Lewis,Wildcats,Flyers,4,4,0,3,-3,2077,Lewis,2279,1079,7,Personal foul committed by Adam Pischke.,NA,FALSE,FALSE,NA,NA,NA,NA,NA,NA,0,Northwestern,Northwestern,3,NA,Jordan Ash,Scottie Lindsey,Bryant McIntosh,Dererk Pardon,Aaron Falzon,Delaney Blaylock,Josh Niego,Adam Pischke,Nick Norton,Cristen Wilson
2017-18,2017-12-19,1944147,9,0,1,Northwestern,Lewis,Wildcats,Flyers,4,4,0,3,-3,2077,Lewis,2277,1077,2,Shooting foul committed by Delaney Blaylock.,NA,FALSE,FALSE,NA,NA,NA,NA,NA,NA,0,Northwestern,Northwestern,3,NA,Jordan Ash,Scottie Lindsey,Bryant McIntosh,Dererk Pardon,Aaron Falzon,Delaney Blaylock,Josh Niego,Adam Pischke,Nick Norton,Cristen Wilson
2017-18,2017-12-19,1944147,10,0,1,Northwestern,Lewis,Wildcats,Flyers,4,4,1,3,-2,1547,Northwestern,2277,1077,0,Scottie Lindsey makes free throw 1 of 2.,made,TRUE,FALSE,NA,NA,NA,NA,NA,NA,0,Northwestern,Northwestern,3,NA,Jordan Ash,Scottie Lindsey,Bryant McIntosh,Dererk Pardon,Aaron Falzon,Delaney Blaylock,Josh Niego,Adam Pischke,Nick Norton,Cristen Wilson
2017-18,2017-12-19,1944147,11,0,1,Northwestern,Lewis,Wildcats,Flyers,4,4,2,3,-1,1547,Northwestern,2277,1077,0,Scottie Lindsey makes free throw 2 of 2.,made,TRUE,FALSE,NA,NA,NA,NA,NA,NA,0,Northwestern,Lewis,3,NA,Jordan Ash,Scottie Lindsey,Bryant McIntosh,Dererk Pardon,Aaron Falzon,Delaney Blaylock,Josh Niego,Adam Pischke,Nick Norton,Cristen Wilson
2017-18,2017-12-19,1944147,12,0,1,Northwestern,Lewis,Wildcats,Flyers,4,4,2,3,-1,2077,Lewis,2255,1055,22,Adam Pischke misses a layup.,missed,FALSE,FALSE,Layup Shot,26,6.25,1077126,Adam Pischke,NA,0,Lewis,Lewis,4,NA,Jordan Ash,Scottie Lindsey,Bryant McIntosh,Dererk Pardon,Aaron Falzon,Delaney Blaylock,Josh Niego,Adam Pischke,Nick Norton,Cristen Wilson
2017-18,2017-12-19,1944147,13,0,1,Northwestern,Lewis,Wildcats,Flyers,4,4,2,5,-3,2077,Lewis,2253,1053,2,Nick Norton makes a layup.,made,FALSE,FALSE,Layup Shot,26,6.25,1077127,Nick Norton,NA,0,Lewis,Northwestern,4,NA,Jordan Ash,Scottie Lindsey,Bryant McIntosh,Dererk Pardon,Aaron Falzon,Delaney Blaylock,Josh Niego,Adam Pischke,Nick Norton,Cristen Wilson
2017-18,2017-12-19,1944147,14,0,1,Northwestern,Lewis,Wildcats,Flyers,4,4,2,5,-3,1547,Northwestern,2228,1028,25,Dererk Pardon misses a layup.,missed,FALSE,FALSE,Layup Shot,25,5.25,882463,Dererk Pardon,NA,0,Northwestern,Northwestern,5,NA,Jordan Ash,Scottie Lindsey,Bryant McIntosh,Dererk Pardon,Aaron Falzon,Delaney Blaylock,Josh Niego,Adam Pischke,Nick Norton,Cristen Wilson
2017-18,2017-12-19,1944147,15,0,1,Northwestern,Lewis,Wildcats,Flyers,4,4,2,5,-3,1547,Northwestern,2227,1027,1,Scottie Lindsey misses a jump shot from 18 feet out.,missed,FALSE,FALSE,Jump Shot,7.200000000000003,8.049999999999997,844031,Scottie Lindsey,NA,0,Northwestern,Lewis,5,NA,Jordan Ash,Scottie Lindsey,Bryant McIntosh,Dererk Pardon,Aaron Falzon,Delaney Blaylock,Josh Niego,Adam Pischke,Nick Norton,Cristen Wilson
2017-18,2017-12-19,1944147,16,0,1,Northwestern,Lewis,Wildcats,Flyers,4,4,2,5,-3,1547,Northwestern,2218,1018,9,Personal foul committed by Bryant McIntosh.,NA,FALSE,FALSE,NA,NA,NA,NA,NA,NA,0,Lewis,Lewis,6,NA,Jordan Ash,Scottie Lindsey,Bryant McIntosh,Dererk Pardon,Aaron Falzon,Delaney Blaylock,Josh Niego,Adam Pischke,Nick Norton,Cristen Wilson
2017-18,2017-12-19,1944147,17,0,1,Northwestern,Lewis,Wildcats,Flyers,4,4,2,5,-3,2077,Lewis,2198,998,20,Delaney Blaylock misses a 3-point jump shot from 23 feet out.,missed,FALSE,TRUE,Jump Shot,42.1,20.45,1077130,Delaney Blaylock,NA,0,Lewis,Northwestern,6,NA,Jordan Ash,Scottie Lindsey,Bryant McIntosh,Dererk Pardon,Aaron Falzon,Delaney Blaylock,Josh Niego,Adam Pischke,Nick Norton,Cristen Wilson
2017-18,2017-12-19,1944147,18,0,1,Northwestern,Lewis,Wildcats,Flyers,4,4,2,5,-3,1547,Northwestern,2178,978,20,Bryant McIntosh misses a 3-point jump shot from 24 feet out.,missed,FALSE,TRUE,Jump Shot,23.6,29.650000000000006,844035,Bryant McIntosh,NA,0,Northwestern,Northwestern,7,NA,Jordan Ash,Scottie Lindsey,Bryant McIntosh,Dererk Pardon,Aaron Falzon,Delaney Blaylock,Josh Niego,Adam Pischke,Nick Norton,Cristen Wilson
2017-18,2017-12-19,1944147,19,0,1,Northwestern,Lewis,Wildcats,Flyers,4,4,2,5,-3,2077,Lewis,2176,976,2,Personal foul committed by Cristen Wilson.,NA,FALSE,FALSE,NA,NA,NA,NA,NA,NA,0,Northwestern,Northwestern,7,NA,Jordan Ash,Scottie Lindsey,Bryant McIntosh,Dererk Pardon,Aaron Falzon,Delaney Blaylock,Josh Niego,Adam Pischke,Nick Norton,Cristen Wilson
2017-18,2017-12-19,1944147,20,0,1,Northwestern,Lewis,Wildcats,Flyers,4,4,4,5,-1,1547,Northwestern,2150,950,26,Scottie Lindsey makes a layup.,made,FALSE,FALSE,Layup Shot,26,6.25,844031,Scottie Lindsey,NA,0,Northwestern,Lewis,7,NA,Jordan Ash,Scottie Lindsey,Bryant McIntosh,Dererk Pardon,Aaron Falzon,Delaney Blaylock,Josh Niego,Adam Pischke,Nick Norton,Cristen Wilson
2017-18,2017-12-19,1944147,21,0,1,Northwestern,Lewis,Wildcats,Flyers,4,4,4,7,-3,2077,Lewis,2129,929,21,Cristen Wilson makes a layup.,made,FALSE,FALSE,Layup Shot,25,5.25,1077125,Cristen Wilson,NA,0,Lewis,Northwestern,8,NA,Jordan Ash,Scottie Lindsey,Bryant McIntosh,Dererk Pardon,Aaron Falzon,Delaney Blaylock,Josh Niego,Adam Pischke,Nick Norton,Cristen Wilson
2017-18,2017-12-19,1944147,22,0,1,Northwestern,Lewis,Wildcats,Flyers,4,4,4,7,-3,2077,Lewis,2112,912,17,Personal foul committed by Josh Niego.,NA,FALSE,FALSE,NA,NA,NA,NA,NA,NA,0,Northwestern,Northwestern,9,NA,Jordan Ash,Scottie Lindsey,Bryant McIntosh,Dererk Pardon,Aaron Falzon,Delaney Blaylock,Josh Niego,Adam Pischke,Nick Norton,Cristen Wilson
2017-18,2017-12-19,1944147,23,0,1,Northwestern,Lewis,Wildcats,Flyers,4,4,4,7,-3,NA,NA,2112,912,0,Official TV timeout.,NA,FALSE,FALSE,NA,NA,NA,NA,NA,NA,0,NA,NA,NA,NA,Jordan Ash,Scottie Lindsey,Bryant McIntosh,Dererk Pardon,Aaron Falzon,Delaney Blaylock,Josh Niego,Adam Pischke,Nick Norton,Cristen Wilson
2017-18,2017-12-19,1944147,24,0,1,Northwestern,Lewis,Wildcats,Flyers,4,4,6,7,-1,1547,Northwestern,2101,901,11,Dererk Pardon makes a layup.,made,FALSE,FALSE,Layup Shot,26,6.25,882463,Dererk Pardon,NA,0,Northwestern,Northwestern,9,NA,Jordan Ash,Scottie Lindsey,Bryant McIntosh,Dererk Pardon,Aaron Falzon,Delaney Blaylock,Josh Niego,Adam Pischke,Nick Norton,Cristen Wilson
2017-18,2017-12-19,1944147,25,0,1,Northwestern,Lewis,Wildcats,Flyers,4,4,6,7,-1,2077,Lewis,2100,900,1,Shooting foul committed by Brandon McCombs.,NA,FALSE,FALSE,NA,NA,NA,NA,NA,NA,0,Northwestern,Northwestern,9,NA,Jordan Ash,Scottie Lindsey,Bryant McIntosh,Dererk Pardon,Aaron Falzon,Delaney Blaylock,Josh Niego,Adam Pischke,Nick Norton,Cristen Wilson
2017-18,2017-12-19,1944147,26,0,1,Northwestern,Lewis,Wildcats,Flyers,4,4,6,7,-1,1547,Northwestern,2100,900,0,Dererk Pardon misses free throw 1 of 1.,missed,TRUE,FALSE,NA,NA,NA,NA,NA,NA,0,Northwestern,Lewis,9,NA,Jordan Ash,Scottie Lindsey,Bryant McIntosh,Dererk Pardon,Aaron Falzon,Delaney Blaylock,Josh Niego,Adam Pischke,Nick Norton,Cristen Wilson
2017-18,2017-12-19,1944147,27,0,1,Northwestern,Lewis,Wildcats,Flyers,4,4,6,7,-1,2077,Lewis,2083,883,17,Offensive foul committed by Brandon McCombs.,NA,FALSE,FALSE,NA,NA,NA,NA,NA,NA,0,Lewis,Northwestern,10,NA,Jordan Ash,Scottie Lindsey,Bryant McIntosh,Dererk Pardon,Aaron Falzon,Delaney Blaylock,Josh Niego,Adam Pischke,Nick Norton,Cristen Wilson
2017-18,2017-12-19,1944147,28,0,1,Northwestern,Lewis,Wildcats,Flyers,4,4,8,7,1,1547,Northwestern,2071,871,12,Bryant McIntosh makes a jump shot from 13 feet out.,made,FALSE,FALSE,Jump Shot,31.7,16.049999999999997,844035,Bryant McIntosh,NA,0,Northwestern,Lewis,11,NA,Jordan Ash,Scottie Lindsey,Bryant McIntosh,Dererk Pardon,Aaron Falzon,Delaney Blaylock,Josh Niego,Adam Pischke,Nick Norton,Cristen Wilson
2017-18,2017-12-19,1944147,29,0,1,Northwestern,Lewis,Wildcats,Flyers,4,4,8,7,1,2077,Lewis,2044,844,27,Personal foul committed by Adam Pischke.,NA,FALSE,FALSE,NA,NA,NA,NA,NA,NA,0,Northwestern,Northwestern,12,NA,Jordan Ash,Scottie Lindsey,Bryant McIntosh,Dererk Pardon,Aaron Falzon,Delaney Blaylock,Josh Niego,Adam Pischke,Nick Norton,Cristen Wilson
2017-18,2017-12-19,1944147,30,0,1,Northwestern,Lewis,Wildcats,Flyers,4,4,9,7,2,1547,Northwestern,2044,844,0,Gavin Skelly makes free throw 1 of 1.,made,TRUE,FALSE,NA,NA,NA,NA,NA,NA,0,Northwestern,Lewis,12,NA,Jordan Ash,Scottie Lindsey,Bryant McIntosh,Dererk Pardon,Aaron Falzon,Delaney Blaylock,Josh Niego,Adam Pischke,Nick Norton,Cristen Wilson
2017-18,2017-12-19,1944147,31,0,1,Northwestern,Lewis,Wildcats,Flyers,4,4,9,7,2,1547,Northwestern,2044,844,0,Gavin Skelly misses free throw 1 of 1.,missed,TRUE,FALSE,NA,NA,NA,NA,NA,NA,0,Northwestern,Lewis,13,NA,Jordan Ash,Scottie Lindsey,Bryant McIntosh,Dererk Pardon,Aaron Falzon,Delaney Blaylock,Josh Niego,Adam Pischke,Nick Norton,Cristen Wilson
2017-18,2017-12-19,1944147,32,0,1,Northwestern,Lewis,Wildcats,Flyers,4,4,9,7,2,2077,Lewis,2033,833,11,Delaney Blaylock misses a jump shot from 12 feet out.,missed,FALSE,FALSE,Jump Shot,36.8,7.15,1077130,Delaney Blaylock,NA,0,Lewis,Northwestern,14,NA,Jordan Ash,Scottie Lindsey,Bryant McIntosh,Dererk Pardon,Aaron Falzon,Delaney Blaylock,Josh Niego,Adam Pischke,Nick Norton,Cristen Wilson
2017-18,2017-12-19,1944147,33,0,1,Northwestern,Lewis,Wildcats,Flyers,4,4,9,7,2,1547,Northwestern,2022,822,11,Bryant McIntosh misses a 3-point jump shot from 25 feet out.,missed,FALSE,TRUE,Jump Shot,4.700000000000003,19.75,844035,Bryant McIntosh,NA,0,Northwestern,Northwestern,15,NA,Jordan Ash,Scottie Lindsey,Bryant McIntosh,Dererk Pardon,Aaron Falzon,Delaney Blaylock,Josh Niego,Adam Pischke,Nick Norton,Cristen Wilson
2017-18,2017-12-19,1944147,34,0,1,Northwestern,Lewis,Wildcats,Flyers,4,4,9,7,2,1547,Northwestern,2001,801,21,Anthony Gaines misses a 3-point jump shot from 24 feet out.,missed,FALSE,TRUE,Jump Shot,45,19.25,1061131,Anthony Gaines,NA,0,Northwestern,Northwestern,15,NA,Jordan Ash,Scottie Lindsey,Bryant McIntosh,Dererk Pardon,Aaron Falzon,Delaney Blaylock,Josh Niego,Adam Pischke,Nick Norton,Cristen Wilson
2017-18,2017-12-19,1944147,35,0,1,Northwestern,Lewis,Wildcats,Flyers,4,4,9,7,2,2077,Lewis,1958,758,43,Personal foul committed by Marco Pettinato.,NA,FALSE,FALSE,NA,NA,NA,NA,NA,NA,0,Northwestern,Northwestern,15,NA,Jordan Ash,Scottie Lindsey,Bryant McIntosh,Dererk Pardon,Aaron Falzon,Delaney Blaylock,Josh Niego,Adam Pischke,Nick Norton,Cristen Wilson
2017-18,2017-12-19,1944147,36,0,1,Northwestern,Lewis,Wildcats,Flyers,4,4,9,7,2,1547,Northwestern,1958,758,0,Anthony Gaines misses free throw 1 of 1.,missed,TRUE,FALSE,NA,NA,NA,NA,NA,NA,0,Northwestern,Northwestern,15,NA,Jordan Ash,Scottie Lindsey,Bryant McIntosh,Dererk Pardon,Aaron Falzon,Delaney Blaylock,Josh Niego,Adam Pischke,Nick Norton,Cristen Wilson
2017-18,2017-12-19,1944147,37,0,1,Northwestern,Lewis,Wildcats,Flyers,4,4,9,7,2,1547,Northwestern,1954,754,4,Isiah Brown misses a 3-point jump shot from 24 feet out.,missed,FALSE,TRUE,Jump Shot,25,29.25,945009,Isiah Brown,NA,0,Northwestern,Northwestern,15,NA,Jordan Ash,Scottie Lindsey,Bryant McIntosh,Dererk Pardon,Aaron Falzon,Delaney Blaylock,Josh Niego,Adam Pischke,Nick Norton,Cristen Wilson
2017-18,2017-12-19,1944147,38,0,1,Northwestern,Lewis,Wildcats,Flyers,4,4,11,7,4,1547,Northwestern,1950,750,4,Anthony Gaines dunks.,made,FALSE,FALSE,Dunk Shot,25,5.25,1061131,Anthony Gaines,NA,0,Northwestern,Lewis,15,NA,Jordan Ash,Scottie Lindsey,Bryant McIntosh,Dererk Pardon,Aaron Falzon,Delaney Blaylock,Josh Niego,Adam Pischke,Nick Norton,Cristen Wilson
2017-18,2017-12-19,1944147,39,0,1,Northwestern,Lewis,Wildcats,Flyers,4,4,11,7,4,1547,Northwestern,1935,735,15,Personal foul committed by Dererk Pardon.,NA,FALSE,FALSE,NA,NA,NA,NA,NA,NA,0,Lewis,Lewis,16,NA,Jordan Ash,Scottie Lindsey,Bryant McIntosh,Dererk Pardon,Aaron Falzon,Delaney Blaylock,Josh Niego,Adam Pischke,Nick Norton,Cristen Wilson
2017-18,2017-12-19,1944147,40,0,1,Northwestern,Lewis,Wildcats,Flyers,4,4,11,7,4,2077,Lewis,1927,727,8,Cristen Wilson misses a jump shot from 17 feet out.,missed,FALSE,FALSE,Jump Shot,12.7,16.85,1077125,Cristen Wilson,NA,0,Lewis,Northwestern,16,NA,Jordan Ash,Scottie Lindsey,Bryant McIntosh,Dererk Pardon,Aaron Falzon,Delaney Blaylock,Josh Niego,Adam Pischke,Nick Norton,Cristen Wilson
2017-18,2017-12-19,1944147,41,0,1,Northwestern,Lewis,Wildcats,Flyers,4,4,13,7,6,1547,Northwestern,1905,705,22,Bryant McIntosh makes a jump shot from 11 feet out.,made,FALSE,FALSE,Jump Shot,35.1,8.849999999999994,844035,Bryant McIntosh,NA,0,Northwestern,Lewis,17,NA,Jordan Ash,Scottie Lindsey,Bryant McIntosh,Dererk Pardon,Aaron Falzon,Delaney Blaylock,Josh Niego,Adam Pischke,Nick Norton,Cristen Wilson
2017-18,2017-12-19,1944147,42,0,1,Northwestern,Lewis,Wildcats,Flyers,4,4,13,7,6,2077,Lewis,1890,690,15,Anthony D'Avanzo misses a hook shot from 7 feet out.,missed,FALSE,FALSE,Hook Shot,17.9,7.55,1077139,Anthony D'Avanzo,NA,0,Lewis,Lewis,18,NA,Jordan Ash,Scottie Lindsey,Bryant McIntosh,Dererk Pardon,Aaron Falzon,Delaney Blaylock,Josh Niego,Adam Pischke,Nick Norton,Cristen Wilson
2017-18,2017-12-19,1944147,43,0,1,Northwestern,Lewis,Wildcats,Flyers,4,4,13,9,4,2077,Lewis,1853,653,37,Anthony D'Avanzo makes a jump shot from 16 feet out.,made,FALSE,FALSE,Jump Shot,8.8,6.85,1077139,Anthony D'Avanzo,NA,0,Lewis,Northwestern,18,NA,Jordan Ash,Scottie Lindsey,Bryant McIntosh,Dererk Pardon,Aaron Falzon,Delaney Blaylock,Josh Niego,Adam Pischke,Nick Norton,Cristen Wilson
2017-18,2017-12-19,1944147,44,0,1,Northwestern,Lewis,Wildcats,Flyers,4,4,13,9,4,1547,Northwestern,1833,633,20,Bryant McIntosh misses a jump shot from 14 feet out.,missed,FALSE,FALSE,Jump Shot,38.5,8.349999999999994,844035,Bryant McIntosh,NA,0,Northwestern,Northwestern,19,NA,Jordan Ash,Scottie Lindsey,Bryant McIntosh,Dererk Pardon,Aaron Falzon,Delaney Blaylock,Josh Niego,Adam Pischke,Nick Norton,Cristen Wilson
2017-18,2017-12-19,1944147,45,0,1,Northwestern,Lewis,Wildcats,Flyers,4,4,16,9,7,1547,Northwestern,1789,589,44,Gavin Skelly makes a 3-point jump shot from 24 feet out.,made,FALSE,TRUE,Jump Shot,25.4,28.950000000000003,844036,Gavin Skelly,NA,0,Northwestern,Lewis,19,NA,Jordan Ash,Scottie Lindsey,Bryant McIntosh,Dererk Pardon,Aaron Falzon,Delaney Blaylock,Josh Niego,Adam Pischke,Nick Norton,Cristen Wilson
2017-18,2017-12-19,1944147,46,0,1,Northwestern,Lewis,Wildcats,Flyers,4,4,16,9,7,1547,Northwestern,1768,568,21,Shooting foul committed by Gavin Skelly.,NA,FALSE,FALSE,NA,NA,NA,NA,NA,NA,0,Lewis,Lewis,20,NA,Jordan Ash,Scottie Lindsey,Bryant McIntosh,Dererk Pardon,Aaron Falzon,Delaney Blaylock,Josh Niego,Adam Pischke,Nick Norton,Cristen Wilson
2017-18,2017-12-19,1944147,47,0,1,Northwestern,Lewis,Wildcats,Flyers,4,4,16,9,7,NA,NA,1768,568,0,Official TV timeout.,NA,FALSE,FALSE,NA,NA,NA,NA,NA,NA,0,NA,NA,NA,NA,Jordan Ash,Scottie Lindsey,Bryant McIntosh,Dererk Pardon,Aaron Falzon,Delaney Blaylock,Josh Niego,Adam Pischke,Nick Norton,Cristen Wilson
2017-18,2017-12-19,1944147,48,0,1,Northwestern,Lewis,Wildcats,Flyers,4,4,16,9,7,2077,Lewis,1768,568,0,Cristen Wilson misses free throw 1 of 2.,missed,TRUE,FALSE,NA,NA,NA,NA,NA,NA,0,Lewis,Lewis,20,NA,Jordan Ash,Scottie Lindsey,Bryant McIntosh,Dererk Pardon,Aaron Falzon,Delaney Blaylock,Josh Niego,Adam Pischke,Nick Norton,Cristen Wilson
2017-18,2017-12-19,1944147,49,0,1,Northwestern,Lewis,Wildcats,Flyers,4,4,16,10,6,2077,Lewis,1768,568,0,Cristen Wilson makes free throw 2 of 2.,made,TRUE,FALSE,NA,NA,NA,NA,NA,NA,0,Lewis,Northwestern,20,NA,Jordan Ash,Scottie Lindsey,Bryant McIntosh,Dererk Pardon,Aaron Falzon,Delaney Blaylock,Josh Niego,Adam Pischke,Nick Norton,Cristen Wilson
2017-18,2017-12-19,1944147,50,0,1,Northwestern,Lewis,Wildcats,Flyers,4,4,16,10,6,1547,Northwestern,1754,554,14,Isiah Brown misses a jump shot from 9 feet out.,missed,FALSE,FALSE,Jump Shot,30,13.150000000000006,945009,Isiah Brown,NA,0,Northwestern,Northwestern,21,NA,Jordan Ash,Scottie Lindsey,Bryant McIntosh,Dererk Pardon,Aaron Falzon,Delaney Blaylock,Josh Niego,Adam Pischke,Nick Norton,Cristen Wilson
2017-18,2017-12-19,1944147,51,0,1,Northwestern,Lewis,Wildcats,Flyers,4,4,16,10,6,2077,Lewis,1751,551,3,Shooting foul committed by Jake Reinhart.,NA,FALSE,FALSE,NA,NA,NA,NA,NA,NA,0,Northwestern,Northwestern,21,NA,Jordan Ash,Scottie Lindsey,Bryant McIntosh,Dererk Pardon,Aaron Falzon,Delaney Blaylock,Josh Niego,Adam Pischke,Nick Norton,Cristen Wilson
2017-18,2017-12-19,1944147,52,0,1,Northwestern,Lewis,Wildcats,Flyers,4,4,17,10,7,1547,Northwestern,1751,551,0,Barret Benson makes free throw 1 of 2.,made,TRUE,FALSE,NA,NA,NA,NA,NA,NA,0,Northwestern,Northwestern,21,NA,Jordan Ash,Scottie Lindsey,Bryant McIntosh,Dererk Pardon,Aaron Falzon,Delaney Blaylock,Josh Niego,Adam Pischke,Nick Norton,Cristen Wilson
2017-18,2017-12-19,1944147,53,0,1,Northwestern,Lewis,Wildcats,Flyers,4,4,18,10,8,1547,Northwestern,1751,551,0,Barret Benson makes free throw 2 of 2.,made,TRUE,FALSE,NA,NA,NA,NA,NA,NA,0,Northwestern,Lewis,21,NA,Jordan Ash,Scottie Lindsey,Bryant McIntosh,Dererk Pardon,Aaron Falzon,Delaney Blaylock,Josh Niego,Adam Pischke,Nick Norton,Cristen Wilson
2017-18,2017-12-19,1944147,54,0,1,Northwestern,Lewis,Wildcats,Flyers,4,4,18,10,8,2077,Lewis,1735,535,16,Cristen Wilson misses a jump shot from 20 feet out.,missed,FALSE,FALSE,Jump Shot,5.699999999999999,9.95,1077125,Cristen Wilson,NA,0,Lewis,Northwestern,22,NA,Jordan Ash,Scottie Lindsey,Bryant McIntosh,Dererk Pardon,Aaron Falzon,Delaney Blaylock,Josh Niego,Adam Pischke,Nick Norton,Cristen Wilson
2017-18,2017-12-19,1944147,55,0,1,Northwestern,Lewis,Wildcats,Flyers,4,4,18,10,8,1547,Northwestern,1728,528,7,Scottie Lindsey misses a 3-point jump shot from 27 feet out.,missed,FALSE,TRUE,Jump Shot,5.200000000000003,23.049999999999997,844031,Scottie Lindsey,NA,0,Northwestern,Lewis,23,NA,Jordan Ash,Scottie Lindsey,Bryant McIntosh,Dererk Pardon,Aaron Falzon,Delaney Blaylock,Josh Niego,Adam Pischke,Nick Norton,Cristen Wilson
2017-18,2017-12-19,1944147,56,0,1,Northwestern,Lewis,Wildcats,Flyers,4,4,18,10,8,1547,Northwestern,1725,525,3,Personal foul committed by Barret Benson.,NA,FALSE,FALSE,NA,NA,NA,NA,NA,NA,0,Lewis,Lewis,24,NA,Jordan Ash,Scottie Lindsey,Bryant McIntosh,Dererk Pardon,Aaron Falzon,Delaney Blaylock,Josh Niego,Adam Pischke,Nick Norton,Cristen Wilson
2017-18,2017-12-19,1944147,57,0,1,Northwestern,Lewis,Wildcats,Flyers,4,4,18,10,8,2077,Lewis,1710,510,15,Jake Reinhart misses a 3-point jump shot from 25 feet out.,missed,FALSE,TRUE,Jump Shot,25.3,29.95,1077122,Jake Reinhart,NA,0,Lewis,Lewis,24,NA,Jordan Ash,Scottie Lindsey,Bryant McIntosh,Dererk Pardon,Aaron Falzon,Delaney Blaylock,Josh Niego,Adam Pischke,Nick Norton,Cristen Wilson
2017-18,2017-12-19,1944147,58,0,1,Northwestern,Lewis,Wildcats,Flyers,4,4,18,10,8,1547,Northwestern,1682,482,28,Personal foul committed by Barret Benson.,NA,FALSE,FALSE,NA,NA,NA,NA,NA,NA,0,Lewis,Lewis,24,NA,Jordan Ash,Scottie Lindsey,Bryant McIntosh,Dererk Pardon,Aaron Falzon,Delaney Blaylock,Josh Niego,Adam Pischke,Nick Norton,Cristen Wilson
2017-18,2017-12-19,1944147,59,0,1,Northwestern,Lewis,Wildcats,Flyers,4,4,18,10,8,2077,Lewis,1678,478,4,Adam Pischke misses a jump shot from 18 feet out.,missed,FALSE,FALSE,Jump Shot,18.6,22.15,1077126,Adam Pischke,NA,0,Lewis,Northwestern,24,NA,Jordan Ash,Scottie Lindsey,Bryant McIntosh,Dererk Pardon,Aaron Falzon,Delaney Blaylock,Josh Niego,Adam Pischke,Nick Norton,Cristen Wilson
2017-18,2017-12-19,1944147,60,0,1,Northwestern,Lewis,Wildcats,Flyers,4,4,21,10,11,1547,Northwestern,1670,470,8,Scottie Lindsey makes a 3-point jump shot from 24 feet out.,made,FALSE,TRUE,Jump Shot,39,24.349999999999994,844031,Scottie Lindsey,NA,0,Northwestern,Lewis,25,NA,Jordan Ash,Scottie Lindsey,Bryant McIntosh,Dererk Pardon,Aaron Falzon,Delaney Blaylock,Josh Niego,Adam Pischke,Nick Norton,Cristen Wilson
2017-18,2017-12-19,1944147,61,0,1,Northwestern,Lewis,Wildcats,Flyers,4,4,21,10,11,2077,Lewis,1669,469,1,Personal foul committed by Cristen Wilson.,NA,FALSE,FALSE,NA,NA,NA,NA,NA,NA,0,Northwestern,Northwestern,26,NA,Jordan Ash,Scottie Lindsey,Bryant McIntosh,Dererk Pardon,Aaron Falzon,Delaney Blaylock,Josh Niego,Adam Pischke,Nick Norton,Cristen Wilson
2017-18,2017-12-19,1944147,62,0,1,Northwestern,Lewis,Wildcats,Flyers,4,4,21,10,11,NA,NA,1669,469,0,Official TV timeout.,NA,FALSE,FALSE,NA,NA,NA,NA,NA,NA,0,NA,NA,NA,NA,Jordan Ash,Scottie Lindsey,Bryant McIntosh,Dererk Pardon,Aaron Falzon,Delaney Blaylock,Josh Niego,Adam Pischke,Nick Norton,Cristen Wilson
2017-18,2017-12-19,1944147,63,0,1,Northwestern,Lewis,Wildcats,Flyers,4,4,22,10,12,1547,Northwestern,1669,469,0,Dererk Pardon makes free throw 1 of 2.,made,TRUE,FALSE,NA,NA,NA,NA,NA,NA,0,Northwestern,Northwestern,26,NA,Jordan Ash,Scottie Lindsey,Bryant McIntosh,Dererk Pardon,Aaron Falzon,Delaney Blaylock,Josh Niego,Adam Pischke,Nick Norton,Cristen Wilson
2017-18,2017-12-19,1944147,64,0,1,Northwestern,Lewis,Wildcats,Flyers,4,4,23,10,13,1547,Northwestern,1669,469,0,Dererk Pardon makes free throw 2 of 2.,made,TRUE,FALSE,NA,NA,NA,NA,NA,NA,0,Northwestern,Lewis,26,NA,Jordan Ash,Scottie Lindsey,Bryant McIntosh,Dererk Pardon,Aaron Falzon,Delaney Blaylock,Josh Niego,Adam Pischke,Nick Norton,Cristen Wilson
2017-18,2017-12-19,1944147,65,0,1,Northwestern,Lewis,Wildcats,Flyers,4,4,23,10,13,1547,Northwestern,1662,462,7,Anthony Gaines misses a dunk.,missed,FALSE,FALSE,Dunk Shot,25,5.25,1061131,Anthony Gaines,NA,0,Northwestern,Northwestern,27,NA,Jordan Ash,Scottie Lindsey,Bryant McIntosh,Dererk Pardon,Aaron Falzon,Delaney Blaylock,Josh Niego,Adam Pischke,Nick Norton,Cristen Wilson
2017-18,2017-12-19,1944147,66,0,1,Northwestern,Lewis,Wildcats,Flyers,4,4,25,10,15,1547,Northwestern,1648,448,14,Scottie Lindsey makes a layup.,made,FALSE,FALSE,Layup Shot,26,6.25,844031,Scottie Lindsey,NA,0,Northwestern,Lewis,27,NA,Jordan Ash,Scottie Lindsey,Bryant McIntosh,Dererk Pardon,Aaron Falzon,Delaney Blaylock,Josh Niego,Adam Pischke,Nick Norton,Cristen Wilson
2017-18,2017-12-19,1944147,67,0,1,Northwestern,Lewis,Wildcats,Flyers,4,4,25,12,13,2077,Lewis,1625,425,23,Nick Norton makes a layup.,made,FALSE,FALSE,Layup Shot,26,6.25,1077127,Nick Norton,NA,0,Lewis,Northwestern,28,NA,Jordan Ash,Scottie Lindsey,Bryant McIntosh,Dererk Pardon,Aaron Falzon,Delaney Blaylock,Josh Niego,Adam Pischke,Nick Norton,Cristen Wilson
2017-18,2017-12-19,1944147,68,0,1,Northwestern,Lewis,Wildcats,Flyers,4,4,27,12,15,1547,Northwestern,1605,405,20,Dererk Pardon makes a layup.,made,FALSE,FALSE,Layup Shot,26,6.25,882463,Dererk Pardon,NA,0,Northwestern,Lewis,29,NA,Jordan Ash,Scottie Lindsey,Bryant McIntosh,Dererk Pardon,Aaron Falzon,Delaney Blaylock,Josh Niego,Adam Pischke,Nick Norton,Cristen Wilson
2017-18,2017-12-19,1944147,69,0,1,Northwestern,Lewis,Wildcats,Flyers,4,4,27,12,15,2077,Lewis,1585,385,20,Nick Norton misses a 3-point jump shot from 24 feet out.,missed,FALSE,TRUE,Jump Shot,5.5,18.95,1077127,Nick Norton,NA,0,Lewis,Lewis,30,NA,Jordan Ash,Scottie Lindsey,Bryant McIntosh,Dererk Pardon,Aaron Falzon,Delaney Blaylock,Josh Niego,Adam Pischke,Nick Norton,Cristen Wilson
2017-18,2017-12-19,1944147,70,0,1,Northwestern,Lewis,Wildcats,Flyers,4,4,27,12,15,2077,Lewis,1577,377,8,Offensive foul committed by Cristen Wilson.,NA,FALSE,FALSE,NA,NA,NA,NA,NA,NA,0,Lewis,Northwestern,30,NA,Jordan Ash,Scottie Lindsey,Bryant McIntosh,Dererk Pardon,Aaron Falzon,Delaney Blaylock,Josh Niego,Adam Pischke,Nick Norton,Cristen Wilson
2017-18,2017-12-19,1944147,71,0,1,Northwestern,Lewis,Wildcats,Flyers,4,4,30,12,18,1547,Northwestern,1566,366,11,Bryant McIntosh makes a 3-point jump shot from 25 feet out.,made,FALSE,TRUE,Jump Shot,40.6,24.849999999999994,844035,Bryant McIntosh,NA,0,Northwestern,Lewis,31,NA,Jordan Ash,Scottie Lindsey,Bryant McIntosh,Dererk Pardon,Aaron Falzon,Delaney Blaylock,Josh Niego,Adam Pischke,Nick Norton,Cristen Wilson
2017-18,2017-12-19,1944147,72,0,1,Northwestern,Lewis,Wildcats,Flyers,4,3,30,12,18,2077,Lewis,1564,364,2,Flyers take a 30-second timeout.,NA,FALSE,FALSE,NA,NA,NA,NA,NA,NA,0,NA,NA,NA,NA,Jordan Ash,Scottie Lindsey,Bryant McIntosh,Dererk Pardon,Aaron Falzon,Delaney Blaylock,Josh Niego,Adam Pischke,Nick Norton,Cristen Wilson
2017-18,2017-12-19,1944147,73,0,1,Northwestern,Lewis,Wildcats,Flyers,4,3,30,12,18,1547,Northwestern,1550,350,14,Personal foul committed by Jordan Ash.,NA,FALSE,FALSE,NA,NA,NA,NA,NA,NA,0,Lewis,Lewis,32,NA,Jordan Ash,Scottie Lindsey,Bryant McIntosh,Dererk Pardon,Aaron Falzon,Delaney Blaylock,Josh Niego,Adam Pischke,Nick Norton,Cristen Wilson
2017-18,2017-12-19,1944147,74,0,1,Northwestern,Lewis,Wildcats,Flyers,4,3,30,12,18,2077,Lewis,1550,350,0,Nick Norton misses free throw 1 of 1.,missed,TRUE,FALSE,NA,NA,NA,NA,NA,NA,0,Lewis,Northwestern,32,NA,Jordan Ash,Scottie Lindsey,Bryant McIntosh,Dererk Pardon,Aaron Falzon,Delaney Blaylock,Josh Niego,Adam Pischke,Nick Norton,Cristen Wilson
2017-18,2017-12-19,1944147,75,0,1,Northwestern,Lewis,Wildcats,Flyers,4,3,32,12,20,1547,Northwestern,1541,341,9,Dererk Pardon dunks.,made,FALSE,FALSE,Dunk Shot,26,6.25,882463,Dererk Pardon,NA,0,Northwestern,Lewis,33,NA,Jordan Ash,Scottie Lindsey,Bryant McIntosh,Dererk Pardon,Aaron Falzon,Delaney Blaylock,Josh Niego,Adam Pischke,Nick Norton,Cristen Wilson
2017-18,2017-12-19,1944147,76,0,1,Northwestern,Lewis,Wildcats,Flyers,4,3,32,12,20,1547,Northwestern,1532,332,9,Personal foul committed by Scottie Lindsey.,NA,FALSE,FALSE,NA,NA,NA,NA,NA,NA,0,Lewis,Lewis,34,NA,Jordan Ash,Scottie Lindsey,Bryant McIntosh,Dererk Pardon,Aaron Falzon,Delaney Blaylock,Josh Niego,Adam Pischke,Nick Norton,Cristen Wilson
2017-18,2017-12-19,1944147,77,0,1,Northwestern,Lewis,Wildcats,Flyers,4,3,32,13,19,2077,Lewis,1532,332,0,Dre Bell makes free throw 1 of 1.,made,TRUE,FALSE,NA,NA,NA,NA,NA,NA,0,Lewis,Northwestern,34,NA,Jordan Ash,Scottie Lindsey,Bryant McIntosh,Dererk Pardon,Aaron Falzon,Delaney Blaylock,Josh Niego,Adam Pischke,Nick Norton,Cristen Wilson
2017-18,2017-12-19,1944147,78,0,1,Northwestern,Lewis,Wildcats,Flyers,4,3,32,14,18,2077,Lewis,1532,332,0,Dre Bell makes free throw 1 of 1.,made,TRUE,FALSE,NA,NA,NA,NA,NA,NA,0,Lewis,Northwestern,35,NA,Jordan Ash,Scottie Lindsey,Bryant McIntosh,Dererk Pardon,Aaron Falzon,Delaney Blaylock,Josh Niego,Adam Pischke,Nick Norton,Cristen Wilson
2017-18,2017-12-19,1944147,79,0,1,Northwestern,Lewis,Wildcats,Flyers,4,3,32,14,18,1547,Northwestern,1524,324,8,Offensive foul committed by Dererk Pardon.,NA,FALSE,FALSE,NA,NA,NA,NA,NA,NA,0,Northwestern,Lewis,36,NA,Jordan Ash,Scottie Lindsey,Bryant McIntosh,Dererk Pardon,Aaron Falzon,Delaney Blaylock,Josh Niego,Adam Pischke,Nick Norton,Cristen Wilson
2017-18,2017-12-19,1944147,80,0,1,Northwestern,Lewis,Wildcats,Flyers,4,3,35,14,21,1547,Northwestern,1503,303,21,Bryant McIntosh makes a 3-point jump shot from 25 feet out.,made,FALSE,TRUE,Jump Shot,4.200000000000003,18.950000000000003,844035,Bryant McIntosh,NA,0,Northwestern,Lewis,37,NA,Jordan Ash,Scottie Lindsey,Bryant McIntosh,Dererk Pardon,Aaron Falzon,Delaney Blaylock,Josh Niego,Adam Pischke,Nick Norton,Cristen Wilson
2017-18,2017-12-19,1944147,81,0,1,Northwestern,Lewis,Wildcats,Flyers,4,3,35,14,21,2077,Lewis,1490,290,13,Offensive foul committed by Adam Pischke.,NA,FALSE,FALSE,NA,NA,NA,NA,NA,NA,0,Lewis,Northwestern,38,NA,Jordan Ash,Scottie Lindsey,Bryant McIntosh,Dererk Pardon,Aaron Falzon,Delaney Blaylock,Josh Niego,Adam Pischke,Nick Norton,Cristen Wilson
2017-18,2017-12-19,1944147,82,0,1,Northwestern,Lewis,Wildcats,Flyers,4,3,35,14,21,1547,Northwestern,1474,274,16,Bryant McIntosh misses a 3-point jump shot from 24 feet out.,missed,FALSE,TRUE,Jump Shot,5,18.549999999999997,844035,Bryant McIntosh,NA,0,Northwestern,Lewis,39,NA,Jordan Ash,Scottie Lindsey,Bryant McIntosh,Dererk Pardon,Aaron Falzon,Delaney Blaylock,Josh Niego,Adam Pischke,Nick Norton,Cristen Wilson
2017-18,2017-12-19,1944147,83,0,1,Northwestern,Lewis,Wildcats,Flyers,4,3,35,14,21,1547,Northwestern,1471,271,3,Personal foul committed by Isiah Brown.,NA,FALSE,FALSE,NA,NA,NA,NA,NA,NA,0,Lewis,Lewis,40,NA,Jordan Ash,Scottie Lindsey,Bryant McIntosh,Dererk Pardon,Aaron Falzon,Delaney Blaylock,Josh Niego,Adam Pischke,Nick Norton,Cristen Wilson
2017-18,2017-12-19,1944147,84,0,1,Northwestern,Lewis,Wildcats,Flyers,4,3,35,15,20,2077,Lewis,1471,271,0,Adam Pischke makes free throw 1 of 2.,made,TRUE,FALSE,NA,NA,NA,NA,NA,NA,0,Lewis,Lewis,40,NA,Jordan Ash,Scottie Lindsey,Bryant McIntosh,Dererk Pardon,Aaron Falzon,Delaney Blaylock,Josh Niego,Adam Pischke,Nick Norton,Cristen Wilson
2017-18,2017-12-19,1944147,85,0,1,Northwestern,Lewis,Wildcats,Flyers,4,3,35,16,19,2077,Lewis,1471,271,0,Adam Pischke makes free throw 2 of 2.,made,TRUE,FALSE,NA,NA,NA,NA,NA,NA,0,Lewis,Northwestern,40,NA,Jordan Ash,Scottie Lindsey,Bryant McIntosh,Dererk Pardon,Aaron Falzon,Delaney Blaylock,Josh Niego,Adam Pischke,Nick Norton,Cristen Wilson
2017-18,2017-12-19,1944147,86,0,1,Northwestern,Lewis,Wildcats,Flyers,4,3,37,16,21,1547,Northwestern,1452,252,19,Gavin Skelly makes a jump shot from 16 feet out.,made,FALSE,FALSE,Jump Shot,8.899999999999999,7.049999999999997,844036,Gavin Skelly,NA,0,Northwestern,Lewis,41,NA,Jordan Ash,Scottie Lindsey,Bryant McIntosh,Dererk Pardon,Aaron Falzon,Delaney Blaylock,Josh Niego,Adam Pischke,Nick Norton,Cristen Wilson
2017-18,2017-12-19,1944147,87,0,1,Northwestern,Lewis,Wildcats,Flyers,4,3,37,16,21,2077,Lewis,1436,236,16,Adam Pischke misses a jump shot from 8 feet out.,missed,FALSE,FALSE,Jump Shot,20.7,11.75,1077126,Adam Pischke,NA,0,Lewis,Northwestern,42,NA,Jordan Ash,Scottie Lindsey,Bryant McIntosh,Dererk Pardon,Aaron Falzon,Delaney Blaylock,Josh Niego,Adam Pischke,Nick Norton,Cristen Wilson
2017-18,2017-12-19,1944147,88,0,1,Northwestern,Lewis,Wildcats,Flyers,4,3,39,16,23,1547,Northwestern,1429,229,7,Isiah Brown makes a jump shot from 18 feet out.,made,FALSE,FALSE,Jump Shot,39.4,16.549999999999997,945009,Isiah Brown,NA,0,Northwestern,Lewis,43,NA,Jordan Ash,Scottie Lindsey,Bryant McIntosh,Dererk Pardon,Aaron Falzon,Delaney Blaylock,Josh Niego,Adam Pischke,Nick Norton,Cristen Wilson
2017-18,2017-12-19,1944147,89,0,1,Northwestern,Lewis,Wildcats,Flyers,4,3,39,16,23,NA,NA,1403,203,26,Official TV timeout.,NA,FALSE,FALSE,NA,NA,NA,NA,NA,NA,0,NA,NA,NA,NA,Jordan Ash,Scottie Lindsey,Bryant McIntosh,Dererk Pardon,Aaron Falzon,Delaney Blaylock,Josh Niego,Adam Pischke,Nick Norton,Cristen Wilson
2017-18,2017-12-19,1944147,90,0,1,Northwestern,Lewis,Wildcats,Flyers,4,3,42,16,26,1547,Northwestern,1383,183,20,Bryant McIntosh makes a 3-point jump shot from 24 feet out.,made,FALSE,TRUE,Jump Shot,37.7,26.049999999999997,844035,Bryant McIntosh,NA,0,Northwestern,Lewis,44,NA,Jordan Ash,Scottie Lindsey,Bryant McIntosh,Dererk Pardon,Aaron Falzon,Delaney Blaylock,Josh Niego,Adam Pischke,Nick Norton,Cristen Wilson
2017-18,2017-12-19,1944147,91,0,1,Northwestern,Lewis,Wildcats,Flyers,4,3,42,16,26,2077,Lewis,1382,182,1,Personal foul committed by Adam Pischke.,NA,FALSE,FALSE,NA,NA,NA,NA,NA,NA,0,Northwestern,Northwestern,45,NA,Jordan Ash,Scottie Lindsey,Bryant McIntosh,Dererk Pardon,Aaron Falzon,Delaney Blaylock,Josh Niego,Adam Pischke,Nick Norton,Cristen Wilson
2017-18,2017-12-19,1944147,92,0,1,Northwestern,Lewis,Wildcats,Flyers,4,3,43,16,27,1547,Northwestern,1382,182,0,Barret Benson makes free throw 1 of 2.,made,TRUE,FALSE,NA,NA,NA,NA,NA,NA,0,Northwestern,Northwestern,45,NA,Jordan Ash,Scottie Lindsey,Bryant McIntosh,Dererk Pardon,Aaron Falzon,Delaney Blaylock,Josh Niego,Adam Pischke,Nick Norton,Cristen Wilson
2017-18,2017-12-19,1944147,93,0,1,Northwestern,Lewis,Wildcats,Flyers,4,3,44,16,28,1547,Northwestern,1382,182,0,Barret Benson makes free throw 2 of 2.,made,TRUE,FALSE,NA,NA,NA,NA,NA,NA,0,Northwestern,Lewis,45,NA,Jordan Ash,Scottie Lindsey,Bryant McIntosh,Dererk Pardon,Aaron Falzon,Delaney Blaylock,Josh Niego,Adam Pischke,Nick Norton,Cristen Wilson
2017-18,2017-12-19,1944147,94,0,1,Northwestern,Lewis,Wildcats,Flyers,4,3,44,16,28,2077,Lewis,1368,168,14,Josh Niego misses a 3-point jump shot from 25 feet out.,missed,FALSE,TRUE,Jump Shot,10.6,25.25,1077136,Josh Niego,NA,0,Lewis,Lewis,46,NA,Jordan Ash,Scottie Lindsey,Bryant McIntosh,Dererk Pardon,Aaron Falzon,Delaney Blaylock,Josh Niego,Adam Pischke,Nick Norton,Cristen Wilson
2017-18,2017-12-19,1944147,95,0,1,Northwestern,Lewis,Wildcats,Flyers,4,3,44,16,28,2077,Lewis,1349,149,19,Delaney Blaylock misses a layup.,missed,FALSE,FALSE,Layup Shot,26,6.25,1077130,Delaney Blaylock,NA,0,Lewis,Northwestern,46,NA,Jordan Ash,Scottie Lindsey,Bryant McIntosh,Dererk Pardon,Aaron Falzon,Delaney Blaylock,Josh Niego,Adam Pischke,Nick Norton,Cristen Wilson
2017-18,2017-12-19,1944147,96,0,1,Northwestern,Lewis,Wildcats,Flyers,4,3,44,16,28,2077,Lewis,1340,140,9,Shooting foul committed by Nick Norton.,NA,FALSE,FALSE,NA,NA,NA,NA,NA,NA,0,Northwestern,Northwestern,47,NA,Jordan Ash,Scottie Lindsey,Bryant McIntosh,Dererk Pardon,Aaron Falzon,Delaney Blaylock,Josh Niego,Adam Pischke,Nick Norton,Cristen Wilson
2017-18,2017-12-19,1944147,97,0,1,Northwestern,Lewis,Wildcats,Flyers,4,3,45,16,29,1547,Northwestern,1340,140,0,Gavin Skelly makes free throw 1 of 2.,made,TRUE,FALSE,NA,NA,NA,NA,NA,NA,0,Northwestern,Northwestern,47,NA,Jordan Ash,Scottie Lindsey,Bryant McIntosh,Dererk Pardon,Aaron Falzon,Delaney Blaylock,Josh Niego,Adam Pischke,Nick Norton,Cristen Wilson
2017-18,2017-12-19,1944147,98,0,1,Northwestern,Lewis,Wildcats,Flyers,4,3,46,16,30,1547,Northwestern,1340,140,0,Gavin Skelly makes free throw 2 of 2.,made,TRUE,FALSE,NA,NA,NA,NA,NA,NA,0,Northwestern,Lewis,47,NA,Jordan Ash,Scottie Lindsey,Bryant McIntosh,Dererk Pardon,Aaron Falzon,Delaney Blaylock,Josh Niego,Adam Pischke,Nick Norton,Cristen Wilson
2017-18,2017-12-19,1944147,99,0,1,Northwestern,Lewis,Wildcats,Flyers,4,3,46,16,30,1547,Northwestern,1326,126,14,Personal foul committed by Isiah Brown.,NA,FALSE,FALSE,NA,NA,NA,NA,NA,NA,0,Lewis,Lewis,48,NA,Jordan Ash,Scottie Lindsey,Bryant McIntosh,Dererk Pardon,Aaron Falzon,Delaney Blaylock,Josh Niego,Adam Pischke,Nick Norton,Cristen Wilson
2017-18,2017-12-19,1944147,100,0,1,Northwestern,Lewis,Wildcats,Flyers,4,3,46,16,30,2077,Lewis,1326,126,0,Brandon McCombs misses free throw 1 of 2.,missed,TRUE,FALSE,NA,NA,NA,NA,NA,NA,0,Lewis,Lewis,48,NA,Jordan Ash,Scottie Lindsey,Bryant McIntosh,Dererk Pardon,Aaron Falzon,Delaney Blaylock,Josh Niego,Adam Pischke,Nick Norton,Cristen Wilson
2017-18,2017-12-19,1944147,101,0,1,Northwestern,Lewis,Wildcats,Flyers,4,3,46,17,29,2077,Lewis,1326,126,0,Brandon McCombs makes free throw 2 of 2.,made,TRUE,FALSE,NA,NA,NA,NA,NA,NA,0,Lewis,Northwestern,48,NA,Jordan Ash,Scottie Lindsey,Bryant McIntosh,Dererk Pardon,Aaron Falzon,Delaney Blaylock,Josh Niego,Adam Pischke,Nick Norton,Cristen Wilson
2017-18,2017-12-19,1944147,102,0,1,Northwestern,Lewis,Wildcats,Flyers,4,3,46,17,29,1547,Northwestern,1309,109,17,Jordan Ash misses a 3-point jump shot from 25 feet out.,missed,FALSE,TRUE,Jump Shot,37.2,26.549999999999997,882466,Jordan Ash,NA,0,Northwestern,Lewis,49,NA,Jordan Ash,Scottie Lindsey,Bryant McIntosh,Dererk Pardon,Aaron Falzon,Delaney Blaylock,Josh Niego,Adam Pischke,Nick Norton,Cristen Wilson
2017-18,2017-12-19,1944147,103,0,1,Northwestern,Lewis,Wildcats,Flyers,4,3,46,17,29,2077,Lewis,1295,95,14,Offensive foul committed by Nick Norton.,NA,FALSE,FALSE,NA,NA,NA,NA,NA,NA,0,Lewis,Northwestern,50,NA,Jordan Ash,Scottie Lindsey,Bryant McIntosh,Dererk Pardon,Aaron Falzon,Delaney Blaylock,Josh Niego,Adam Pischke,Nick Norton,Cristen Wilson
2017-18,2017-12-19,1944147,104,0,1,Northwestern,Lewis,Wildcats,Flyers,4,3,49,17,32,1547,Northwestern,1274,74,21,Bryant McIntosh makes a 3-point jump shot from 24 feet out.,made,FALSE,TRUE,Jump Shot,7.200000000000003,21.450000000000003,844035,Bryant McIntosh,NA,0,Northwestern,Lewis,51,NA,Jordan Ash,Scottie Lindsey,Bryant McIntosh,Dererk Pardon,Aaron Falzon,Delaney Blaylock,Josh Niego,Adam Pischke,Nick Norton,Cristen Wilson
2017-18,2017-12-19,1944147,105,0,1,Northwestern,Lewis,Wildcats,Flyers,4,3,49,19,30,2077,Lewis,1253,53,21,Nick Norton makes a layup.,made,FALSE,FALSE,Layup Shot,26,6.25,1077127,Nick Norton,NA,0,Lewis,Lewis,52,NA,Jordan Ash,Scottie Lindsey,Bryant McIntosh,Dererk Pardon,Aaron Falzon,Delaney Blaylock,Josh Niego,Adam Pischke,Nick Norton,Cristen Wilson
2017-18,2017-12-19,1944147,106,0,1,Northwestern,Lewis,Wildcats,Flyers,4,3,49,19,30,1547,Northwestern,1252,52,1,Shooting foul committed by Barret Benson.,NA,FALSE,FALSE,NA,NA,NA,NA,NA,NA,0,Lewis,Lewis,52,NA,Jordan Ash,Scottie Lindsey,Bryant McIntosh,Dererk Pardon,Aaron Falzon,Delaney Blaylock,Josh Niego,Adam Pischke,Nick Norton,Cristen Wilson
2017-18,2017-12-19,1944147,107,0,1,Northwestern,Lewis,Wildcats,Flyers,4,3,49,20,29,2077,Lewis,1252,52,0,Nick Norton makes free throw 1 of 1.,made,TRUE,FALSE,NA,NA,NA,NA,NA,NA,0,Lewis,Northwestern,52,NA,Jordan Ash,Scottie Lindsey,Bryant McIntosh,Dererk Pardon,Aaron Falzon,Delaney Blaylock,Josh Niego,Adam Pischke,Nick Norton,Cristen Wilson
2017-18,2017-12-19,1944147,108,0,1,Northwestern,Lewis,Wildcats,Flyers,4,3,49,20,29,1547,Northwestern,1240,40,12,Offensive foul committed by Gavin Skelly.,NA,FALSE,FALSE,NA,NA,NA,NA,NA,NA,0,Northwestern,Lewis,53,NA,Jordan Ash,Scottie Lindsey,Bryant McIntosh,Dererk Pardon,Aaron Falzon,Delaney Blaylock,Josh Niego,Adam Pischke,Nick Norton,Cristen Wilson
2017-18,2017-12-19,1944147,109,0,1,Northwestern,Lewis,Wildcats,Flyers,4,3,49,22,27,2077,Lewis,1222,22,18,Delaney Blaylock makes a jump shot from 19 feet out.,made,FALSE,FALSE,Jump Shot,30.4,23.65,1077130,Delaney Blaylock,NA,0,Lewis,Northwestern,54,NA,Jordan Ash,Scottie Lindsey,Bryant McIntosh,Dererk Pardon,Aaron Falzon,Delaney Blaylock,Josh Niego,Adam Pischke,Nick Norton,Cristen Wilson
2017-18,2017-12-19,1944147,110,0,1,Northwestern,Lewis,Wildcats,Flyers,4,3,49,22,27,1547,Northwestern,1201,1,21,Bryant McIntosh misses a 3-point jump shot from 24 feet out.,missed,FALSE,TRUE,Jump Shot,23.4,28.75,844035,Bryant McIntosh,NA,0,Northwestern,Lewis,55,NA,Jordan Ash,Scottie Lindsey,Bryant McIntosh,Dererk Pardon,Aaron Falzon,Delaney Blaylock,Josh Niego,Adam Pischke,Nick Norton,Cristen Wilson
2017-18,2017-12-19,1944147,111,0,1,Northwestern,Lewis,Wildcats,Flyers,4,3,49,22,27,NA,NA,1200,0,1,End of the 1st Half,NA,FALSE,FALSE,NA,NA,NA,NA,NA,NA,0,NA,NA,NA,NA,Jordan Ash,Scottie Lindsey,Bryant McIntosh,Dererk Pardon,Aaron Falzon,Delaney Blaylock,Josh Niego,Adam Pischke,Nick Norton,Cristen Wilson
2017-18,2017-12-19,1944147,112,0,2,Northwestern,Lewis,Wildcats,Flyers,4,4,49,22,27,NA,NA,1200,1200,0,Start of the 2nd Half,NA,FALSE,FALSE,NA,NA,NA,NA,NA,NA,0,NA,Lewis,56,NA,Jordan Ash,Scottie Lindsey,Bryant McIntosh,Dererk Pardon,Aaron Falzon,Delaney Blaylock,Josh Niego,Adam Pischke,Nick Norton,Cristen Wilson
2017-18,2017-12-19,1944147,113,0,2,Northwestern,Lewis,Wildcats,Flyers,4,4,49,24,25,2077,Lewis,1182,1182,18,Cristen Wilson makes a layup.,made,FALSE,FALSE,Layup Shot,25,5.25,1077125,Cristen Wilson,NA,0,Lewis,Northwestern,57,NA,Jordan Ash,Scottie Lindsey,Bryant McIntosh,Dererk Pardon,Aaron Falzon,Delaney Blaylock,Josh Niego,Adam Pischke,Nick Norton,Cristen Wilson
2017-18,2017-12-19,1944147,114,0,2,Northwestern,Lewis,Wildcats,Flyers,4,4,52,24,28,1547,Northwestern,1160,1160,22,Aaron Falzon makes a 3-point jump shot from 24 feet out.,made,FALSE,TRUE,Jump Shot,25.4,29.650000000000006,882467,Aaron Falzon,NA,0,Northwestern,Lewis,58,NA,Jordan Ash,Scottie Lindsey,Bryant McIntosh,Dererk Pardon,Aaron Falzon,Delaney Blaylock,Josh Niego,Adam Pischke,Nick Norton,Cristen Wilson
2017-18,2017-12-19,1944147,115,0,2,Northwestern,Lewis,Wildcats,Flyers,4,4,52,26,26,2077,Lewis,1131,1131,29,Delaney Blaylock dunks.,made,FALSE,FALSE,Dunk Shot,25,5.25,1077130,Delaney Blaylock,NA,0,Lewis,Northwestern,59,NA,Jordan Ash,Scottie Lindsey,Bryant McIntosh,Dererk Pardon,Aaron Falzon,Delaney Blaylock,Josh Niego,Adam Pischke,Nick Norton,Cristen Wilson
2017-18,2017-12-19,1944147,116,0,2,Northwestern,Lewis,Wildcats,Flyers,4,4,52,26,26,1547,Northwestern,1120,1120,11,Aaron Falzon misses a jump shot from 11 feet out.,missed,FALSE,FALSE,Jump Shot,26.1,15.650000000000006,882467,Aaron Falzon,NA,0,Northwestern,Lewis,60,NA,Jordan Ash,Scottie Lindsey,Bryant McIntosh,Dererk Pardon,Aaron Falzon,Delaney Blaylock,Josh Niego,Adam Pischke,Nick Norton,Cristen Wilson
2017-18,2017-12-19,1944147,117,0,2,Northwestern,Lewis,Wildcats,Flyers,4,4,52,26,26,2077,Lewis,1097,1097,23,Josh Niego misses a jump shot from 14 feet out.,missed,FALSE,FALSE,Jump Shot,38.2,8.75,1077136,Josh Niego,NA,0,Lewis,Northwestern,61,NA,Jordan Ash,Scottie Lindsey,Bryant McIntosh,Dererk Pardon,Aaron Falzon,Delaney Blaylock,Josh Niego,Adam Pischke,Nick Norton,Cristen Wilson
2017-18,2017-12-19,1944147,118,0,2,Northwestern,Lewis,Wildcats,Flyers,4,4,55,26,29,1547,Northwestern,1088,1088,9,Bryant McIntosh makes a 3-point jump shot from 25 feet out.,made,FALSE,TRUE,Jump Shot,13.700000000000003,27.049999999999997,844035,Bryant McIntosh,NA,0,Northwestern,Lewis,62,NA,Jordan Ash,Scottie Lindsey,Bryant McIntosh,Dererk Pardon,Aaron Falzon,Delaney Blaylock,Josh Niego,Adam Pischke,Nick Norton,Cristen Wilson
2017-18,2017-12-19,1944147,119,0,2,Northwestern,Lewis,Wildcats,Flyers,4,4,55,26,29,2077,Lewis,1074,1074,14,Offensive foul committed by Adam Pischke.,NA,FALSE,FALSE,NA,NA,NA,NA,NA,NA,0,Lewis,Northwestern,63,NA,Jordan Ash,Scottie Lindsey,Bryant McIntosh,Dererk Pardon,Aaron Falzon,Delaney Blaylock,Josh Niego,Adam Pischke,Nick Norton,Cristen Wilson
2017-18,2017-12-19,1944147,120,0,2,Northwestern,Lewis,Wildcats,Flyers,4,4,55,26,29,2077,Lewis,1074,1074,0,Substitution: Marco Pettinato in for Adam Pischke.,NA,FALSE,FALSE,NA,NA,NA,NA,NA,NA,1,NA,NA,NA,NA,Jordan Ash,Scottie Lindsey,Bryant McIntosh,Dererk Pardon,Aaron Falzon,Delaney Blaylock,Josh Niego,Marco Pettinato,Nick Norton,Cristen Wilson
2017-18,2017-12-19,1944147,121,0,2,Northwestern,Lewis,Wildcats,Flyers,4,4,57,26,31,1547,Northwestern,1067,1067,7,Dererk Pardon dunks.,made,FALSE,FALSE,Dunk Shot,26,6.25,882463,Dererk Pardon,NA,0,Northwestern,Lewis,64,NA,Jordan Ash,Scottie Lindsey,Bryant McIntosh,Dererk Pardon,Aaron Falzon,Delaney Blaylock,Josh Niego,Marco Pettinato,Nick Norton,Cristen Wilson
2017-18,2017-12-19,1944147,122,0,2,Northwestern,Lewis,Wildcats,Flyers,4,4,57,26,31,2077,Lewis,1052,1052,15,Cristen Wilson misses a jump shot from 6 feet out.,missed,FALSE,FALSE,Jump Shot,24.4,10.75,1077125,Cristen Wilson,NA,0,Lewis,Northwestern,65,NA,Jordan Ash,Scottie Lindsey,Bryant McIntosh,Dererk Pardon,Aaron Falzon,Delaney Blaylock,Josh Niego,Marco Pettinato,Nick Norton,Cristen Wilson
2017-18,2017-12-19,1944147,123,0,2,Northwestern,Lewis,Wildcats,Flyers,4,4,57,26,31,2077,Lewis,1047,1047,5,Personal foul committed by Josh Niego.,NA,FALSE,FALSE,NA,NA,NA,NA,NA,NA,0,Northwestern,Northwestern,66,NA,Jordan Ash,Scottie Lindsey,Bryant McIntosh,Dererk Pardon,Aaron Falzon,Delaney Blaylock,Josh Niego,Marco Pettinato,Nick Norton,Cristen Wilson
2017-18,2017-12-19,1944147,124,0,2,Northwestern,Lewis,Wildcats,Flyers,4,4,57,26,31,1547,Northwestern,1027,1027,20,Aaron Falzon misses a 3-point jump shot from 25 feet out.,missed,FALSE,TRUE,Jump Shot,28.7,29.650000000000006,882467,Aaron Falzon,NA,0,Northwestern,Lewis,66,NA,Jordan Ash,Scottie Lindsey,Bryant McIntosh,Dererk Pardon,Aaron Falzon,Delaney Blaylock,Josh Niego,Marco Pettinato,Nick Norton,Cristen Wilson
2017-18,2017-12-19,1944147,125,0,2,Northwestern,Lewis,Wildcats,Flyers,4,4,57,26,31,2077,Lewis,1014,1014,13,Cristen Wilson misses a layup.,missed,FALSE,FALSE,Layup Shot,26,6.25,1077125,Cristen Wilson,NA,0,Lewis,Northwestern,67,NA,Jordan Ash,Scottie Lindsey,Bryant McIntosh,Dererk Pardon,Aaron Falzon,Delaney Blaylock,Josh Niego,Marco Pettinato,Nick Norton,Cristen Wilson
2017-18,2017-12-19,1944147,126,0,2,Northwestern,Lewis,Wildcats,Flyers,4,4,57,26,31,2077,Lewis,1005,1005,9,Personal foul committed by Nick Norton.,NA,FALSE,FALSE,NA,NA,NA,NA,NA,NA,0,Northwestern,Northwestern,68,NA,Jordan Ash,Scottie Lindsey,Bryant McIntosh,Dererk Pardon,Aaron Falzon,Delaney Blaylock,Josh Niego,Marco Pettinato,Nick Norton,Cristen Wilson
2017-18,2017-12-19,1944147,127,0,2,Northwestern,Lewis,Wildcats,Flyers,4,4,57,26,31,1547,Northwestern,993,993,12,Shooting foul committed by Aaron Falzon.,NA,FALSE,FALSE,NA,NA,NA,NA,NA,NA,0,Lewis,Lewis,68,NA,Jordan Ash,Scottie Lindsey,Bryant McIntosh,Dererk Pardon,Aaron Falzon,Delaney Blaylock,Josh Niego,Marco Pettinato,Nick Norton,Cristen Wilson
2017-18,2017-12-19,1944147,128,0,2,Northwestern,Lewis,Wildcats,Flyers,4,4,57,26,31,2077,Lewis,993,993,0,Cristen Wilson misses free throw 1 of 2.,missed,TRUE,FALSE,NA,NA,NA,NA,NA,NA,0,Lewis,Lewis,68,NA,Jordan Ash,Scottie Lindsey,Bryant McIntosh,Dererk Pardon,Aaron Falzon,Delaney Blaylock,Josh Niego,Marco Pettinato,Nick Norton,Cristen Wilson
2017-18,2017-12-19,1944147,129,0,2,Northwestern,Lewis,Wildcats,Flyers,4,4,57,27,30,2077,Lewis,993,993,0,Cristen Wilson makes free throw 2 of 2.,made,TRUE,FALSE,NA,NA,NA,NA,NA,NA,0,Lewis,Northwestern,68,NA,Jordan Ash,Scottie Lindsey,Bryant McIntosh,Dererk Pardon,Aaron Falzon,Delaney Blaylock,Josh Niego,Marco Pettinato,Nick Norton,Cristen Wilson
2017-18,2017-12-19,1944147,130,0,2,Northwestern,Lewis,Wildcats,Flyers,4,4,57,27,30,1547,Northwestern,954,954,39,Aaron Falzon misses a layup.,missed,FALSE,FALSE,Layup Shot,26,6.25,882467,Aaron Falzon,NA,0,Northwestern,Lewis,69,NA,Jordan Ash,Scottie Lindsey,Bryant McIntosh,Dererk Pardon,Aaron Falzon,Delaney Blaylock,Josh Niego,Marco Pettinato,Nick Norton,Cristen Wilson
2017-18,2017-12-19,1944147,131,0,2,Northwestern,Lewis,Wildcats,Flyers,4,4,57,27,30,NA,NA,952,952,2,Official TV timeout.,NA,FALSE,FALSE,NA,NA,NA,NA,NA,NA,0,NA,NA,NA,NA,Jordan Ash,Scottie Lindsey,Bryant McIntosh,Dererk Pardon,Aaron Falzon,Delaney Blaylock,Josh Niego,Marco Pettinato,Nick Norton,Cristen Wilson
2017-18,2017-12-19,1944147,132,0,2,Northwestern,Lewis,Wildcats,Flyers,4,4,57,27,30,2077,Lewis,941,941,11,Dre Bell misses a 3-point jump shot from 23 feet out.,missed,FALSE,TRUE,Jump Shot,47,9.95,1077132,Dre Bell,NA,0,Lewis,Northwestern,70,NA,Jordan Ash,Scottie Lindsey,Bryant McIntosh,Dererk Pardon,Aaron Falzon,Delaney Blaylock,Josh Niego,Marco Pettinato,Nick Norton,Cristen Wilson
2017-18,2017-12-19,1944147,133,0,2,Northwestern,Lewis,Wildcats,Flyers,4,4,59,27,32,1547,Northwestern,924,924,17,Dererk Pardon dunks.,made,FALSE,FALSE,Dunk Shot,26,6.25,882463,Dererk Pardon,NA,0,Northwestern,Lewis,71,NA,Jordan Ash,Scottie Lindsey,Bryant McIntosh,Dererk Pardon,Aaron Falzon,Delaney Blaylock,Josh Niego,Marco Pettinato,Nick Norton,Cristen Wilson
2017-18,2017-12-19,1944147,134,0,2,Northwestern,Lewis,Wildcats,Flyers,4,4,59,27,32,2077,Lewis,909,909,15,Josh Niego misses a 3-point jump shot from 23 feet out.,missed,FALSE,TRUE,Jump Shot,3,12.25,1077136,Josh Niego,NA,0,Lewis,Northwestern,72,NA,Jordan Ash,Scottie Lindsey,Bryant McIntosh,Dererk Pardon,Aaron Falzon,Delaney Blaylock,Josh Niego,Marco Pettinato,Nick Norton,Cristen Wilson
2017-18,2017-12-19,1944147,135,0,2,Northwestern,Lewis,Wildcats,Flyers,4,4,59,27,32,1547,Northwestern,890,890,19,Bryant McIntosh misses a 3-point jump shot from 25 feet out.,missed,FALSE,TRUE,Jump Shot,20,29.25,844035,Bryant McIntosh,NA,0,Northwestern,Lewis,73,NA,Jordan Ash,Scottie Lindsey,Bryant McIntosh,Dererk Pardon,Aaron Falzon,Delaney Blaylock,Josh Niego,Marco Pettinato,Nick Norton,Cristen Wilson
2017-18,2017-12-19,1944147,136,0,2,Northwestern,Lewis,Wildcats,Flyers,4,4,59,27,32,1547,Northwestern,874,874,16,Shooting foul committed by Gavin Skelly.,NA,FALSE,FALSE,NA,NA,NA,NA,NA,NA,0,Lewis,Lewis,74,NA,Jordan Ash,Scottie Lindsey,Bryant McIntosh,Dererk Pardon,Aaron Falzon,Delaney Blaylock,Josh Niego,Marco Pettinato,Nick Norton,Cristen Wilson
2017-18,2017-12-19,1944147,137,0,2,Northwestern,Lewis,Wildcats,Flyers,4,4,59,28,31,2077,Lewis,874,874,0,Delaney Blaylock makes free throw 1 of 2.,made,TRUE,FALSE,NA,NA,NA,NA,NA,NA,0,Lewis,Lewis,74,NA,Jordan Ash,Scottie Lindsey,Bryant McIntosh,Dererk Pardon,Aaron Falzon,Delaney Blaylock,Josh Niego,Marco Pettinato,Nick Norton,Cristen Wilson
2017-18,2017-12-19,1944147,138,0,2,Northwestern,Lewis,Wildcats,Flyers,4,4,59,29,30,2077,Lewis,874,874,0,Delaney Blaylock makes free throw 2 of 2.,made,TRUE,FALSE,NA,NA,NA,NA,NA,NA,0,Lewis,Northwestern,74,NA,Jordan Ash,Scottie Lindsey,Bryant McIntosh,Dererk Pardon,Aaron Falzon,Delaney Blaylock,Josh Niego,Marco Pettinato,Nick Norton,Cristen Wilson
2017-18,2017-12-19,1944147,139,0,2,Northwestern,Lewis,Wildcats,Flyers,4,4,59,29,30,1547,Northwestern,863,863,11,Scottie Lindsey misses a 3-point jump shot from 25 feet out.,missed,FALSE,TRUE,Jump Shot,24.2,30.65,844031,Scottie Lindsey,NA,0,Northwestern,Lewis,75,NA,Jordan Ash,Scottie Lindsey,Bryant McIntosh,Dererk Pardon,Aaron Falzon,Delaney Blaylock,Josh Niego,Marco Pettinato,Nick Norton,Cristen Wilson
2017-18,2017-12-19,1944147,140,0,2,Northwestern,Lewis,Wildcats,Flyers,4,4,59,29,30,1547,Northwestern,844,844,19,Shooting foul committed by Isiah Brown.,NA,FALSE,FALSE,NA,NA,NA,NA,NA,NA,0,Lewis,Lewis,76,NA,Jordan Ash,Scottie Lindsey,Bryant McIntosh,Dererk Pardon,Aaron Falzon,Delaney Blaylock,Josh Niego,Marco Pettinato,Nick Norton,Cristen Wilson
2017-18,2017-12-19,1944147,141,0,2,Northwestern,Lewis,Wildcats,Flyers,4,4,59,30,29,2077,Lewis,844,844,0,Nick Norton makes free throw 1 of 2.,made,TRUE,FALSE,NA,NA,NA,NA,NA,NA,0,Lewis,Lewis,76,NA,Jordan Ash,Scottie Lindsey,Bryant McIntosh,Dererk Pardon,Aaron Falzon,Delaney Blaylock,Josh Niego,Marco Pettinato,Nick Norton,Cristen Wilson
2017-18,2017-12-19,1944147,142,0,2,Northwestern,Lewis,Wildcats,Flyers,4,4,59,31,28,2077,Lewis,844,844,0,Nick Norton makes free throw 2 of 2.,made,TRUE,FALSE,NA,NA,NA,NA,NA,NA,0,Lewis,Northwestern,76,NA,Jordan Ash,Scottie Lindsey,Bryant McIntosh,Dererk Pardon,Aaron Falzon,Delaney Blaylock,Josh Niego,Marco Pettinato,Nick Norton,Cristen Wilson
2017-18,2017-12-19,1944147,143,0,2,Northwestern,Lewis,Wildcats,Flyers,4,4,62,31,31,1547,Northwestern,831,831,13,Gavin Skelly makes a 3-point jump shot from 24 feet out.,made,FALSE,TRUE,Jump Shot,34.8,27.049999999999997,844036,Gavin Skelly,NA,0,Northwestern,Lewis,77,NA,Jordan Ash,Scottie Lindsey,Bryant McIntosh,Dererk Pardon,Aaron Falzon,Delaney Blaylock,Josh Niego,Marco Pettinato,Nick Norton,Cristen Wilson
2017-18,2017-12-19,1944147,144,0,2,Northwestern,Lewis,Wildcats,Flyers,4,4,62,31,31,2077,Lewis,815,815,16,Nick Norton misses a 3-point jump shot from 23 feet out.,missed,FALSE,TRUE,Jump Shot,3.1000000000000014,11.45,1077127,Nick Norton,NA,0,Lewis,Lewis,78,NA,Jordan Ash,Scottie Lindsey,Bryant McIntosh,Dererk Pardon,Aaron Falzon,Delaney Blaylock,Josh Niego,Marco Pettinato,Nick Norton,Cristen Wilson
2017-18,2017-12-19,1944147,145,0,2,Northwestern,Lewis,Wildcats,Flyers,4,4,62,31,31,1547,Northwestern,808,808,7,Personal foul committed by Scottie Lindsey.,NA,FALSE,FALSE,NA,NA,NA,NA,NA,NA,0,Lewis,Lewis,78,NA,Jordan Ash,Scottie Lindsey,Bryant McIntosh,Dererk Pardon,Aaron Falzon,Delaney Blaylock,Josh Niego,Marco Pettinato,Nick Norton,Cristen Wilson
2017-18,2017-12-19,1944147,146,0,2,Northwestern,Lewis,Wildcats,Flyers,4,4,62,31,31,2077,Lewis,802,802,6,Cristen Wilson misses a layup.,missed,FALSE,FALSE,Layup Shot,26,6.25,1077125,Cristen Wilson,NA,0,Lewis,Northwestern,78,NA,Jordan Ash,Scottie Lindsey,Bryant McIntosh,Dererk Pardon,Aaron Falzon,Delaney Blaylock,Josh Niego,Marco Pettinato,Nick Norton,Cristen Wilson
2017-18,2017-12-19,1944147,147,0,2,Northwestern,Lewis,Wildcats,Flyers,4,4,62,31,31,1547,Northwestern,791,791,11,Isiah Brown misses a layup.,missed,FALSE,FALSE,Layup Shot,25,5.25,945009,Isiah Brown,NA,0,Northwestern,Lewis,79,NA,Jordan Ash,Scottie Lindsey,Bryant McIntosh,Dererk Pardon,Aaron Falzon,Delaney Blaylock,Josh Niego,Marco Pettinato,Nick Norton,Cristen Wilson
2017-18,2017-12-19,1944147,148,0,2,Northwestern,Lewis,Wildcats,Flyers,4,4,62,31,31,2077,Lewis,761,761,30,Bailey Basala misses a jump shot from 13 feet out.,missed,FALSE,FALSE,Jump Shot,20.3,17.75,1077140,Bailey Basala,NA,0,Lewis,Northwestern,80,NA,Jordan Ash,Scottie Lindsey,Bryant McIntosh,Dererk Pardon,Aaron Falzon,Delaney Blaylock,Josh Niego,Marco Pettinato,Nick Norton,Cristen Wilson
2017-18,2017-12-19,1944147,149,0,2,Northwestern,Lewis,Wildcats,Flyers,4,4,62,31,31,2077,Lewis,745,745,16,Shooting foul committed by Bailey Basala.,NA,FALSE,FALSE,NA,NA,NA,NA,NA,NA,0,Northwestern,Northwestern,81,NA,Jordan Ash,Scottie Lindsey,Bryant McIntosh,Dererk Pardon,Aaron Falzon,Delaney Blaylock,Josh Niego,Marco Pettinato,Nick Norton,Cristen Wilson
2017-18,2017-12-19,1944147,150,0,2,Northwestern,Lewis,Wildcats,Flyers,4,4,63,31,32,1547,Northwestern,745,745,0,Bryant McIntosh makes free throw 1 of 2.,made,TRUE,FALSE,NA,NA,NA,NA,NA,NA,0,Northwestern,Northwestern,81,NA,Jordan Ash,Scottie Lindsey,Bryant McIntosh,Dererk Pardon,Aaron Falzon,Delaney Blaylock,Josh Niego,Marco Pettinato,Nick Norton,Cristen Wilson
2017-18,2017-12-19,1944147,151,0,2,Northwestern,Lewis,Wildcats,Flyers,4,4,64,31,33,1547,Northwestern,745,745,0,Bryant McIntosh makes free throw 2 of 2.,made,TRUE,FALSE,NA,NA,NA,NA,NA,NA,0,Northwestern,Lewis,81,NA,Jordan Ash,Scottie Lindsey,Bryant McIntosh,Dererk Pardon,Aaron Falzon,Delaney Blaylock,Josh Niego,Marco Pettinato,Nick Norton,Cristen Wilson
2017-18,2017-12-19,1944147,152,0,2,Northwestern,Lewis,Wildcats,Flyers,4,4,64,31,33,2077,Lewis,736,736,9,Nick Norton misses a layup.,missed,FALSE,FALSE,Layup Shot,25,5.25,1077127,Nick Norton,NA,0,Lewis,Northwestern,82,NA,Jordan Ash,Scottie Lindsey,Bryant McIntosh,Dererk Pardon,Aaron Falzon,Delaney Blaylock,Josh Niego,Marco Pettinato,Nick Norton,Cristen Wilson
2017-18,2017-12-19,1944147,153,0,2,Northwestern,Lewis,Wildcats,Flyers,4,4,64,31,33,1547,Northwestern,728,728,8,Anthony Gaines misses a 3-point jump shot from 23 feet out.,missed,FALSE,TRUE,Jump Shot,2.299999999999997,6.849999999999994,1061131,Anthony Gaines,NA,0,Northwestern,Lewis,83,NA,Jordan Ash,Scottie Lindsey,Bryant McIntosh,Dererk Pardon,Aaron Falzon,Delaney Blaylock,Josh Niego,Marco Pettinato,Nick Norton,Cristen Wilson
2017-18,2017-12-19,1944147,154,0,2,Northwestern,Lewis,Wildcats,Flyers,4,4,64,33,31,2077,Lewis,715,715,13,Cristen Wilson makes a layup.,made,FALSE,FALSE,Layup Shot,25,5.25,1077125,Cristen Wilson,NA,0,Lewis,Northwestern,84,NA,Jordan Ash,Scottie Lindsey,Bryant McIntosh,Dererk Pardon,Aaron Falzon,Delaney Blaylock,Josh Niego,Marco Pettinato,Nick Norton,Cristen Wilson
2017-18,2017-12-19,1944147,155,0,2,Northwestern,Lewis,Wildcats,Flyers,4,4,64,33,31,1547,Northwestern,703,703,12,Dererk Pardon misses a hook shot from 8 feet out.,missed,FALSE,FALSE,Hook Shot,32.4,9.049999999999997,882463,Dererk Pardon,NA,0,Northwestern,Lewis,85,NA,Jordan Ash,Scottie Lindsey,Bryant McIntosh,Dererk Pardon,Aaron Falzon,Delaney Blaylock,Josh Niego,Marco Pettinato,Nick Norton,Cristen Wilson
2017-18,2017-12-19,1944147,156,0,2,Northwestern,Lewis,Wildcats,Flyers,4,4,64,36,28,2077,Lewis,692,692,11,Bailey Basala makes a 3-point jump shot from 26 feet out.,made,FALSE,TRUE,Jump Shot,42.6,24.55,1077140,Bailey Basala,NA,0,Lewis,Northwestern,86,NA,Jordan Ash,Scottie Lindsey,Bryant McIntosh,Dererk Pardon,Aaron Falzon,Delaney Blaylock,Josh Niego,Marco Pettinato,Nick Norton,Cristen Wilson
2017-18,2017-12-19,1944147,157,0,2,Northwestern,Lewis,Wildcats,Flyers,4,4,66,36,30,1547,Northwestern,674,674,18,Gavin Skelly makes a jump shot from 18 feet out.,made,FALSE,FALSE,Jump Shot,35.8,20.150000000000006,844036,Gavin Skelly,NA,0,Northwestern,Lewis,87,NA,Jordan Ash,Scottie Lindsey,Bryant McIntosh,Dererk Pardon,Aaron Falzon,Delaney Blaylock,Josh Niego,Marco Pettinato,Nick Norton,Cristen Wilson
2017-18,2017-12-19,1944147,158,0,2,Northwestern,Lewis,Wildcats,Flyers,4,4,66,36,30,2077,Lewis,657,657,17,Delaney Blaylock misses a jump shot from 21 feet out.,missed,FALSE,FALSE,Jump Shot,31.9,24.75,1077130,Delaney Blaylock,NA,0,Lewis,Northwestern,88,NA,Jordan Ash,Scottie Lindsey,Bryant McIntosh,Dererk Pardon,Aaron Falzon,Delaney Blaylock,Josh Niego,Marco Pettinato,Nick Norton,Cristen Wilson
2017-18,2017-12-19,1944147,159,0,2,Northwestern,Lewis,Wildcats,Flyers,4,4,69,36,33,1547,Northwestern,646,646,11,Bryant McIntosh makes a 3-point jump shot from 25 feet out.,made,FALSE,TRUE,Jump Shot,40.9,24.049999999999997,844035,Bryant McIntosh,NA,0,Northwestern,Lewis,89,NA,Jordan Ash,Scottie Lindsey,Bryant McIntosh,Dererk Pardon,Aaron Falzon,Delaney Blaylock,Josh Niego,Marco Pettinato,Nick Norton,Cristen Wilson
2017-18,2017-12-19,1944147,160,0,2,Northwestern,Lewis,Wildcats,Flyers,4,4,69,36,33,NA,NA,619,619,27,Official TV timeout.,NA,FALSE,FALSE,NA,NA,NA,NA,NA,NA,0,NA,NA,NA,NA,Jordan Ash,Scottie Lindsey,Bryant McIntosh,Dererk Pardon,Aaron Falzon,Delaney Blaylock,Josh Niego,Marco Pettinato,Nick Norton,Cristen Wilson
2017-18,2017-12-19,1944147,161,0,2,Northwestern,Lewis,Wildcats,Flyers,4,4,69,36,33,1547,Northwestern,615,615,4,Shooting foul committed by Jordan Ash.,NA,FALSE,FALSE,NA,NA,NA,NA,NA,NA,0,Lewis,Lewis,90,NA,Jordan Ash,Scottie Lindsey,Bryant McIntosh,Dererk Pardon,Aaron Falzon,Delaney Blaylock,Josh Niego,Marco Pettinato,Nick Norton,Cristen Wilson
2017-18,2017-12-19,1944147,162,0,2,Northwestern,Lewis,Wildcats,Flyers,4,4,69,36,33,2077,Lewis,615,615,0,Jake Reinhart misses free throw 1 of 2.,missed,TRUE,FALSE,NA,NA,NA,NA,NA,NA,0,Lewis,Lewis,90,NA,Jordan Ash,Scottie Lindsey,Bryant McIntosh,Dererk Pardon,Aaron Falzon,Delaney Blaylock,Josh Niego,Marco Pettinato,Nick Norton,Cristen Wilson
2017-18,2017-12-19,1944147,163,0,2,Northwestern,Lewis,Wildcats,Flyers,4,4,69,37,32,2077,Lewis,615,615,0,Jake Reinhart makes free throw 2 of 2.,made,TRUE,FALSE,NA,NA,NA,NA,NA,NA,0,Lewis,Northwestern,90,NA,Jordan Ash,Scottie Lindsey,Bryant McIntosh,Dererk Pardon,Aaron Falzon,Delaney Blaylock,Josh Niego,Marco Pettinato,Nick Norton,Cristen Wilson
2017-18,2017-12-19,1944147,164,0,2,Northwestern,Lewis,Wildcats,Flyers,4,4,69,37,32,1547,Northwestern,591,591,24,Isiah Brown misses a 3-point jump shot from 25 feet out.,missed,FALSE,TRUE,Jump Shot,36.5,26.950000000000003,945009,Isiah Brown,NA,0,Northwestern,Northwestern,91,NA,Jordan Ash,Scottie Lindsey,Bryant McIntosh,Dererk Pardon,Aaron Falzon,Delaney Blaylock,Josh Niego,Marco Pettinato,Nick Norton,Cristen Wilson
2017-18,2017-12-19,1944147,165,0,2,Northwestern,Lewis,Wildcats,Flyers,4,4,71,37,34,1547,Northwestern,582,582,9,Gavin Skelly makes a jump shot from 18 feet out.,made,FALSE,FALSE,Jump Shot,7.600000000000001,7.349999999999994,844036,Gavin Skelly,NA,0,Northwestern,Lewis,91,NA,Jordan Ash,Scottie Lindsey,Bryant McIntosh,Dererk Pardon,Aaron Falzon,Delaney Blaylock,Josh Niego,Marco Pettinato,Nick Norton,Cristen Wilson
2017-18,2017-12-19,1944147,166,0,2,Northwestern,Lewis,Wildcats,Flyers,4,4,71,37,34,2077,Lewis,557,557,25,Marco Pettinato misses a 3-point jump shot from 25 feet out.,missed,FALSE,TRUE,Jump Shot,8.100000000000001,23.35,1077124,Marco Pettinato,NA,0,Lewis,Lewis,92,NA,Jordan Ash,Scottie Lindsey,Bryant McIntosh,Dererk Pardon,Aaron Falzon,Delaney Blaylock,Josh Niego,Marco Pettinato,Nick Norton,Cristen Wilson
2017-18,2017-12-19,1944147,167,0,2,Northwestern,Lewis,Wildcats,Flyers,4,4,71,37,34,2077,Lewis,549,549,8,Jake Reinhart misses a jump shot from 11 feet out.,missed,FALSE,FALSE,Jump Shot,23.9,16.35,1077122,Jake Reinhart,NA,0,Lewis,Northwestern,92,NA,Jordan Ash,Scottie Lindsey,Bryant McIntosh,Dererk Pardon,Aaron Falzon,Delaney Blaylock,Josh Niego,Marco Pettinato,Nick Norton,Cristen Wilson
2017-18,2017-12-19,1944147,168,0,2,Northwestern,Lewis,Wildcats,Flyers,4,4,71,37,34,1547,Northwestern,537,537,12,Anthony Gaines misses a 3-point jump shot from 25 feet out.,missed,FALSE,TRUE,Jump Shot,46.2,18.049999999999997,1061131,Anthony Gaines,NA,0,Northwestern,Northwestern,93,NA,Jordan Ash,Scottie Lindsey,Bryant McIntosh,Dererk Pardon,Aaron Falzon,Delaney Blaylock,Josh Niego,Marco Pettinato,Nick Norton,Cristen Wilson
2017-18,2017-12-19,1944147,169,0,2,Northwestern,Lewis,Wildcats,Flyers,4,4,71,37,34,1547,Northwestern,532,532,5,Offensive foul committed by Anthony Gaines.,NA,FALSE,FALSE,NA,NA,NA,NA,NA,NA,0,Northwestern,Lewis,93,NA,Jordan Ash,Scottie Lindsey,Bryant McIntosh,Dererk Pardon,Aaron Falzon,Delaney Blaylock,Josh Niego,Marco Pettinato,Nick Norton,Cristen Wilson
2017-18,2017-12-19,1944147,170,0,2,Northwestern,Lewis,Wildcats,Flyers,4,4,71,37,34,2077,Lewis,523,523,9,Bailey Basala misses a 3-point jump shot from 23 feet out.,missed,FALSE,TRUE,Jump Shot,2.1000000000000014,6.65,1077140,Bailey Basala,NA,0,Lewis,Lewis,94,NA,Jordan Ash,Scottie Lindsey,Bryant McIntosh,Dererk Pardon,Aaron Falzon,Delaney Blaylock,Josh Niego,Marco Pettinato,Nick Norton,Cristen Wilson
2017-18,2017-12-19,1944147,171,0,2,Northwestern,Lewis,Wildcats,Flyers,4,4,71,37,34,2077,Lewis,502,502,21,Bailey Basala misses a 3-point jump shot from 23 feet out.,missed,FALSE,TRUE,Jump Shot,2.3000000000000007,7.55,1077140,Bailey Basala,NA,0,Lewis,Lewis,94,NA,Jordan Ash,Scottie Lindsey,Bryant McIntosh,Dererk Pardon,Aaron Falzon,Delaney Blaylock,Josh Niego,Marco Pettinato,Nick Norton,Cristen Wilson
2017-18,2017-12-19,1944147,172,0,2,Northwestern,Lewis,Wildcats,Flyers,4,4,71,37,34,2077,Lewis,499,499,3,Donovan Oliver misses a tip shot from 3 feet out.,missed,FALSE,FALSE,Tip Shot,25.1,8.55,1077138,Donovan Oliver,NA,0,Lewis,Lewis,94,NA,Jordan Ash,Scottie Lindsey,Bryant McIntosh,Dererk Pardon,Aaron Falzon,Delaney Blaylock,Josh Niego,Marco Pettinato,Nick Norton,Cristen Wilson
2017-18,2017-12-19,1944147,173,0,2,Northwestern,Lewis,Wildcats,Flyers,4,4,71,37,34,2077,Lewis,494,494,5,Jake Reinhart misses a 3-point jump shot from 24 feet out.,missed,FALSE,TRUE,Jump Shot,3.6999999999999993,17.25,1077122,Jake Reinhart,NA,0,Lewis,Northwestern,94,NA,Jordan Ash,Scottie Lindsey,Bryant McIntosh,Dererk Pardon,Aaron Falzon,Delaney Blaylock,Josh Niego,Marco Pettinato,Nick Norton,Cristen Wilson
2017-18,2017-12-19,1944147,174,0,2,Northwestern,Lewis,Wildcats,Flyers,4,4,71,37,34,2077,Lewis,483,483,11,Shooting foul committed by Marco Pettinato.,NA,FALSE,FALSE,NA,NA,NA,NA,NA,NA,0,Northwestern,Northwestern,95,NA,Jordan Ash,Scottie Lindsey,Bryant McIntosh,Dererk Pardon,Aaron Falzon,Delaney Blaylock,Josh Niego,Marco Pettinato,Nick Norton,Cristen Wilson
2017-18,2017-12-19,1944147,175,0,2,Northwestern,Lewis,Wildcats,Flyers,4,4,72,37,35,1547,Northwestern,483,483,0,Isiah Brown makes free throw 1 of 2.,made,TRUE,FALSE,NA,NA,NA,NA,NA,NA,0,Northwestern,Northwestern,95,NA,Jordan Ash,Scottie Lindsey,Bryant McIntosh,Dererk Pardon,Aaron Falzon,Delaney Blaylock,Josh Niego,Marco Pettinato,Nick Norton,Cristen Wilson
2017-18,2017-12-19,1944147,176,0,2,Northwestern,Lewis,Wildcats,Flyers,4,4,73,37,36,1547,Northwestern,483,483,0,Isiah Brown makes free throw 2 of 2.,made,TRUE,FALSE,NA,NA,NA,NA,NA,NA,0,Northwestern,Lewis,95,NA,Jordan Ash,Scottie Lindsey,Bryant McIntosh,Dererk Pardon,Aaron Falzon,Delaney Blaylock,Josh Niego,Marco Pettinato,Nick Norton,Cristen Wilson
2017-18,2017-12-19,1944147,177,0,2,Northwestern,Lewis,Wildcats,Flyers,4,4,73,37,36,NA,NA,471,471,12,Official TV timeout.,NA,FALSE,FALSE,NA,NA,NA,NA,NA,NA,0,NA,NA,NA,NA,Jordan Ash,Scottie Lindsey,Bryant McIntosh,Dererk Pardon,Aaron Falzon,Delaney Blaylock,Josh Niego,Marco Pettinato,Nick Norton,Cristen Wilson
2017-18,2017-12-19,1944147,178,0,2,Northwestern,Lewis,Wildcats,Flyers,4,4,73,37,36,2077,Lewis,461,461,10,Personal foul committed by Brandon McCombs.,NA,FALSE,FALSE,NA,NA,NA,NA,NA,NA,0,Northwestern,Northwestern,96,NA,Jordan Ash,Scottie Lindsey,Bryant McIntosh,Dererk Pardon,Aaron Falzon,Delaney Blaylock,Josh Niego,Marco Pettinato,Nick Norton,Cristen Wilson
2017-18,2017-12-19,1944147,179,0,2,Northwestern,Lewis,Wildcats,Flyers,4,4,75,37,38,1547,Northwestern,446,446,15,Isiah Brown makes a jump shot from 9 feet out.,made,FALSE,FALSE,Jump Shot,24.7,14.650000000000006,945009,Isiah Brown,NA,0,Northwestern,Lewis,96,NA,Jordan Ash,Scottie Lindsey,Bryant McIntosh,Dererk Pardon,Aaron Falzon,Delaney Blaylock,Josh Niego,Marco Pettinato,Nick Norton,Cristen Wilson
2017-18,2017-12-19,1944147,180,0,2,Northwestern,Lewis,Wildcats,Flyers,4,4,75,37,38,2077,Lewis,418,418,28,Marco Pettinato misses a 3-point jump shot from 24 feet out.,missed,FALSE,TRUE,Jump Shot,5,18.75,1077124,Marco Pettinato,NA,0,Lewis,Northwestern,97,NA,Jordan Ash,Scottie Lindsey,Bryant McIntosh,Dererk Pardon,Aaron Falzon,Delaney Blaylock,Josh Niego,Marco Pettinato,Nick Norton,Cristen Wilson
2017-18,2017-12-19,1944147,181,0,2,Northwestern,Lewis,Wildcats,Flyers,4,4,75,37,38,1547,Northwestern,393,393,25,Jordan Ash misses a 3-point jump shot from 23 feet out.,missed,FALSE,TRUE,Jump Shot,47.2,10.950000000000003,882466,Jordan Ash,NA,0,Northwestern,Lewis,98,NA,Jordan Ash,Scottie Lindsey,Bryant McIntosh,Dererk Pardon,Aaron Falzon,Delaney Blaylock,Josh Niego,Marco Pettinato,Nick Norton,Cristen Wilson
2017-18,2017-12-19,1944147,182,0,2,Northwestern,Lewis,Wildcats,Flyers,4,4,75,37,38,1547,Northwestern,377,377,16,Personal foul committed by Barret Benson.,NA,FALSE,FALSE,NA,NA,NA,NA,NA,NA,0,Lewis,Lewis,99,NA,Jordan Ash,Scottie Lindsey,Bryant McIntosh,Dererk Pardon,Aaron Falzon,Delaney Blaylock,Josh Niego,Marco Pettinato,Nick Norton,Cristen Wilson
2017-18,2017-12-19,1944147,183,0,2,Northwestern,Lewis,Wildcats,Flyers,4,4,75,38,37,2077,Lewis,377,377,0,Brandon McCombs makes free throw 1 of 1.,made,TRUE,FALSE,NA,NA,NA,NA,NA,NA,0,Lewis,Northwestern,99,NA,Jordan Ash,Scottie Lindsey,Bryant McIntosh,Dererk Pardon,Aaron Falzon,Delaney Blaylock,Josh Niego,Marco Pettinato,Nick Norton,Cristen Wilson
2017-18,2017-12-19,1944147,184,0,2,Northwestern,Lewis,Wildcats,Flyers,4,4,75,39,36,2077,Lewis,377,377,0,Brandon McCombs makes free throw 1 of 1.,made,TRUE,FALSE,NA,NA,NA,NA,NA,NA,0,Lewis,Northwestern,100,NA,Jordan Ash,Scottie Lindsey,Bryant McIntosh,Dererk Pardon,Aaron Falzon,Delaney Blaylock,Josh Niego,Marco Pettinato,Nick Norton,Cristen Wilson
2017-18,2017-12-19,1944147,185,0,2,Northwestern,Lewis,Wildcats,Flyers,4,4,75,39,36,2077,Lewis,362,362,15,Personal foul committed by Brandon McCombs.,NA,FALSE,FALSE,NA,NA,NA,NA,NA,NA,0,Northwestern,Northwestern,101,NA,Jordan Ash,Scottie Lindsey,Bryant McIntosh,Dererk Pardon,Aaron Falzon,Delaney Blaylock,Josh Niego,Marco Pettinato,Nick Norton,Cristen Wilson
2017-18,2017-12-19,1944147,186,0,2,Northwestern,Lewis,Wildcats,Flyers,4,4,75,39,36,1547,Northwestern,362,362,0,Barret Benson misses free throw 1 of 1.,missed,TRUE,FALSE,NA,NA,NA,NA,NA,NA,0,Northwestern,Lewis,101,NA,Jordan Ash,Scottie Lindsey,Bryant McIntosh,Dererk Pardon,Aaron Falzon,Delaney Blaylock,Josh Niego,Marco Pettinato,Nick Norton,Cristen Wilson
2017-18,2017-12-19,1944147,187,0,2,Northwestern,Lewis,Wildcats,Flyers,4,4,75,39,36,2077,Lewis,342,342,20,Jake Reinhart misses a 3-point jump shot from 24 feet out.,missed,FALSE,TRUE,Jump Shot,4.300000000000001,16.55,1077122,Jake Reinhart,NA,0,Lewis,Lewis,102,NA,Jordan Ash,Scottie Lindsey,Bryant McIntosh,Dererk Pardon,Aaron Falzon,Delaney Blaylock,Josh Niego,Marco Pettinato,Nick Norton,Cristen Wilson
2017-18,2017-12-19,1944147,188,0,2,Northwestern,Lewis,Wildcats,Flyers,4,4,75,41,34,2077,Lewis,330,330,12,Jake Reinhart makes a layup.,made,FALSE,FALSE,Layup Shot,26,6.25,1077122,Jake Reinhart,NA,0,Lewis,Northwestern,102,NA,Jordan Ash,Scottie Lindsey,Bryant McIntosh,Dererk Pardon,Aaron Falzon,Delaney Blaylock,Josh Niego,Marco Pettinato,Nick Norton,Cristen Wilson
2017-18,2017-12-19,1944147,189,0,2,Northwestern,Lewis,Wildcats,Flyers,4,4,75,41,34,1547,Northwestern,315,315,15,Offensive foul committed by Isiah Brown.,NA,FALSE,FALSE,NA,NA,NA,NA,NA,NA,0,Northwestern,Lewis,103,NA,Jordan Ash,Scottie Lindsey,Bryant McIntosh,Dererk Pardon,Aaron Falzon,Delaney Blaylock,Josh Niego,Marco Pettinato,Nick Norton,Cristen Wilson
2017-18,2017-12-19,1944147,190,0,2,Northwestern,Lewis,Wildcats,Flyers,4,4,75,41,34,2077,Lewis,298,298,17,Bailey Basala misses a jump shot from 15 feet out.,missed,FALSE,FALSE,Jump Shot,29.8,18.95,1077140,Bailey Basala,NA,0,Lewis,Northwestern,104,NA,Jordan Ash,Scottie Lindsey,Bryant McIntosh,Dererk Pardon,Aaron Falzon,Delaney Blaylock,Josh Niego,Marco Pettinato,Nick Norton,Cristen Wilson
2017-18,2017-12-19,1944147,191,0,2,Northwestern,Lewis,Wildcats,Flyers,4,4,78,41,37,1547,Northwestern,289,289,9,Aaron Falzon makes a 3-point jump shot from 23 feet out.,made,FALSE,TRUE,Jump Shot,2.6000000000000014,11.25,882467,Aaron Falzon,NA,0,Northwestern,Lewis,105,NA,Jordan Ash,Scottie Lindsey,Bryant McIntosh,Dererk Pardon,Aaron Falzon,Delaney Blaylock,Josh Niego,Marco Pettinato,Nick Norton,Cristen Wilson
2017-18,2017-12-19,1944147,192,0,2,Northwestern,Lewis,Wildcats,Flyers,4,4,78,41,37,2077,Lewis,266,266,23,Marco Pettinato misses a 3-point jump shot from 25 feet out.,missed,FALSE,TRUE,Jump Shot,33.1,28.95,1077124,Marco Pettinato,NA,0,Lewis,Northwestern,106,NA,Jordan Ash,Scottie Lindsey,Bryant McIntosh,Dererk Pardon,Aaron Falzon,Delaney Blaylock,Josh Niego,Marco Pettinato,Nick Norton,Cristen Wilson
2017-18,2017-12-19,1944147,193,0,2,Northwestern,Lewis,Wildcats,Flyers,4,4,78,41,37,2077,Lewis,261,261,5,Personal foul committed by Jake Reinhart.,NA,FALSE,FALSE,NA,NA,NA,NA,NA,NA,0,Northwestern,Northwestern,107,NA,Jordan Ash,Scottie Lindsey,Bryant McIntosh,Dererk Pardon,Aaron Falzon,Delaney Blaylock,Josh Niego,Marco Pettinato,Nick Norton,Cristen Wilson
2017-18,2017-12-19,1944147,194,0,2,Northwestern,Lewis,Wildcats,Flyers,4,4,78,41,37,1547,Northwestern,261,261,0,Anthony Gaines misses free throw 1 of 1.,missed,TRUE,FALSE,NA,NA,NA,NA,NA,NA,0,Northwestern,Lewis,107,NA,Jordan Ash,Scottie Lindsey,Bryant McIntosh,Dererk Pardon,Aaron Falzon,Delaney Blaylock,Josh Niego,Marco Pettinato,Nick Norton,Cristen Wilson
2017-18,2017-12-19,1944147,195,0,2,Northwestern,Lewis,Wildcats,Flyers,4,4,78,41,37,2077,Lewis,251,251,10,Brandon McCombs misses a jump shot from 7 feet out.,missed,FALSE,FALSE,Jump Shot,28,11.15,1077131,Brandon McCombs,NA,0,Lewis,Northwestern,108,NA,Jordan Ash,Scottie Lindsey,Bryant McIntosh,Dererk Pardon,Aaron Falzon,Delaney Blaylock,Josh Niego,Marco Pettinato,Nick Norton,Cristen Wilson
2017-18,2017-12-19,1944147,196,0,2,Northwestern,Lewis,Wildcats,Flyers,4,4,78,41,37,2077,Lewis,228,228,23,Shooting foul committed by Brandon McCombs.,NA,FALSE,FALSE,NA,NA,NA,NA,NA,NA,0,Northwestern,Northwestern,109,NA,Jordan Ash,Scottie Lindsey,Bryant McIntosh,Dererk Pardon,Aaron Falzon,Delaney Blaylock,Josh Niego,Marco Pettinato,Nick Norton,Cristen Wilson
2017-18,2017-12-19,1944147,197,0,2,Northwestern,Lewis,Wildcats,Flyers,4,4,78,41,37,NA,NA,228,228,0,Official TV timeout.,NA,FALSE,FALSE,NA,NA,NA,NA,NA,NA,0,NA,NA,NA,NA,Jordan Ash,Scottie Lindsey,Bryant McIntosh,Dererk Pardon,Aaron Falzon,Delaney Blaylock,Josh Niego,Marco Pettinato,Nick Norton,Cristen Wilson
2017-18,2017-12-19,1944147,198,0,2,Northwestern,Lewis,Wildcats,Flyers,4,4,79,41,38,1547,Northwestern,228,228,0,Anthony Gaines makes free throw 1 of 2.,made,TRUE,FALSE,NA,NA,NA,NA,NA,NA,0,Northwestern,Northwestern,109,NA,Jordan Ash,Scottie Lindsey,Bryant McIntosh,Dererk Pardon,Aaron Falzon,Delaney Blaylock,Josh Niego,Marco Pettinato,Nick Norton,Cristen Wilson
2017-18,2017-12-19,1944147,199,0,2,Northwestern,Lewis,Wildcats,Flyers,4,4,80,41,39,1547,Northwestern,228,228,0,Anthony Gaines makes free throw 2 of 2.,made,TRUE,FALSE,NA,NA,NA,NA,NA,NA,0,Northwestern,Lewis,109,NA,Jordan Ash,Scottie Lindsey,Bryant McIntosh,Dererk Pardon,Aaron Falzon,Delaney Blaylock,Josh Niego,Marco Pettinato,Nick Norton,Cristen Wilson
2017-18,2017-12-19,1944147,200,0,2,Northwestern,Lewis,Wildcats,Flyers,4,4,80,41,39,1547,Northwestern,203,203,25,Tino Malnati misses a 3-point jump shot from 24 feet out.,missed,FALSE,TRUE,Jump Shot,43.6,20.650000000000006,945033,Tino Malnati,NA,0,Northwestern,Northwestern,110,NA,Jordan Ash,Scottie Lindsey,Bryant McIntosh,Dererk Pardon,Aaron Falzon,Delaney Blaylock,Josh Niego,Marco Pettinato,Nick Norton,Cristen Wilson
2017-18,2017-12-19,1944147,201,0,2,Northwestern,Lewis,Wildcats,Flyers,4,4,82,41,41,1547,Northwestern,172,172,31,Anthony Gaines dunks.,made,FALSE,FALSE,Dunk Shot,25,5.25,1061131,Anthony Gaines,NA,0,Northwestern,Lewis,110,NA,Jordan Ash,Scottie Lindsey,Bryant McIntosh,Dererk Pardon,Aaron Falzon,Delaney Blaylock,Josh Niego,Marco Pettinato,Nick Norton,Cristen Wilson
2017-18,2017-12-19,1944147,202,0,2,Northwestern,Lewis,Wildcats,Flyers,4,4,82,43,39,2077,Lewis,158,158,14,Cristen Wilson makes a layup.,made,FALSE,FALSE,Layup Shot,25,5.25,1077125,Cristen Wilson,NA,0,Lewis,Lewis,111,NA,Jordan Ash,Scottie Lindsey,Bryant McIntosh,Dererk Pardon,Aaron Falzon,Delaney Blaylock,Josh Niego,Marco Pettinato,Nick Norton,Cristen Wilson
2017-18,2017-12-19,1944147,203,0,2,Northwestern,Lewis,Wildcats,Flyers,4,4,82,43,39,1547,Northwestern,158,158,0,Shooting foul committed by Barret Benson.,NA,FALSE,FALSE,NA,NA,NA,NA,NA,NA,0,Lewis,Lewis,111,NA,Jordan Ash,Scottie Lindsey,Bryant McIntosh,Dererk Pardon,Aaron Falzon,Delaney Blaylock,Josh Niego,Marco Pettinato,Nick Norton,Cristen Wilson
2017-18,2017-12-19,1944147,204,0,2,Northwestern,Lewis,Wildcats,Flyers,4,4,82,43,39,2077,Lewis,158,158,0,Cristen Wilson misses free throw 1 of 1.,missed,TRUE,FALSE,NA,NA,NA,NA,NA,NA,0,Lewis,Northwestern,111,NA,Jordan Ash,Scottie Lindsey,Bryant McIntosh,Dererk Pardon,Aaron Falzon,Delaney Blaylock,Josh Niego,Marco Pettinato,Nick Norton,Cristen Wilson
2017-18,2017-12-19,1944147,205,0,2,Northwestern,Lewis,Wildcats,Flyers,4,4,82,43,39,1547,Northwestern,142,142,16,Tino Malnati misses a layup.,missed,FALSE,FALSE,Layup Shot,26,6.25,945033,Tino Malnati,NA,0,Northwestern,Northwestern,112,NA,Jordan Ash,Scottie Lindsey,Bryant McIntosh,Dererk Pardon,Aaron Falzon,Delaney Blaylock,Josh Niego,Marco Pettinato,Nick Norton,Cristen Wilson
2017-18,2017-12-19,1944147,206,0,2,Northwestern,Lewis,Wildcats,Flyers,4,4,82,43,39,1547,Northwestern,123,123,19,Tino Malnati misses a layup.,missed,FALSE,FALSE,Layup Shot,26,6.25,945033,Tino Malnati,NA,0,Northwestern,Northwestern,112,NA,Jordan Ash,Scottie Lindsey,Bryant McIntosh,Dererk Pardon,Aaron Falzon,Delaney Blaylock,Josh Niego,Marco Pettinato,Nick Norton,Cristen Wilson
2017-18,2017-12-19,1944147,207,0,2,Northwestern,Lewis,Wildcats,Flyers,4,4,82,43,39,1547,Northwestern,119,119,4,Anthony Gaines misses a layup.,missed,FALSE,FALSE,Layup Shot,26,6.25,1061131,Anthony Gaines,NA,0,Northwestern,Northwestern,112,NA,Jordan Ash,Scottie Lindsey,Bryant McIntosh,Dererk Pardon,Aaron Falzon,Delaney Blaylock,Josh Niego,Marco Pettinato,Nick Norton,Cristen Wilson
2017-18,2017-12-19,1944147,208,0,2,Northwestern,Lewis,Wildcats,Flyers,4,4,82,43,39,2077,Lewis,117,117,2,Shooting foul committed by Jake Reinhart.,NA,FALSE,FALSE,NA,NA,NA,NA,NA,NA,0,Northwestern,Northwestern,112,NA,Jordan Ash,Scottie Lindsey,Bryant McIntosh,Dererk Pardon,Aaron Falzon,Delaney Blaylock,Josh Niego,Marco Pettinato,Nick Norton,Cristen Wilson
2017-18,2017-12-19,1944147,209,0,2,Northwestern,Lewis,Wildcats,Flyers,4,4,83,43,40,1547,Northwestern,117,117,0,Anthony Gaines makes free throw 1 of 2.,made,TRUE,FALSE,NA,NA,NA,NA,NA,NA,0,Northwestern,Northwestern,112,NA,Jordan Ash,Scottie Lindsey,Bryant McIntosh,Dererk Pardon,Aaron Falzon,Delaney Blaylock,Josh Niego,Marco Pettinato,Nick Norton,Cristen Wilson
2017-18,2017-12-19,1944147,210,0,2,Northwestern,Lewis,Wildcats,Flyers,4,4,84,43,41,1547,Northwestern,117,117,0,Anthony Gaines makes free throw 2 of 2.,made,TRUE,FALSE,NA,NA,NA,NA,NA,NA,0,Northwestern,Lewis,112,NA,Jordan Ash,Scottie Lindsey,Bryant McIntosh,Dererk Pardon,Aaron Falzon,Delaney Blaylock,Josh Niego,Marco Pettinato,Nick Norton,Cristen Wilson
2017-18,2017-12-19,1944147,211,0,2,Northwestern,Lewis,Wildcats,Flyers,4,4,84,46,38,2077,Lewis,92,92,25,Bailey Basala makes a 3-point jump shot from 23 feet out.,made,FALSE,TRUE,Jump Shot,47.5,7.75,1077140,Bailey Basala,NA,0,Lewis,Northwestern,113,NA,Jordan Ash,Scottie Lindsey,Bryant McIntosh,Dererk Pardon,Aaron Falzon,Delaney Blaylock,Josh Niego,Marco Pettinato,Nick Norton,Cristen Wilson
2017-18,2017-12-19,1944147,212,0,2,Northwestern,Lewis,Wildcats,Flyers,4,4,84,46,38,2077,Lewis,69,69,23,Shooting foul committed by Justin Windt.,NA,FALSE,FALSE,NA,NA,NA,NA,NA,NA,0,Northwestern,Northwestern,114,NA,Jordan Ash,Scottie Lindsey,Bryant McIntosh,Dererk Pardon,Aaron Falzon,Delaney Blaylock,Josh Niego,Marco Pettinato,Nick Norton,Cristen Wilson
2017-18,2017-12-19,1944147,213,0,2,Northwestern,Lewis,Wildcats,Flyers,4,4,84,46,38,1547,Northwestern,69,69,0,Charlie Hall misses free throw 1 of 3.,missed,TRUE,FALSE,NA,NA,NA,NA,NA,NA,0,Northwestern,Northwestern,114,NA,Jordan Ash,Scottie Lindsey,Bryant McIntosh,Dererk Pardon,Aaron Falzon,Delaney Blaylock,Josh Niego,Marco Pettinato,Nick Norton,Cristen Wilson
2017-18,2017-12-19,1944147,214,0,2,Northwestern,Lewis,Wildcats,Flyers,4,4,85,46,39,1547,Northwestern,69,69,0,Charlie Hall makes free throw 2 of 3.,made,TRUE,FALSE,NA,NA,NA,NA,NA,NA,0,Northwestern,Northwestern,114,NA,Jordan Ash,Scottie Lindsey,Bryant McIntosh,Dererk Pardon,Aaron Falzon,Delaney Blaylock,Josh Niego,Marco Pettinato,Nick Norton,Cristen Wilson
2017-18,2017-12-19,1944147,215,0,2,Northwestern,Lewis,Wildcats,Flyers,4,4,85,46,39,1547,Northwestern,69,69,0,Charlie Hall misses free throw 3 of 3.,missed,TRUE,FALSE,NA,NA,NA,NA,NA,NA,0,Northwestern,Lewis,114,NA,Jordan Ash,Scottie Lindsey,Bryant McIntosh,Dererk Pardon,Aaron Falzon,Delaney Blaylock,Josh Niego,Marco Pettinato,Nick Norton,Cristen Wilson
2017-18,2017-12-19,1944147,216,0,2,Northwestern,Lewis,Wildcats,Flyers,4,4,85,48,37,2077,Lewis,45,45,24,Cristen Wilson makes a layup.,made,FALSE,FALSE,Layup Shot,25,5.25,1077125,Cristen Wilson,NA,0,Lewis,Northwestern,115,NA,Jordan Ash,Scottie Lindsey,Bryant McIntosh,Dererk Pardon,Aaron Falzon,Delaney Blaylock,Josh Niego,Marco Pettinato,Nick Norton,Cristen Wilson
2017-18,2017-12-19,1944147,217,0,2,Northwestern,Lewis,Wildcats,Flyers,4,4,85,48,37,1547,Northwestern,25,25,20,Charlie Hall misses a 3-point jump shot from 24 feet out.,missed,FALSE,TRUE,Jump Shot,30.2,28.650000000000006,901181,Charlie Hall,NA,0,Northwestern,NA,116,NA,Jordan Ash,Scottie Lindsey,Bryant McIntosh,Dererk Pardon,Aaron Falzon,Delaney Blaylock,Josh Niego,Marco Pettinato,Nick Norton,Cristen Wilson
2017-18,2017-12-19,1944147,218,0,2,Northwestern,Lewis,Wildcats,Flyers,4,4,85,48,37,NA,NA,0,0,25,End of the 2nd Half,NA,FALSE,FALSE,NA,NA,NA,NA,NA,NA,0,NA,NA,NA,NA,Jordan Ash,Scottie Lindsey,Bryant McIntosh,Dererk Pardon,Aaron Falzon,Delaney Blaylock,Josh Niego,Marco Pettinato,Nick Norton,Cristen Wilson
2017-18,2017-12-19,1944147,219,0,2,Northwestern,Lewis,Wildcats,Flyers,4,4,85,48,37,NA,NA,0,0,0,End of the Game,NA,FALSE,FALSE,NA,NA,NA,NA,NA,NA,0,Northwestern,Northwestern,NA,NA,Jordan Ash,Scottie Lindsey,Bryant McIntosh,Dererk Pardon,Aaron Falzon,Delaney Blaylock,Josh Niego,Marco Pettinato,Nick Norton,Cristen Wilson
