season,date,game_id,play_id,neutral,half,home,away,home_name,away_name,home_timeouts,away_timeouts,home_score,away_score,score_diff,team_id,event_team,game_secs_remaining,half_secs_remaining,play_length,desc,shot_outcome,free_throw,three_pt,shot_desc,loc_x,loc_y,shooter_id,shooter,assist,substitution,poss_before,poss_after,poss_number,sub_error,home_1,home_2,home_3,home_4,home_5,away_1,away_2,away_3,away_4,away_5
2023-24,2023-11-17,2576899,1,1,1,Providence,Kansas State,Friars,Wildcats,4,4,0,0,0,1457,Kansas State,NA,NA,NA,Starting Lineup - Arthur Kaluma,NA,FALSE,FALSE,NA,NA,NA,NA,NA,NA,1,NA,NA,NA,NA,Ticket Gaines,Jayden Pierre,Bryce Hopkins,Josh Oduro,Devin Carter,Arthur Kaluma,David N'Guessan,Tylor Perry,Will McNair Jr.,Cam Carter
2023-24,2023-11-17,2576899,1,1,1,Providence,Kansas State,Friars,Wildcats,4,4,0,0,0,1457,Kansas State,NA,NA,NA,Starting Lineup - David N'Guessan,NA,FALSE,FALSE,NA,NA,NA,NA,NA,NA,1,NA,NA,NA,NA,Ticket Gaines,Jayden Pierre,Bryce Hopkins,Josh Oduro,Devin Carter,Arthur Kaluma,David N'Guessan,Tylor Perry,Will McNair Jr.,Cam Carter
2023-24,2023-11-17,2576899,1,1,1,Providence,Kansas State,Friars,Wildcats,4,4,0,0,0,1576,Providence,NA,NA,NA,Starting Lineup - Ticket Gaines,NA,FALSE,FALSE,NA,NA,NA,NA,NA,NA,1,NA,NA,NA,NA,Ticket Gaines,Jayden Pierre,Bryce Hopkins,Josh Oduro,Devin Carter,Arthur Kaluma,David N'Guessan,Tylor Perry,Will McNair Jr.,Cam Carter
2023-24,2023-11-17,2576899,1,1,1,Providence,Kansas State,Friars,Wildcats,4,4,0,0,0,1457,Kansas State,NA,NA,NA,Starting Lineup - Tylor Perry,NA,FALSE,FALSE,NA,NA,NA,NA,NA,NA,1,NA,NA,NA,NA,Ticket Gaines,Jayden Pierre,Bryce Hopkins,Josh Oduro,Devin Carter,Arthur Kaluma,David N'Guessan,Tylor Perry,Will McNair Jr.,Cam Carter
2023-24,2023-11-17,2576899,1,1,1,Providence,Kansas State,Friars,Wildcats,4,4,0,0,0,1457,Kansas State,NA,NA,NA,Starting Lineup - Will McNair Jr.,NA,FALSE,FALSE,NA,NA,NA,NA,NA,NA,1,NA,NA,NA,NA,Ticket Gaines,Jayden Pierre,Bryce Hopkins,Josh Oduro,Devin Carter,Arthur Kaluma,David N'Guessan,Tylor Perry,Will McNair Jr.,Cam Carter
2023-24,2023-11-17,2576899,1,1,1,Providence,Kansas State,Friars,Wildcats,4,4,0,0,0,1576,Providence,NA,NA,NA,Starting Lineup - Jayden Pierre,NA,FALSE,FALSE,NA,NA,NA,NA,NA,NA,1,NA,NA,NA,NA,Ticket Gaines,Jayden Pierre,Bryce Hopkins,Josh Oduro,Devin Carter,Arthur Kaluma,David N'Guessan,Tylor Perry,Will McNair Jr.,Cam Carter
2023-24,2023-11-17,2576899,1,1,1,Providence,Kansas State,Friars,Wildcats,4,4,0,0,0,1457,Kansas State,NA,NA,NA,Starting Lineup - Cam Carter,NA,FALSE,FALSE,NA,NA,NA,NA,NA,NA,1,NA,NA,NA,NA,Ticket Gaines,Jayden Pierre,Bryce Hopkins,Josh Oduro,Devin Carter,Arthur Kaluma,David N'Guessan,Tylor Perry,Will McNair Jr.,Cam Carter
2023-24,2023-11-17,2576899,1,1,1,Providence,Kansas State,Friars,Wildcats,4,4,0,0,0,1576,Providence,NA,NA,NA,Starting Lineup - Bryce Hopkins,NA,FALSE,FALSE,NA,NA,NA,NA,NA,NA,1,NA,NA,NA,NA,Ticket Gaines,Jayden Pierre,Bryce Hopkins,Josh Oduro,Devin Carter,Arthur Kaluma,David N'Guessan,Tylor Perry,Will McNair Jr.,Cam Carter
2023-24,2023-11-17,2576899,1,1,1,Providence,Kansas State,Friars,Wildcats,4,4,0,0,0,1576,Providence,NA,NA,NA,Starting Lineup - Josh Oduro,NA,FALSE,FALSE,NA,NA,NA,NA,NA,NA,1,NA,NA,NA,NA,Ticket Gaines,Jayden Pierre,Bryce Hopkins,Josh Oduro,Devin Carter,Arthur Kaluma,David N'Guessan,Tylor Perry,Will McNair Jr.,Cam Carter
2023-24,2023-11-17,2576899,1,1,1,Providence,Kansas State,Friars,Wildcats,4,4,0,0,0,1576,Providence,NA,NA,NA,Starting Lineup - Devin Carter,NA,FALSE,FALSE,NA,NA,NA,NA,NA,NA,1,NA,NA,NA,NA,Ticket Gaines,Jayden Pierre,Bryce Hopkins,Josh Oduro,Devin Carter,Arthur Kaluma,David N'Guessan,Tylor Perry,Will McNair Jr.,Cam Carter
2023-24,2023-11-17,2576899,2,1,1,Providence,Kansas State,Friars,Wildcats,4,4,0,0,0,NA,NA,2400,1200,NA,Start of the 1st Half,NA,FALSE,FALSE,NA,NA,NA,NA,NA,NA,0,NA,Kansas State,1,NA,Ticket Gaines,Jayden Pierre,Bryce Hopkins,Josh Oduro,Devin Carter,Arthur Kaluma,David N'Guessan,Tylor Perry,Will McNair Jr.,Cam Carter
2023-24,2023-11-17,2576899,3,1,1,Providence,Kansas State,Friars,Wildcats,4,4,0,3,-3,1457,Kansas State,2387,1187,13,Will McNair Jr. makes a 3-point jump shot from 23 feet out. Tylor Perry with the assist.,made,FALSE,TRUE,Jump Shot,25.1,28.45,1138040,Will McNair Jr.,Tylor Perry,0,Kansas State,Providence,1,NA,Ticket Gaines,Jayden Pierre,Bryce Hopkins,Josh Oduro,Devin Carter,Arthur Kaluma,David N'Guessan,Tylor Perry,Will McNair Jr.,Cam Carter
2023-24,2023-11-17,2576899,4,1,1,Providence,Kansas State,Friars,Wildcats,4,4,0,3,-3,1576,Providence,2363,1163,24,Devin Carter with a turnover - Bad Pass,NA,FALSE,FALSE,NA,NA,NA,NA,NA,NA,0,Providence,Kansas State,2,NA,Ticket Gaines,Jayden Pierre,Bryce Hopkins,Josh Oduro,Devin Carter,Arthur Kaluma,David N'Guessan,Tylor Perry,Will McNair Jr.,Cam Carter
2023-24,2023-11-17,2576899,5,1,1,Providence,Kansas State,Friars,Wildcats,4,4,0,3,-3,1457,Kansas State,2352,1152,11,Tylor Perry misses a layup.,missed,FALSE,FALSE,Layup Shot,25,5.25,1345192,Tylor Perry,NA,0,Kansas State,Kansas State,3,NA,Ticket Gaines,Jayden Pierre,Bryce Hopkins,Josh Oduro,Devin Carter,Arthur Kaluma,David N'Guessan,Tylor Perry,Will McNair Jr.,Cam Carter
2023-24,2023-11-17,2576899,7,1,1,Providence,Kansas State,Friars,Wildcats,4,4,0,3,-3,1457,Kansas State,2340,1140,12,Arthur Kaluma with a turnover - Lost Ball,NA,FALSE,FALSE,NA,NA,NA,NA,NA,NA,0,Kansas State,Providence,3,NA,Ticket Gaines,Jayden Pierre,Bryce Hopkins,Josh Oduro,Devin Carter,Arthur Kaluma,David N'Guessan,Tylor Perry,Will McNair Jr.,Cam Carter
2023-24,2023-11-17,2576899,8,1,1,Providence,Kansas State,Friars,Wildcats,4,4,0,3,-3,1576,Providence,2337,1137,3,Arthur Kaluma steals the ball from Devin Carter.,NA,FALSE,FALSE,NA,NA,NA,NA,NA,NA,0,Providence,Providence,4,NA,Ticket Gaines,Jayden Pierre,Bryce Hopkins,Josh Oduro,Devin Carter,Arthur Kaluma,David N'Guessan,Tylor Perry,Will McNair Jr.,Cam Carter
2023-24,2023-11-17,2576899,9,1,1,Providence,Kansas State,Friars,Wildcats,4,4,0,3,-3,1576,Providence,2325,1125,12,Devin Carter misses a jump shot from 12 feet out.,missed,FALSE,FALSE,Jump Shot,17.299999999999997,13.950000000000003,1340755,Devin Carter,NA,0,Providence,Providence,4,NA,Ticket Gaines,Jayden Pierre,Bryce Hopkins,Josh Oduro,Devin Carter,Arthur Kaluma,David N'Guessan,Tylor Perry,Will McNair Jr.,Cam Carter
2023-24,2023-11-17,2576899,10,1,1,Providence,Kansas State,Friars,Wildcats,4,4,0,3,-3,1576,Providence,2325,1125,0,Devin Carter with an offensive rebound.,NA,FALSE,FALSE,NA,NA,NA,NA,NA,NA,0,Providence,Providence,4,NA,Ticket Gaines,Jayden Pierre,Bryce Hopkins,Josh Oduro,Devin Carter,Arthur Kaluma,David N'Guessan,Tylor Perry,Will McNair Jr.,Cam Carter
2023-24,2023-11-17,2576899,11,1,1,Providence,Kansas State,Friars,Wildcats,4,4,0,3,-3,1576,Providence,2318,1118,7,Devin Carter misses a layup.,missed,FALSE,FALSE,Layup Shot,26,6.25,1340755,Devin Carter,NA,0,Providence,Providence,4,NA,Ticket Gaines,Jayden Pierre,Bryce Hopkins,Josh Oduro,Devin Carter,Arthur Kaluma,David N'Guessan,Tylor Perry,Will McNair Jr.,Cam Carter
2023-24,2023-11-17,2576899,12,1,1,Providence,Kansas State,Friars,Wildcats,4,4,0,3,-3,1576,Providence,2318,1118,0,Josh Oduro with an offensive rebound.,NA,FALSE,FALSE,NA,NA,NA,NA,NA,NA,0,Providence,Providence,4,NA,Ticket Gaines,Jayden Pierre,Bryce Hopkins,Josh Oduro,Devin Carter,Arthur Kaluma,David N'Guessan,Tylor Perry,Will McNair Jr.,Cam Carter
2023-24,2023-11-17,2576899,13,1,1,Providence,Kansas State,Friars,Wildcats,4,4,0,3,-3,1576,Providence,2317,1117,1,Josh Oduro misses a layup.,missed,FALSE,FALSE,Layup Shot,26,6.25,1174919,Josh Oduro,NA,0,Providence,Kansas State,4,NA,Ticket Gaines,Jayden Pierre,Bryce Hopkins,Josh Oduro,Devin Carter,Arthur Kaluma,David N'Guessan,Tylor Perry,Will McNair Jr.,Cam Carter
2023-24,2023-11-17,2576899,15,1,1,Providence,Kansas State,Friars,Wildcats,4,4,0,3,-3,1457,Kansas State,2295,1095,22,Cam Carter misses a jump shot from 17 feet out.,missed,FALSE,FALSE,Jump Shot,30,21.45,1351088,Cam Carter,NA,0,Kansas State,Kansas State,5,NA,Ticket Gaines,Jayden Pierre,Bryce Hopkins,Josh Oduro,Devin Carter,Arthur Kaluma,David N'Guessan,Tylor Perry,Will McNair Jr.,Cam Carter
2023-24,2023-11-17,2576899,16,1,1,Providence,Kansas State,Friars,Wildcats,4,4,0,3,-3,1576,Providence,2295,1095,0,Bryce Hopkins with a defensive rebound.,NA,FALSE,FALSE,NA,NA,NA,NA,NA,NA,0,Kansas State,Providence,5,NA,Ticket Gaines,Jayden Pierre,Bryce Hopkins,Josh Oduro,Devin Carter,Arthur Kaluma,David N'Guessan,Tylor Perry,Will McNair Jr.,Cam Carter
2023-24,2023-11-17,2576899,17,1,1,Providence,Kansas State,Friars,Wildcats,4,4,3,3,0,1576,Providence,2272,1072,23,Jayden Pierre makes a 3-point jump shot from 23 feet out.,made,FALSE,TRUE,Jump Shot,7.700000000000003,21.150000000000006,1405348,Jayden Pierre,NA,0,Providence,Kansas State,6,NA,Ticket Gaines,Jayden Pierre,Bryce Hopkins,Josh Oduro,Devin Carter,Arthur Kaluma,David N'Guessan,Tylor Perry,Will McNair Jr.,Cam Carter
2023-24,2023-11-17,2576899,18,1,1,Providence,Kansas State,Friars,Wildcats,4,4,3,3,0,1457,Kansas State,2250,1050,22,Cam Carter misses a jump shot from 11 feet out.,missed,FALSE,FALSE,Jump Shot,15.2,10.75,1351088,Cam Carter,NA,0,Kansas State,Kansas State,7,NA,Ticket Gaines,Jayden Pierre,Bryce Hopkins,Josh Oduro,Devin Carter,Arthur Kaluma,David N'Guessan,Tylor Perry,Will McNair Jr.,Cam Carter
2023-24,2023-11-17,2576899,19,1,1,Providence,Kansas State,Friars,Wildcats,4,4,3,3,0,1576,Providence,2250,1050,0,Jayden Pierre with a defensive rebound.,NA,FALSE,FALSE,NA,NA,NA,NA,NA,NA,0,Kansas State,Providence,7,NA,Ticket Gaines,Jayden Pierre,Bryce Hopkins,Josh Oduro,Devin Carter,Arthur Kaluma,David N'Guessan,Tylor Perry,Will McNair Jr.,Cam Carter
2023-24,2023-11-17,2576899,20,1,1,Providence,Kansas State,Friars,Wildcats,4,4,3,3,0,1576,Providence,2237,1037,13,Bryce Hopkins with a turnover - Traveling,NA,FALSE,FALSE,NA,NA,NA,NA,NA,NA,0,Providence,Kansas State,8,NA,Ticket Gaines,Jayden Pierre,Bryce Hopkins,Josh Oduro,Devin Carter,Arthur Kaluma,David N'Guessan,Tylor Perry,Will McNair Jr.,Cam Carter
2023-24,2023-11-17,2576899,21,1,1,Providence,Kansas State,Friars,Wildcats,4,4,3,3,0,1457,Kansas State,2225,1025,12,Jayden Pierre steals the ball from Arthur Kaluma.,NA,FALSE,FALSE,NA,NA,NA,NA,NA,NA,0,Kansas State,Providence,9,NA,Ticket Gaines,Jayden Pierre,Bryce Hopkins,Josh Oduro,Devin Carter,Arthur Kaluma,David N'Guessan,Tylor Perry,Will McNair Jr.,Cam Carter
2023-24,2023-11-17,2576899,22,1,1,Providence,Kansas State,Friars,Wildcats,4,4,5,3,2,1576,Providence,2220,1020,5,Devin Carter dunks. Jayden Pierre with the assist.,made,FALSE,FALSE,Dunk Shot,26,6.25,1340755,Devin Carter,Jayden Pierre,0,Providence,Kansas State,10,NA,Ticket Gaines,Jayden Pierre,Bryce Hopkins,Josh Oduro,Devin Carter,Arthur Kaluma,David N'Guessan,Tylor Perry,Will McNair Jr.,Cam Carter
2023-24,2023-11-17,2576899,23,1,1,Providence,Kansas State,Friars,Wildcats,4,4,5,5,0,1457,Kansas State,2205,1005,15,Will McNair Jr. makes a layup. Arthur Kaluma with the assist.,made,FALSE,FALSE,Layup Shot,25,5.25,1138040,Will McNair Jr.,Arthur Kaluma,0,Kansas State,Providence,11,NA,Ticket Gaines,Jayden Pierre,Bryce Hopkins,Josh Oduro,Devin Carter,Arthur Kaluma,David N'Guessan,Tylor Perry,Will McNair Jr.,Cam Carter
2023-24,2023-11-17,2576899,24,1,1,Providence,Kansas State,Friars,Wildcats,4,4,5,5,0,1457,Kansas State,2192,992,13,Substitution: Dai Dai Ames in for David N'Guessan.,NA,FALSE,FALSE,NA,NA,NA,NA,NA,NA,1,NA,NA,NA,NA,Ticket Gaines,Jayden Pierre,Bryce Hopkins,Josh Oduro,Devin Carter,Arthur Kaluma,Dai Dai Ames,Tylor Perry,Will McNair Jr.,Cam Carter
2023-24,2023-11-17,2576899,25,1,1,Providence,Kansas State,Friars,Wildcats,4,4,5,5,0,1576,Providence,2192,992,0,Substitution: Garwey Dual in for Jayden Pierre.,NA,FALSE,FALSE,NA,NA,NA,NA,NA,NA,1,NA,NA,NA,NA,Ticket Gaines,Garwey Dual,Bryce Hopkins,Josh Oduro,Devin Carter,Arthur Kaluma,Dai Dai Ames,Tylor Perry,Will McNair Jr.,Cam Carter
2023-24,2023-11-17,2576899,26,1,1,Providence,Kansas State,Friars,Wildcats,4,4,5,5,0,1457,Kansas State,2187,987,5,Shooting foul committed by Arthur Kaluma.,NA,FALSE,FALSE,NA,NA,NA,NA,NA,NA,0,Providence,Providence,12,NA,Ticket Gaines,Garwey Dual,Bryce Hopkins,Josh Oduro,Devin Carter,Arthur Kaluma,Dai Dai Ames,Tylor Perry,Will McNair Jr.,Cam Carter
2023-24,2023-11-17,2576899,27,1,1,Providence,Kansas State,Friars,Wildcats,4,4,6,5,1,1576,Providence,2187,987,0,Bryce Hopkins makes free throw 1 of 2.,made,TRUE,FALSE,NA,NA,NA,NA,NA,NA,0,Providence,Providence,12,NA,Ticket Gaines,Garwey Dual,Bryce Hopkins,Josh Oduro,Devin Carter,Arthur Kaluma,Dai Dai Ames,Tylor Perry,Will McNair Jr.,Cam Carter
2023-24,2023-11-17,2576899,28,1,1,Providence,Kansas State,Friars,Wildcats,4,4,7,5,2,1576,Providence,2187,987,0,Bryce Hopkins makes free throw 2 of 2.,made,TRUE,FALSE,NA,NA,NA,NA,NA,NA,0,Providence,Kansas State,12,NA,Ticket Gaines,Garwey Dual,Bryce Hopkins,Josh Oduro,Devin Carter,Arthur Kaluma,Dai Dai Ames,Tylor Perry,Will McNair Jr.,Cam Carter
2023-24,2023-11-17,2576899,29,1,1,Providence,Kansas State,Friars,Wildcats,4,4,7,7,0,1457,Kansas State,2171,971,16,Will McNair Jr. dunks. Dai Dai Ames with the assist.,made,FALSE,FALSE,Dunk Shot,26,6.25,1138040,Will McNair Jr.,Dai Dai Ames,0,Kansas State,Providence,13,NA,Ticket Gaines,Garwey Dual,Bryce Hopkins,Josh Oduro,Devin Carter,Arthur Kaluma,Dai Dai Ames,Tylor Perry,Will McNair Jr.,Cam Carter
2023-24,2023-11-17,2576899,30,1,1,Providence,Kansas State,Friars,Wildcats,4,4,10,7,3,1576,Providence,2143,943,28,Josh Oduro makes a 3-point jump shot from 24 feet out. Bryce Hopkins with the assist.,made,FALSE,TRUE,Jump Shot,5.5,18.950000000000003,1174919,Josh Oduro,Bryce Hopkins,0,Providence,Kansas State,14,NA,Ticket Gaines,Garwey Dual,Bryce Hopkins,Josh Oduro,Devin Carter,Arthur Kaluma,Dai Dai Ames,Tylor Perry,Will McNair Jr.,Cam Carter
2023-24,2023-11-17,2576899,31,1,1,Providence,Kansas State,Friars,Wildcats,4,4,10,7,3,NA,NA,2133,933,10,Official TV timeout.,NA,FALSE,FALSE,NA,NA,NA,NA,NA,NA,0,NA,NA,NA,NA,Ticket Gaines,Garwey Dual,Bryce Hopkins,Josh Oduro,Devin Carter,Arthur Kaluma,Dai Dai Ames,Tylor Perry,Will McNair Jr.,Cam Carter
2023-24,2023-11-17,2576899,32,1,1,Providence,Kansas State,Friars,Wildcats,4,4,10,7,3,1457,Kansas State,2119,919,14,Devin Carter blocks a Tylor Perry 3-point jump shot from 24 feet out.,missed,FALSE,TRUE,Jump Shot,9.6,23.35,1345192,Tylor Perry,NA,0,Kansas State,Kansas State,15,NA,Ticket Gaines,Garwey Dual,Bryce Hopkins,Josh Oduro,Devin Carter,Arthur Kaluma,Dai Dai Ames,Tylor Perry,Will McNair Jr.,Cam Carter
2023-24,2023-11-17,2576899,33,1,1,Providence,Kansas State,Friars,Wildcats,4,4,10,7,3,1576,Providence,2119,919,0,Ticket Gaines with a defensive rebound.,NA,FALSE,FALSE,NA,NA,NA,NA,NA,NA,0,Kansas State,Providence,15,NA,Ticket Gaines,Garwey Dual,Bryce Hopkins,Josh Oduro,Devin Carter,Arthur Kaluma,Dai Dai Ames,Tylor Perry,Will McNair Jr.,Cam Carter
2023-24,2023-11-17,2576899,34,1,1,Providence,Kansas State,Friars,Wildcats,4,4,10,7,3,1576,Providence,2103,903,16,Bryce Hopkins misses a jump shot from 18 feet out.,missed,FALSE,FALSE,Jump Shot,24.9,23.549999999999997,1340791,Bryce Hopkins,NA,0,Providence,Providence,16,NA,Ticket Gaines,Garwey Dual,Bryce Hopkins,Josh Oduro,Devin Carter,Arthur Kaluma,Dai Dai Ames,Tylor Perry,Will McNair Jr.,Cam Carter
2023-24,2023-11-17,2576899,35,1,1,Providence,Kansas State,Friars,Wildcats,4,4,10,7,3,1457,Kansas State,2103,903,0,Tylor Perry with a defensive rebound.,NA,FALSE,FALSE,NA,NA,NA,NA,NA,NA,0,Providence,Kansas State,16,NA,Ticket Gaines,Garwey Dual,Bryce Hopkins,Josh Oduro,Devin Carter,Arthur Kaluma,Dai Dai Ames,Tylor Perry,Will McNair Jr.,Cam Carter
2023-24,2023-11-17,2576899,36,1,1,Providence,Kansas State,Friars,Wildcats,4,4,10,7,3,1457,Kansas State,2083,883,20,Devin Carter blocks a Arthur Kaluma jump shot from 11 feet out.,missed,FALSE,FALSE,Jump Shot,19.3,14.65,1323635,Arthur Kaluma,NA,0,Kansas State,Kansas State,17,NA,Ticket Gaines,Garwey Dual,Bryce Hopkins,Josh Oduro,Devin Carter,Arthur Kaluma,Dai Dai Ames,Tylor Perry,Will McNair Jr.,Cam Carter
2023-24,2023-11-17,2576899,37,1,1,Providence,Kansas State,Friars,Wildcats,4,4,10,7,3,1457,Kansas State,2083,883,0,Arthur Kaluma with an offensive rebound.,NA,FALSE,FALSE,NA,NA,NA,NA,NA,NA,0,Kansas State,Kansas State,17,NA,Ticket Gaines,Garwey Dual,Bryce Hopkins,Josh Oduro,Devin Carter,Arthur Kaluma,Dai Dai Ames,Tylor Perry,Will McNair Jr.,Cam Carter
2023-24,2023-11-17,2576899,38,1,1,Providence,Kansas State,Friars,Wildcats,4,4,10,7,3,1457,Kansas State,2077,877,6,Arthur Kaluma with a turnover - Lost Ball,NA,FALSE,FALSE,NA,NA,NA,NA,NA,NA,0,Kansas State,Providence,17,NA,Ticket Gaines,Garwey Dual,Bryce Hopkins,Josh Oduro,Devin Carter,Arthur Kaluma,Dai Dai Ames,Tylor Perry,Will McNair Jr.,Cam Carter
2023-24,2023-11-17,2576899,39,1,1,Providence,Kansas State,Friars,Wildcats,4,4,10,7,3,1576,Providence,2068,868,9,Cam Carter steals the ball from Devin Carter.,NA,FALSE,FALSE,NA,NA,NA,NA,NA,NA,0,Providence,Kansas State,18,NA,Ticket Gaines,Garwey Dual,Bryce Hopkins,Josh Oduro,Devin Carter,Arthur Kaluma,Dai Dai Ames,Tylor Perry,Will McNair Jr.,Cam Carter
2023-24,2023-11-17,2576899,40,1,1,Providence,Kansas State,Friars,Wildcats,4,4,10,7,3,1576,Providence,2068,868,0,Personal foul committed by Devin Carter.,NA,FALSE,FALSE,NA,NA,NA,NA,NA,NA,0,Kansas State,Kansas State,19,NA,Ticket Gaines,Garwey Dual,Bryce Hopkins,Josh Oduro,Devin Carter,Arthur Kaluma,Dai Dai Ames,Tylor Perry,Will McNair Jr.,Cam Carter
2023-24,2023-11-17,2576899,41,1,1,Providence,Kansas State,Friars,Wildcats,4,4,10,7,3,1457,Kansas State,2068,868,0,Substitution: David N'Guessan in for Will McNair Jr..,NA,FALSE,FALSE,NA,NA,NA,NA,NA,NA,1,NA,NA,NA,NA,Ticket Gaines,Garwey Dual,Bryce Hopkins,Josh Oduro,Devin Carter,Arthur Kaluma,Dai Dai Ames,Tylor Perry,David N'Guessan,Cam Carter
2023-24,2023-11-17,2576899,42,1,1,Providence,Kansas State,Friars,Wildcats,4,4,10,7,3,1457,Kansas State,2068,868,0,Substitution: Jerrell Colbert in for Arthur Kaluma.,NA,FALSE,FALSE,NA,NA,NA,NA,NA,NA,1,NA,NA,NA,NA,Ticket Gaines,Garwey Dual,Bryce Hopkins,Josh Oduro,Devin Carter,Jerrell Colbert,Dai Dai Ames,Tylor Perry,David N'Guessan,Cam Carter
2023-24,2023-11-17,2576899,43,1,1,Providence,Kansas State,Friars,Wildcats,4,4,10,7,3,1576,Providence,2068,868,0,Substitution: Jayden Pierre in for Ticket Gaines.,NA,FALSE,FALSE,NA,NA,NA,NA,NA,NA,1,NA,NA,NA,NA,Jayden Pierre,Garwey Dual,Bryce Hopkins,Josh Oduro,Devin Carter,Jerrell Colbert,Dai Dai Ames,Tylor Perry,David N'Guessan,Cam Carter
2023-24,2023-11-17,2576899,44,1,1,Providence,Kansas State,Friars,Wildcats,4,4,10,7,3,1576,Providence,2068,868,0,Substitution: Corey Floyd Jr. in for Devin Carter.,NA,FALSE,FALSE,NA,NA,NA,NA,NA,NA,1,NA,NA,NA,NA,Jayden Pierre,Garwey Dual,Bryce Hopkins,Josh Oduro,Corey Floyd Jr.,Jerrell Colbert,Dai Dai Ames,Tylor Perry,David N'Guessan,Cam Carter
2023-24,2023-11-17,2576899,45,1,1,Providence,Kansas State,Friars,Wildcats,4,4,10,7,3,1457,Kansas State,2056,856,12,Tylor Perry with a turnover - Lost Ball,NA,FALSE,FALSE,NA,NA,NA,NA,NA,NA,0,Kansas State,Providence,19,NA,Jayden Pierre,Garwey Dual,Bryce Hopkins,Josh Oduro,Corey Floyd Jr.,Jerrell Colbert,Dai Dai Ames,Tylor Perry,David N'Guessan,Cam Carter
2023-24,2023-11-17,2576899,46,1,1,Providence,Kansas State,Friars,Wildcats,4,4,10,7,3,1457,Kansas State,2045,845,11,Shooting foul committed by Jerrell Colbert.,NA,FALSE,FALSE,NA,NA,NA,NA,NA,NA,0,Providence,Providence,20,NA,Jayden Pierre,Garwey Dual,Bryce Hopkins,Josh Oduro,Corey Floyd Jr.,Jerrell Colbert,Dai Dai Ames,Tylor Perry,David N'Guessan,Cam Carter
2023-24,2023-11-17,2576899,47,1,1,Providence,Kansas State,Friars,Wildcats,4,4,10,7,3,1576,Providence,2045,845,0,Josh Oduro misses free throw 1 of 2.,missed,TRUE,FALSE,NA,NA,NA,NA,NA,NA,0,Providence,Providence,20,NA,Jayden Pierre,Garwey Dual,Bryce Hopkins,Josh Oduro,Corey Floyd Jr.,Jerrell Colbert,Dai Dai Ames,Tylor Perry,David N'Guessan,Cam Carter
2023-24,2023-11-17,2576899,49,1,1,Providence,Kansas State,Friars,Wildcats,4,4,10,7,3,1576,Providence,2045,845,0,Substitution: Ticket Gaines in for Bryce Hopkins.,NA,FALSE,FALSE,NA,NA,NA,NA,NA,NA,1,NA,NA,NA,NA,Jayden Pierre,Garwey Dual,Ticket Gaines,Josh Oduro,Corey Floyd Jr.,Jerrell Colbert,Dai Dai Ames,Tylor Perry,David N'Guessan,Cam Carter
2023-24,2023-11-17,2576899,50,1,1,Providence,Kansas State,Friars,Wildcats,4,4,11,7,4,1576,Providence,2045,845,0,Josh Oduro makes free throw 2 of 2.,made,TRUE,FALSE,NA,NA,NA,NA,NA,NA,0,Providence,Kansas State,20,NA,Jayden Pierre,Garwey Dual,Ticket Gaines,Josh Oduro,Corey Floyd Jr.,Jerrell Colbert,Dai Dai Ames,Tylor Perry,David N'Guessan,Cam Carter
2023-24,2023-11-17,2576899,51,1,1,Providence,Kansas State,Friars,Wildcats,4,4,11,7,4,1457,Kansas State,2025,825,20,Garwey Dual blocks a Dai Dai Ames jump shot from 11 feet out.,missed,FALSE,FALSE,Jump Shot,17.1,12.65,1459975,Dai Dai Ames,NA,0,Kansas State,Kansas State,21,NA,Jayden Pierre,Garwey Dual,Ticket Gaines,Josh Oduro,Corey Floyd Jr.,Jerrell Colbert,Dai Dai Ames,Tylor Perry,David N'Guessan,Cam Carter
2023-24,2023-11-17,2576899,52,1,1,Providence,Kansas State,Friars,Wildcats,4,4,11,7,4,1576,Providence,2025,825,0,Ticket Gaines with a defensive rebound.,NA,FALSE,FALSE,NA,NA,NA,NA,NA,NA,0,Kansas State,Providence,21,NA,Jayden Pierre,Garwey Dual,Ticket Gaines,Josh Oduro,Corey Floyd Jr.,Jerrell Colbert,Dai Dai Ames,Tylor Perry,David N'Guessan,Cam Carter
2023-24,2023-11-17,2576899,53,1,1,Providence,Kansas State,Friars,Wildcats,4,4,11,7,4,1576,Providence,2020,820,5,Corey Floyd Jr. misses a layup.,missed,FALSE,FALSE,Layup Shot,25,5.25,1345651,Corey Floyd Jr.,NA,0,Providence,Providence,22,NA,Jayden Pierre,Garwey Dual,Ticket Gaines,Josh Oduro,Corey Floyd Jr.,Jerrell Colbert,Dai Dai Ames,Tylor Perry,David N'Guessan,Cam Carter
2023-24,2023-11-17,2576899,54,1,1,Providence,Kansas State,Friars,Wildcats,4,4,11,7,4,1457,Kansas State,2020,820,0,Tylor Perry with a defensive rebound.,NA,FALSE,FALSE,NA,NA,NA,NA,NA,NA,0,Providence,Kansas State,22,NA,Jayden Pierre,Garwey Dual,Ticket Gaines,Josh Oduro,Corey Floyd Jr.,Jerrell Colbert,Dai Dai Ames,Tylor Perry,David N'Guessan,Cam Carter
2023-24,2023-11-17,2576899,55,1,1,Providence,Kansas State,Friars,Wildcats,4,4,11,7,4,1576,Providence,2016,816,4,Personal foul committed by Jayden Pierre.,NA,FALSE,FALSE,NA,NA,NA,NA,NA,NA,0,Kansas State,Kansas State,23,NA,Jayden Pierre,Garwey Dual,Ticket Gaines,Josh Oduro,Corey Floyd Jr.,Jerrell Colbert,Dai Dai Ames,Tylor Perry,David N'Guessan,Cam Carter
2023-24,2023-11-17,2576899,56,1,1,Providence,Kansas State,Friars,Wildcats,4,4,11,7,4,1457,Kansas State,2010,810,6,Tylor Perry misses a 3-point jump shot from 23 feet out.,missed,FALSE,TRUE,Jump Shot,5.5,16.85,1345192,Tylor Perry,NA,0,Kansas State,Kansas State,23,NA,Jayden Pierre,Garwey Dual,Ticket Gaines,Josh Oduro,Corey Floyd Jr.,Jerrell Colbert,Dai Dai Ames,Tylor Perry,David N'Guessan,Cam Carter
2023-24,2023-11-17,2576899,58,1,1,Providence,Kansas State,Friars,Wildcats,4,4,11,7,4,1576,Providence,2005,805,5,Substitution: Devin Carter in for Jayden Pierre.,NA,FALSE,FALSE,NA,NA,NA,NA,NA,NA,1,NA,NA,NA,NA,Devin Carter,Garwey Dual,Ticket Gaines,Josh Oduro,Corey Floyd Jr.,Jerrell Colbert,Dai Dai Ames,Tylor Perry,David N'Guessan,Cam Carter
2023-24,2023-11-17,2576899,59,1,1,Providence,Kansas State,Friars,Wildcats,4,4,11,7,4,1576,Providence,2005,805,0,Substitution: Rafael Castro in for Josh Oduro.,NA,FALSE,FALSE,NA,NA,NA,NA,NA,NA,1,NA,NA,NA,NA,Devin Carter,Garwey Dual,Ticket Gaines,Rafael Castro,Corey Floyd Jr.,Jerrell Colbert,Dai Dai Ames,Tylor Perry,David N'Guessan,Cam Carter
2023-24,2023-11-17,2576899,60,1,1,Providence,Kansas State,Friars,Wildcats,4,4,11,7,4,1576,Providence,2001,801,4,Personal foul committed by Garwey Dual.,NA,FALSE,FALSE,NA,NA,NA,NA,NA,NA,0,Kansas State,Kansas State,23,NA,Devin Carter,Garwey Dual,Ticket Gaines,Rafael Castro,Corey Floyd Jr.,Jerrell Colbert,Dai Dai Ames,Tylor Perry,David N'Guessan,Cam Carter
2023-24,2023-11-17,2576899,61,1,1,Providence,Kansas State,Friars,Wildcats,4,4,11,9,2,1457,Kansas State,1991,791,10,Cam Carter makes a jump shot from 14 feet out.,made,FALSE,FALSE,Jump Shot,38,8.85,1351088,Cam Carter,NA,0,Kansas State,Providence,23,NA,Devin Carter,Garwey Dual,Ticket Gaines,Rafael Castro,Corey Floyd Jr.,Jerrell Colbert,Dai Dai Ames,Tylor Perry,David N'Guessan,Cam Carter
2023-24,2023-11-17,2576899,62,1,1,Providence,Kansas State,Friars,Wildcats,4,4,11,9,2,1576,Providence,1974,774,17,Garwey Dual with a turnover - Discontinue Dribble,NA,FALSE,FALSE,NA,NA,NA,NA,NA,NA,0,Providence,Kansas State,24,NA,Devin Carter,Garwey Dual,Ticket Gaines,Rafael Castro,Corey Floyd Jr.,Jerrell Colbert,Dai Dai Ames,Tylor Perry,David N'Guessan,Cam Carter
2023-24,2023-11-17,2576899,63,1,1,Providence,Kansas State,Friars,Wildcats,4,4,11,9,2,1457,Kansas State,1960,760,14,Dai Dai Ames misses a jump shot from 13 feet out.,missed,FALSE,FALSE,Jump Shot,19.6,17.05,1459975,Dai Dai Ames,NA,0,Kansas State,Kansas State,25,NA,Devin Carter,Garwey Dual,Ticket Gaines,Rafael Castro,Corey Floyd Jr.,Jerrell Colbert,Dai Dai Ames,Tylor Perry,David N'Guessan,Cam Carter
2023-24,2023-11-17,2576899,64,1,1,Providence,Kansas State,Friars,Wildcats,4,4,11,9,2,1576,Providence,1960,760,0,Devin Carter with a defensive rebound.,NA,FALSE,FALSE,NA,NA,NA,NA,NA,NA,0,Kansas State,Providence,25,NA,Devin Carter,Garwey Dual,Ticket Gaines,Rafael Castro,Corey Floyd Jr.,Jerrell Colbert,Dai Dai Ames,Tylor Perry,David N'Guessan,Cam Carter
2023-24,2023-11-17,2576899,65,1,1,Providence,Kansas State,Friars,Wildcats,4,4,13,9,4,1576,Providence,1937,737,23,Corey Floyd Jr. makes a layup.,made,FALSE,FALSE,Layup Shot,26,6.25,1345651,Corey Floyd Jr.,NA,0,Providence,Kansas State,26,NA,Devin Carter,Garwey Dual,Ticket Gaines,Rafael Castro,Corey Floyd Jr.,Jerrell Colbert,Dai Dai Ames,Tylor Perry,David N'Guessan,Cam Carter
2023-24,2023-11-17,2576899,66,1,1,Providence,Kansas State,Friars,Wildcats,4,4,13,9,4,1457,Kansas State,1929,729,8,Devin Carter steals the ball from Tylor Perry.,NA,FALSE,FALSE,NA,NA,NA,NA,NA,NA,0,Kansas State,Providence,27,NA,Devin Carter,Garwey Dual,Ticket Gaines,Rafael Castro,Corey Floyd Jr.,Jerrell Colbert,Dai Dai Ames,Tylor Perry,David N'Guessan,Cam Carter
2023-24,2023-11-17,2576899,67,1,1,Providence,Kansas State,Friars,Wildcats,4,4,15,9,6,1576,Providence,1924,724,5,Devin Carter dunks.,made,FALSE,FALSE,Dunk Shot,25,5.25,1340755,Devin Carter,NA,0,Providence,Kansas State,28,NA,Devin Carter,Garwey Dual,Ticket Gaines,Rafael Castro,Corey Floyd Jr.,Jerrell Colbert,Dai Dai Ames,Tylor Perry,David N'Guessan,Cam Carter
2023-24,2023-11-17,2576899,68,1,1,Providence,Kansas State,Friars,Wildcats,4,4,15,9,6,1457,Kansas State,1899,699,25,David N'Guessan with a turnover - Traveling,NA,FALSE,FALSE,NA,NA,NA,NA,NA,NA,0,Kansas State,Providence,29,NA,Devin Carter,Garwey Dual,Ticket Gaines,Rafael Castro,Corey Floyd Jr.,Jerrell Colbert,Dai Dai Ames,Tylor Perry,David N'Guessan,Cam Carter
2023-24,2023-11-17,2576899,69,1,1,Providence,Kansas State,Friars,Wildcats,4,4,15,9,6,NA,NA,1899,699,0,Official TV timeout.,NA,FALSE,FALSE,NA,NA,NA,NA,NA,NA,0,NA,NA,NA,NA,Devin Carter,Garwey Dual,Ticket Gaines,Rafael Castro,Corey Floyd Jr.,Jerrell Colbert,Dai Dai Ames,Tylor Perry,David N'Guessan,Cam Carter
2023-24,2023-11-17,2576899,70,1,1,Providence,Kansas State,Friars,Wildcats,4,4,15,9,6,1457,Kansas State,1899,699,0,Substitution: R.J. Jones in for David N'Guessan.,NA,FALSE,FALSE,NA,NA,NA,NA,NA,NA,1,NA,NA,NA,NA,Devin Carter,Garwey Dual,Ticket Gaines,Rafael Castro,Corey Floyd Jr.,Jerrell Colbert,Dai Dai Ames,Tylor Perry,R.J. Jones,Cam Carter
2023-24,2023-11-17,2576899,71,1,1,Providence,Kansas State,Friars,Wildcats,4,4,15,9,6,1457,Kansas State,1899,699,0,Substitution: Will McNair Jr. in for Tylor Perry.,NA,FALSE,FALSE,NA,NA,NA,NA,NA,NA,1,NA,NA,NA,NA,Devin Carter,Garwey Dual,Ticket Gaines,Rafael Castro,Corey Floyd Jr.,Jerrell Colbert,Dai Dai Ames,Will McNair Jr.,R.J. Jones,Cam Carter
2023-24,2023-11-17,2576899,72,1,1,Providence,Kansas State,Friars,Wildcats,4,4,15,9,6,1457,Kansas State,1899,699,0,Substitution: Arthur Kaluma in for Jerrell Colbert.,NA,FALSE,FALSE,NA,NA,NA,NA,NA,NA,1,NA,NA,NA,NA,Devin Carter,Garwey Dual,Ticket Gaines,Rafael Castro,Corey Floyd Jr.,Arthur Kaluma,Dai Dai Ames,Will McNair Jr.,R.J. Jones,Cam Carter
2023-24,2023-11-17,2576899,73,1,1,Providence,Kansas State,Friars,Wildcats,4,4,15,9,6,1576,Providence,1899,699,0,Substitution: Bryce Hopkins in for Garwey Dual.,NA,FALSE,FALSE,NA,NA,NA,NA,NA,NA,1,NA,NA,NA,NA,Devin Carter,Bryce Hopkins,Ticket Gaines,Rafael Castro,Corey Floyd Jr.,Arthur Kaluma,Dai Dai Ames,Will McNair Jr.,R.J. Jones,Cam Carter
2023-24,2023-11-17,2576899,74,1,1,Providence,Kansas State,Friars,Wildcats,4,4,15,9,6,1576,Providence,1875,675,24,Bryce Hopkins misses a jump shot from 7 feet out.,missed,FALSE,FALSE,Jump Shot,31.2,9.049999999999997,1340791,Bryce Hopkins,NA,0,Providence,Providence,30,NA,Devin Carter,Bryce Hopkins,Ticket Gaines,Rafael Castro,Corey Floyd Jr.,Arthur Kaluma,Dai Dai Ames,Will McNair Jr.,R.J. Jones,Cam Carter
2023-24,2023-11-17,2576899,75,1,1,Providence,Kansas State,Friars,Wildcats,4,4,15,9,6,1576,Providence,1875,675,0,Bryce Hopkins with an offensive rebound.,NA,FALSE,FALSE,NA,NA,NA,NA,NA,NA,0,Providence,Providence,30,NA,Devin Carter,Bryce Hopkins,Ticket Gaines,Rafael Castro,Corey Floyd Jr.,Arthur Kaluma,Dai Dai Ames,Will McNair Jr.,R.J. Jones,Cam Carter
2023-24,2023-11-17,2576899,76,1,1,Providence,Kansas State,Friars,Wildcats,4,4,15,9,6,1576,Providence,1869,669,6,Cam Carter steals the ball from Bryce Hopkins.,NA,FALSE,FALSE,NA,NA,NA,NA,NA,NA,0,Providence,Kansas State,30,NA,Devin Carter,Bryce Hopkins,Ticket Gaines,Rafael Castro,Corey Floyd Jr.,Arthur Kaluma,Dai Dai Ames,Will McNair Jr.,R.J. Jones,Cam Carter
2023-24,2023-11-17,2576899,77,1,1,Providence,Kansas State,Friars,Wildcats,4,4,15,9,6,1457,Kansas State,1861,661,8,Will McNair Jr. with a turnover - Traveling,NA,FALSE,FALSE,NA,NA,NA,NA,NA,NA,0,Kansas State,Providence,31,NA,Devin Carter,Bryce Hopkins,Ticket Gaines,Rafael Castro,Corey Floyd Jr.,Arthur Kaluma,Dai Dai Ames,Will McNair Jr.,R.J. Jones,Cam Carter
2023-24,2023-11-17,2576899,78,1,1,Providence,Kansas State,Friars,Wildcats,4,4,15,9,6,1457,Kansas State,1833,633,28,Dai Dai Ames misses a 3-point jump shot from 24 feet out.,missed,FALSE,TRUE,Jump Shot,8.899999999999999,22.85,1459975,Dai Dai Ames,NA,0,Kansas State,Kansas State,32,NA,Devin Carter,Bryce Hopkins,Ticket Gaines,Rafael Castro,Corey Floyd Jr.,Arthur Kaluma,Dai Dai Ames,Will McNair Jr.,R.J. Jones,Cam Carter
2023-24,2023-11-17,2576899,79,1,1,Providence,Kansas State,Friars,Wildcats,4,4,15,9,6,1576,Providence,1833,633,0,Devin Carter with a defensive rebound.,NA,FALSE,FALSE,NA,NA,NA,NA,NA,NA,0,Kansas State,Providence,32,NA,Devin Carter,Bryce Hopkins,Ticket Gaines,Rafael Castro,Corey Floyd Jr.,Arthur Kaluma,Dai Dai Ames,Will McNair Jr.,R.J. Jones,Cam Carter
2023-24,2023-11-17,2576899,80,1,1,Providence,Kansas State,Friars,Wildcats,4,4,15,9,6,1576,Providence,1827,627,6,Devin Carter with a turnover - Bad Pass,NA,FALSE,FALSE,NA,NA,NA,NA,NA,NA,0,Providence,Kansas State,33,NA,Devin Carter,Bryce Hopkins,Ticket Gaines,Rafael Castro,Corey Floyd Jr.,Arthur Kaluma,Dai Dai Ames,Will McNair Jr.,R.J. Jones,Cam Carter
2023-24,2023-11-17,2576899,81,1,1,Providence,Kansas State,Friars,Wildcats,4,4,15,11,4,1457,Kansas State,1812,612,15,Arthur Kaluma makes a jump shot from 13 feet out.,made,FALSE,FALSE,Jump Shot,20.7,17.05,1323635,Arthur Kaluma,NA,0,Kansas State,Providence,34,NA,Devin Carter,Bryce Hopkins,Ticket Gaines,Rafael Castro,Corey Floyd Jr.,Arthur Kaluma,Dai Dai Ames,Will McNair Jr.,R.J. Jones,Cam Carter
2023-24,2023-11-17,2576899,82,1,1,Providence,Kansas State,Friars,Wildcats,4,4,15,11,4,1576,Providence,1781,581,31,Will McNair Jr. blocks a Bryce Hopkins jump shot from 7 feet out.,missed,FALSE,FALSE,Jump Shot,24.2,12.150000000000006,1340791,Bryce Hopkins,NA,0,Providence,Providence,35,NA,Devin Carter,Bryce Hopkins,Ticket Gaines,Rafael Castro,Corey Floyd Jr.,Arthur Kaluma,Dai Dai Ames,Will McNair Jr.,R.J. Jones,Cam Carter
2023-24,2023-11-17,2576899,83,1,1,Providence,Kansas State,Friars,Wildcats,4,4,15,11,4,1576,Providence,1781,581,0,Rafael Castro with an offensive rebound.,NA,FALSE,FALSE,NA,NA,NA,NA,NA,NA,0,Providence,Providence,35,NA,Devin Carter,Bryce Hopkins,Ticket Gaines,Rafael Castro,Corey Floyd Jr.,Arthur Kaluma,Dai Dai Ames,Will McNair Jr.,R.J. Jones,Cam Carter
2023-24,2023-11-17,2576899,84,1,1,Providence,Kansas State,Friars,Wildcats,4,4,15,11,4,1457,Kansas State,1781,581,0,Shooting foul committed by Will McNair Jr..,NA,FALSE,FALSE,NA,NA,NA,NA,NA,NA,0,Providence,Providence,35,NA,Devin Carter,Bryce Hopkins,Ticket Gaines,Rafael Castro,Corey Floyd Jr.,Arthur Kaluma,Dai Dai Ames,Will McNair Jr.,R.J. Jones,Cam Carter
2023-24,2023-11-17,2576899,85,1,1,Providence,Kansas State,Friars,Wildcats,4,4,15,11,4,1576,Providence,1781,581,0,Rafael Castro misses free throw 1 of 2.,missed,TRUE,FALSE,NA,NA,NA,NA,NA,NA,0,Providence,Providence,35,NA,Devin Carter,Bryce Hopkins,Ticket Gaines,Rafael Castro,Corey Floyd Jr.,Arthur Kaluma,Dai Dai Ames,Will McNair Jr.,R.J. Jones,Cam Carter
2023-24,2023-11-17,2576899,87,1,1,Providence,Kansas State,Friars,Wildcats,4,4,15,11,4,1457,Kansas State,1781,581,0,Substitution: Tylor Perry in for Cam Carter.,NA,FALSE,FALSE,NA,NA,NA,NA,NA,NA,1,NA,NA,NA,NA,Devin Carter,Bryce Hopkins,Ticket Gaines,Rafael Castro,Corey Floyd Jr.,Arthur Kaluma,Dai Dai Ames,Will McNair Jr.,R.J. Jones,Tylor Perry
2023-24,2023-11-17,2576899,88,1,1,Providence,Kansas State,Friars,Wildcats,4,4,15,11,4,1576,Providence,1781,581,0,Substitution: Garwey Dual in for Devin Carter.,NA,FALSE,FALSE,NA,NA,NA,NA,NA,NA,1,NA,NA,NA,NA,Garwey Dual,Bryce Hopkins,Ticket Gaines,Rafael Castro,Corey Floyd Jr.,Arthur Kaluma,Dai Dai Ames,Will McNair Jr.,R.J. Jones,Tylor Perry
2023-24,2023-11-17,2576899,89,1,1,Providence,Kansas State,Friars,Wildcats,4,4,16,11,5,1576,Providence,1781,581,0,Rafael Castro makes free throw 2 of 2.,made,TRUE,FALSE,NA,NA,NA,NA,NA,NA,0,Providence,Kansas State,35,NA,Garwey Dual,Bryce Hopkins,Ticket Gaines,Rafael Castro,Corey Floyd Jr.,Arthur Kaluma,Dai Dai Ames,Will McNair Jr.,R.J. Jones,Tylor Perry
2023-24,2023-11-17,2576899,90,1,1,Providence,Kansas State,Friars,Wildcats,4,4,16,11,5,1576,Providence,1781,581,0,Substitution: Josh Oduro in for Rafael Castro.,NA,FALSE,FALSE,NA,NA,NA,NA,NA,NA,1,NA,NA,NA,NA,Garwey Dual,Bryce Hopkins,Ticket Gaines,Josh Oduro,Corey Floyd Jr.,Arthur Kaluma,Dai Dai Ames,Will McNair Jr.,R.J. Jones,Tylor Perry
2023-24,2023-11-17,2576899,91,1,1,Providence,Kansas State,Friars,Wildcats,4,4,16,11,5,1457,Kansas State,1771,571,10,Dai Dai Ames with a turnover - Discontinue Dribble,NA,FALSE,FALSE,NA,NA,NA,NA,NA,NA,0,Kansas State,Providence,36,NA,Garwey Dual,Bryce Hopkins,Ticket Gaines,Josh Oduro,Corey Floyd Jr.,Arthur Kaluma,Dai Dai Ames,Will McNair Jr.,R.J. Jones,Tylor Perry
2023-24,2023-11-17,2576899,92,1,1,Providence,Kansas State,Friars,Wildcats,4,4,16,11,5,1457,Kansas State,1751,551,20,Substitution: Cam Carter in for Dai Dai Ames.,NA,FALSE,FALSE,NA,NA,NA,NA,NA,NA,1,NA,NA,NA,NA,Garwey Dual,Bryce Hopkins,Ticket Gaines,Josh Oduro,Corey Floyd Jr.,Arthur Kaluma,Cam Carter,Will McNair Jr.,R.J. Jones,Tylor Perry
2023-24,2023-11-17,2576899,93,1,1,Providence,Kansas State,Friars,Wildcats,4,4,16,11,5,1576,Providence,1745,545,6,R.J. Jones steals the ball from Corey Floyd Jr..,NA,FALSE,FALSE,NA,NA,NA,NA,NA,NA,0,Providence,Kansas State,37,NA,Garwey Dual,Bryce Hopkins,Ticket Gaines,Josh Oduro,Corey Floyd Jr.,Arthur Kaluma,Cam Carter,Will McNair Jr.,R.J. Jones,Tylor Perry
2023-24,2023-11-17,2576899,94,1,1,Providence,Kansas State,Friars,Wildcats,4,4,16,11,5,1457,Kansas State,1739,539,6,Garwey Dual blocks a R.J. Jones layup.,missed,FALSE,FALSE,Layup Shot,26,6.25,1459976,R.J. Jones,NA,0,Kansas State,Kansas State,38,NA,Garwey Dual,Bryce Hopkins,Ticket Gaines,Josh Oduro,Corey Floyd Jr.,Arthur Kaluma,Cam Carter,Will McNair Jr.,R.J. Jones,Tylor Perry
2023-24,2023-11-17,2576899,96,1,1,Providence,Kansas State,Friars,Wildcats,4,4,16,11,5,1457,Kansas State,1739,539,0,Substitution: David N'Guessan in for Will McNair Jr..,NA,FALSE,FALSE,NA,NA,NA,NA,NA,NA,1,NA,NA,NA,NA,Garwey Dual,Bryce Hopkins,Ticket Gaines,Josh Oduro,Corey Floyd Jr.,Arthur Kaluma,Cam Carter,David N'Guessan,R.J. Jones,Tylor Perry
2023-24,2023-11-17,2576899,97,1,1,Providence,Kansas State,Friars,Wildcats,4,4,16,11,5,1457,Kansas State,1722,522,17,Cam Carter misses a 3-point jump shot from 24 feet out.,missed,FALSE,TRUE,Jump Shot,42.8,21.15,1351088,Cam Carter,NA,0,Kansas State,Kansas State,38,NA,Garwey Dual,Bryce Hopkins,Ticket Gaines,Josh Oduro,Corey Floyd Jr.,Arthur Kaluma,Cam Carter,David N'Guessan,R.J. Jones,Tylor Perry
2023-24,2023-11-17,2576899,98,1,1,Providence,Kansas State,Friars,Wildcats,4,4,16,11,5,1457,Kansas State,1722,522,0,Arthur Kaluma with an offensive rebound.,NA,FALSE,FALSE,NA,NA,NA,NA,NA,NA,0,Kansas State,Kansas State,38,NA,Garwey Dual,Bryce Hopkins,Ticket Gaines,Josh Oduro,Corey Floyd Jr.,Arthur Kaluma,Cam Carter,David N'Guessan,R.J. Jones,Tylor Perry
2023-24,2023-11-17,2576899,99,1,1,Providence,Kansas State,Friars,Wildcats,4,4,16,11,5,1457,Kansas State,1709,509,13,R.J. Jones misses a jump shot from 15 feet out.,missed,FALSE,FALSE,Jump Shot,10.3,8.05,1459976,R.J. Jones,NA,0,Kansas State,Kansas State,38,NA,Garwey Dual,Bryce Hopkins,Ticket Gaines,Josh Oduro,Corey Floyd Jr.,Arthur Kaluma,Cam Carter,David N'Guessan,R.J. Jones,Tylor Perry
2023-24,2023-11-17,2576899,100,1,1,Providence,Kansas State,Friars,Wildcats,4,4,16,11,5,1576,Providence,1709,509,0,Corey Floyd Jr. with a defensive rebound.,NA,FALSE,FALSE,NA,NA,NA,NA,NA,NA,0,Kansas State,Providence,38,NA,Garwey Dual,Bryce Hopkins,Ticket Gaines,Josh Oduro,Corey Floyd Jr.,Arthur Kaluma,Cam Carter,David N'Guessan,R.J. Jones,Tylor Perry
2023-24,2023-11-17,2576899,101,1,1,Providence,Kansas State,Friars,Wildcats,4,4,16,11,5,1457,Kansas State,1682,482,27,Personal foul committed by R.J. Jones.,NA,FALSE,FALSE,NA,NA,NA,NA,NA,NA,0,Providence,Providence,39,NA,Garwey Dual,Bryce Hopkins,Ticket Gaines,Josh Oduro,Corey Floyd Jr.,Arthur Kaluma,Cam Carter,David N'Guessan,R.J. Jones,Tylor Perry
2023-24,2023-11-17,2576899,102,1,1,Providence,Kansas State,Friars,Wildcats,4,4,16,11,5,1457,Kansas State,1682,482,0,Substitution: Dai Dai Ames in for R.J. Jones.,NA,FALSE,FALSE,NA,NA,NA,NA,NA,NA,1,NA,NA,NA,NA,Garwey Dual,Bryce Hopkins,Ticket Gaines,Josh Oduro,Corey Floyd Jr.,Arthur Kaluma,Cam Carter,David N'Guessan,Dai Dai Ames,Tylor Perry
2023-24,2023-11-17,2576899,103,1,1,Providence,Kansas State,Friars,Wildcats,4,4,16,11,5,1576,Providence,1682,482,0,Substitution: Rich Barron in for Corey Floyd Jr..,NA,FALSE,FALSE,NA,NA,NA,NA,NA,NA,1,NA,NA,NA,NA,Garwey Dual,Bryce Hopkins,Ticket Gaines,Josh Oduro,Rich Barron,Arthur Kaluma,Cam Carter,David N'Guessan,Dai Dai Ames,Tylor Perry
2023-24,2023-11-17,2576899,104,1,1,Providence,Kansas State,Friars,Wildcats,4,4,16,11,5,1576,Providence,1672,472,10,Garwey Dual with a turnover - Bad Pass,NA,FALSE,FALSE,NA,NA,NA,NA,NA,NA,0,Providence,Kansas State,39,NA,Garwey Dual,Bryce Hopkins,Ticket Gaines,Josh Oduro,Rich Barron,Arthur Kaluma,Cam Carter,David N'Guessan,Dai Dai Ames,Tylor Perry
2023-24,2023-11-17,2576899,105,1,1,Providence,Kansas State,Friars,Wildcats,4,4,16,13,3,1457,Kansas State,1664,464,8,Tylor Perry makes a jump shot from 8 feet out.,made,FALSE,FALSE,Jump Shot,22,12.45,1345192,Tylor Perry,NA,0,Kansas State,Providence,40,NA,Garwey Dual,Bryce Hopkins,Ticket Gaines,Josh Oduro,Rich Barron,Arthur Kaluma,Cam Carter,David N'Guessan,Dai Dai Ames,Tylor Perry
2023-24,2023-11-17,2576899,106,1,1,Providence,Kansas State,Friars,Wildcats,4,4,16,13,3,1457,Kansas State,1643,443,21,Personal foul committed by Cam Carter.,NA,FALSE,FALSE,NA,NA,NA,NA,NA,NA,0,Providence,Providence,41,NA,Garwey Dual,Bryce Hopkins,Ticket Gaines,Josh Oduro,Rich Barron,Arthur Kaluma,Cam Carter,David N'Guessan,Dai Dai Ames,Tylor Perry
2023-24,2023-11-17,2576899,107,1,1,Providence,Kansas State,Friars,Wildcats,4,4,16,13,3,NA,NA,1643,443,0,Official TV timeout.,NA,FALSE,FALSE,NA,NA,NA,NA,NA,NA,0,NA,NA,NA,NA,Garwey Dual,Bryce Hopkins,Ticket Gaines,Josh Oduro,Rich Barron,Arthur Kaluma,Cam Carter,David N'Guessan,Dai Dai Ames,Tylor Perry
2023-24,2023-11-17,2576899,108,1,1,Providence,Kansas State,Friars,Wildcats,4,4,16,13,3,1576,Providence,1643,443,0,Substitution: Devin Carter in for Ticket Gaines.,NA,FALSE,FALSE,NA,NA,NA,NA,NA,NA,1,NA,NA,NA,NA,Garwey Dual,Bryce Hopkins,Devin Carter,Josh Oduro,Rich Barron,Arthur Kaluma,Cam Carter,David N'Guessan,Dai Dai Ames,Tylor Perry
2023-24,2023-11-17,2576899,109,1,1,Providence,Kansas State,Friars,Wildcats,4,4,16,13,3,1576,Providence,1630,430,13,Bryce Hopkins misses a layup.,missed,FALSE,FALSE,Layup Shot,25,5.25,1340791,Bryce Hopkins,NA,0,Providence,Providence,41,NA,Garwey Dual,Bryce Hopkins,Devin Carter,Josh Oduro,Rich Barron,Arthur Kaluma,Cam Carter,David N'Guessan,Dai Dai Ames,Tylor Perry
2023-24,2023-11-17,2576899,110,1,1,Providence,Kansas State,Friars,Wildcats,4,4,16,13,3,1457,Kansas State,1630,430,0,Tylor Perry with a defensive rebound.,NA,FALSE,FALSE,NA,NA,NA,NA,NA,NA,0,Providence,Kansas State,41,NA,Garwey Dual,Bryce Hopkins,Devin Carter,Josh Oduro,Rich Barron,Arthur Kaluma,Cam Carter,David N'Guessan,Dai Dai Ames,Tylor Perry
2023-24,2023-11-17,2576899,111,1,1,Providence,Kansas State,Friars,Wildcats,4,4,16,13,3,1457,Kansas State,1607,407,23,David N'Guessan misses a jump shot from 15 feet out.,missed,FALSE,FALSE,Jump Shot,35.6,15.85,1243716,David N'Guessan,NA,0,Kansas State,Kansas State,42,NA,Garwey Dual,Bryce Hopkins,Devin Carter,Josh Oduro,Rich Barron,Arthur Kaluma,Cam Carter,David N'Guessan,Dai Dai Ames,Tylor Perry
2023-24,2023-11-17,2576899,112,1,1,Providence,Kansas State,Friars,Wildcats,4,4,16,13,3,1457,Kansas State,1607,407,0,Dai Dai Ames with an offensive rebound.,NA,FALSE,FALSE,NA,NA,NA,NA,NA,NA,0,Kansas State,Kansas State,42,NA,Garwey Dual,Bryce Hopkins,Devin Carter,Josh Oduro,Rich Barron,Arthur Kaluma,Cam Carter,David N'Guessan,Dai Dai Ames,Tylor Perry
2023-24,2023-11-17,2576899,113,1,1,Providence,Kansas State,Friars,Wildcats,4,4,16,15,1,1457,Kansas State,1594,394,13,Arthur Kaluma makes a jump shot from 15 feet out.,made,FALSE,FALSE,Jump Shot,29,20.15,1323635,Arthur Kaluma,NA,0,Kansas State,Providence,42,NA,Garwey Dual,Bryce Hopkins,Devin Carter,Josh Oduro,Rich Barron,Arthur Kaluma,Cam Carter,David N'Guessan,Dai Dai Ames,Tylor Perry
2023-24,2023-11-17,2576899,114,1,1,Providence,Kansas State,Friars,Wildcats,4,4,16,15,1,1576,Providence,1570,370,24,Rich Barron misses a jump shot from 8 feet out.,missed,FALSE,FALSE,Jump Shot,18.1,8.849999999999994,1460372,Rich Barron,NA,0,Providence,Providence,43,NA,Garwey Dual,Bryce Hopkins,Devin Carter,Josh Oduro,Rich Barron,Arthur Kaluma,Cam Carter,David N'Guessan,Dai Dai Ames,Tylor Perry
2023-24,2023-11-17,2576899,115,1,1,Providence,Kansas State,Friars,Wildcats,4,4,16,15,1,1457,Kansas State,1570,370,0,David N'Guessan with a defensive rebound.,NA,FALSE,FALSE,NA,NA,NA,NA,NA,NA,0,Providence,Kansas State,43,NA,Garwey Dual,Bryce Hopkins,Devin Carter,Josh Oduro,Rich Barron,Arthur Kaluma,Cam Carter,David N'Guessan,Dai Dai Ames,Tylor Perry
2023-24,2023-11-17,2576899,116,1,1,Providence,Kansas State,Friars,Wildcats,4,4,16,15,1,1457,Kansas State,1561,361,9,Dai Dai Ames misses a layup.,missed,FALSE,FALSE,Layup Shot,26,6.25,1459975,Dai Dai Ames,NA,0,Kansas State,Kansas State,44,NA,Garwey Dual,Bryce Hopkins,Devin Carter,Josh Oduro,Rich Barron,Arthur Kaluma,Cam Carter,David N'Guessan,Dai Dai Ames,Tylor Perry
2023-24,2023-11-17,2576899,118,1,1,Providence,Kansas State,Friars,Wildcats,4,4,16,15,1,1576,Providence,1561,361,0,Shooting foul committed by Josh Oduro.,NA,FALSE,FALSE,NA,NA,NA,NA,NA,NA,0,Kansas State,Kansas State,44,NA,Garwey Dual,Bryce Hopkins,Devin Carter,Josh Oduro,Rich Barron,Arthur Kaluma,Cam Carter,David N'Guessan,Dai Dai Ames,Tylor Perry
2023-24,2023-11-17,2576899,119,1,1,Providence,Kansas State,Friars,Wildcats,4,4,16,16,0,1457,Kansas State,1561,361,0,Dai Dai Ames makes free throw 1 of 2.,made,TRUE,FALSE,NA,NA,NA,NA,NA,NA,0,Kansas State,Kansas State,44,NA,Garwey Dual,Bryce Hopkins,Devin Carter,Josh Oduro,Rich Barron,Arthur Kaluma,Cam Carter,David N'Guessan,Dai Dai Ames,Tylor Perry
2023-24,2023-11-17,2576899,120,1,1,Providence,Kansas State,Friars,Wildcats,4,4,16,16,0,1457,Kansas State,1561,361,0,Substitution: Will McNair Jr. in for David N'Guessan.,NA,FALSE,FALSE,NA,NA,NA,NA,NA,NA,1,NA,NA,NA,NA,Garwey Dual,Bryce Hopkins,Devin Carter,Josh Oduro,Rich Barron,Arthur Kaluma,Cam Carter,Will McNair Jr.,Dai Dai Ames,Tylor Perry
2023-24,2023-11-17,2576899,121,1,1,Providence,Kansas State,Friars,Wildcats,4,4,16,16,0,1576,Providence,1561,361,0,Substitution: Ticket Gaines in for Rich Barron.,NA,FALSE,FALSE,NA,NA,NA,NA,NA,NA,1,NA,NA,NA,NA,Garwey Dual,Bryce Hopkins,Devin Carter,Josh Oduro,Ticket Gaines,Arthur Kaluma,Cam Carter,Will McNair Jr.,Dai Dai Ames,Tylor Perry
2023-24,2023-11-17,2576899,122,1,1,Providence,Kansas State,Friars,Wildcats,4,4,16,16,0,1576,Providence,1561,361,0,Substitution: Corey Floyd Jr. in for Bryce Hopkins.,NA,FALSE,FALSE,NA,NA,NA,NA,NA,NA,1,NA,NA,NA,NA,Garwey Dual,Corey Floyd Jr.,Devin Carter,Josh Oduro,Ticket Gaines,Arthur Kaluma,Cam Carter,Will McNair Jr.,Dai Dai Ames,Tylor Perry
2023-24,2023-11-17,2576899,123,1,1,Providence,Kansas State,Friars,Wildcats,4,4,16,17,-1,1457,Kansas State,1561,361,0,Dai Dai Ames makes free throw 2 of 2.,made,TRUE,FALSE,NA,NA,NA,NA,NA,NA,0,Kansas State,Providence,44,NA,Garwey Dual,Corey Floyd Jr.,Devin Carter,Josh Oduro,Ticket Gaines,Arthur Kaluma,Cam Carter,Will McNair Jr.,Dai Dai Ames,Tylor Perry
2023-24,2023-11-17,2576899,124,1,1,Providence,Kansas State,Friars,Wildcats,4,4,16,17,-1,1576,Providence,1546,346,15,Garwey Dual misses a 3-point jump shot from 23 feet out.,missed,FALSE,TRUE,Jump Shot,6.200000000000003,18.25,1460371,Garwey Dual,NA,0,Providence,Kansas State,45,NA,Garwey Dual,Corey Floyd Jr.,Devin Carter,Josh Oduro,Ticket Gaines,Arthur Kaluma,Cam Carter,Will McNair Jr.,Dai Dai Ames,Tylor Perry
2023-24,2023-11-17,2576899,126,1,1,Providence,Kansas State,Friars,Wildcats,4,4,16,17,-1,1576,Providence,1546,346,0,Personal foul committed by Josh Oduro.,NA,FALSE,FALSE,NA,NA,NA,NA,NA,NA,0,Kansas State,Kansas State,46,NA,Garwey Dual,Corey Floyd Jr.,Devin Carter,Josh Oduro,Ticket Gaines,Arthur Kaluma,Cam Carter,Will McNair Jr.,Dai Dai Ames,Tylor Perry
2023-24,2023-11-17,2576899,127,1,1,Providence,Kansas State,Friars,Wildcats,4,4,16,17,-1,1576,Providence,1546,346,0,Substitution: Bryce Hopkins in for Josh Oduro.,NA,FALSE,FALSE,NA,NA,NA,NA,NA,NA,1,NA,NA,NA,NA,Garwey Dual,Corey Floyd Jr.,Devin Carter,Bryce Hopkins,Ticket Gaines,Arthur Kaluma,Cam Carter,Will McNair Jr.,Dai Dai Ames,Tylor Perry
2023-24,2023-11-17,2576899,128,1,1,Providence,Kansas State,Friars,Wildcats,4,4,16,17,-1,1457,Kansas State,1530,330,16,Garwey Dual blocks a Dai Dai Ames layup.,missed,FALSE,FALSE,Layup Shot,26,6.25,1459975,Dai Dai Ames,NA,0,Kansas State,Kansas State,46,NA,Garwey Dual,Corey Floyd Jr.,Devin Carter,Bryce Hopkins,Ticket Gaines,Arthur Kaluma,Cam Carter,Will McNair Jr.,Dai Dai Ames,Tylor Perry
2023-24,2023-11-17,2576899,129,1,1,Providence,Kansas State,Friars,Wildcats,4,4,16,17,-1,1576,Providence,1530,330,0,Ticket Gaines with a defensive rebound.,NA,FALSE,FALSE,NA,NA,NA,NA,NA,NA,0,Kansas State,Providence,46,NA,Garwey Dual,Corey Floyd Jr.,Devin Carter,Bryce Hopkins,Ticket Gaines,Arthur Kaluma,Cam Carter,Will McNair Jr.,Dai Dai Ames,Tylor Perry
2023-24,2023-11-17,2576899,130,1,1,Providence,Kansas State,Friars,Wildcats,4,4,16,17,-1,1576,Providence,1525,325,5,Devin Carter misses a 3-point jump shot from 24 feet out.,missed,FALSE,TRUE,Jump Shot,5,19.25,1340755,Devin Carter,NA,0,Providence,Providence,47,NA,Garwey Dual,Corey Floyd Jr.,Devin Carter,Bryce Hopkins,Ticket Gaines,Arthur Kaluma,Cam Carter,Will McNair Jr.,Dai Dai Ames,Tylor Perry
2023-24,2023-11-17,2576899,131,1,1,Providence,Kansas State,Friars,Wildcats,4,4,16,17,-1,1576,Providence,1525,325,0,Devin Carter with an offensive rebound.,NA,FALSE,FALSE,NA,NA,NA,NA,NA,NA,0,Providence,Providence,47,NA,Garwey Dual,Corey Floyd Jr.,Devin Carter,Bryce Hopkins,Ticket Gaines,Arthur Kaluma,Cam Carter,Will McNair Jr.,Dai Dai Ames,Tylor Perry
2023-24,2023-11-17,2576899,132,1,1,Providence,Kansas State,Friars,Wildcats,4,4,18,17,1,1576,Providence,1519,319,6,Devin Carter makes a layup.,made,FALSE,FALSE,Layup Shot,25,5.25,1340755,Devin Carter,NA,0,Providence,Kansas State,47,NA,Garwey Dual,Corey Floyd Jr.,Devin Carter,Bryce Hopkins,Ticket Gaines,Arthur Kaluma,Cam Carter,Will McNair Jr.,Dai Dai Ames,Tylor Perry
2023-24,2023-11-17,2576899,133,1,1,Providence,Kansas State,Friars,Wildcats,4,4,18,19,-1,1457,Kansas State,1496,296,23,Will McNair Jr. dunks. Arthur Kaluma with the assist.,made,FALSE,FALSE,Dunk Shot,25,5.25,1138040,Will McNair Jr.,Arthur Kaluma,0,Kansas State,Providence,48,NA,Garwey Dual,Corey Floyd Jr.,Devin Carter,Bryce Hopkins,Ticket Gaines,Arthur Kaluma,Cam Carter,Will McNair Jr.,Dai Dai Ames,Tylor Perry
2023-24,2023-11-17,2576899,134,1,1,Providence,Kansas State,Friars,Wildcats,4,4,18,19,-1,1457,Kansas State,1472,272,24,Personal foul committed by Arthur Kaluma.,NA,FALSE,FALSE,NA,NA,NA,NA,NA,NA,0,Providence,Providence,49,NA,Garwey Dual,Corey Floyd Jr.,Devin Carter,Bryce Hopkins,Ticket Gaines,Arthur Kaluma,Cam Carter,Will McNair Jr.,Dai Dai Ames,Tylor Perry
2023-24,2023-11-17,2576899,135,1,1,Providence,Kansas State,Friars,Wildcats,4,4,18,19,-1,1457,Kansas State,1472,272,0,Substitution: David N'Guessan in for Arthur Kaluma.,NA,FALSE,FALSE,NA,NA,NA,NA,NA,NA,1,NA,NA,NA,NA,Garwey Dual,Corey Floyd Jr.,Devin Carter,Bryce Hopkins,Ticket Gaines,David N'Guessan,Cam Carter,Will McNair Jr.,Dai Dai Ames,Tylor Perry
2023-24,2023-11-17,2576899,136,1,1,Providence,Kansas State,Friars,Wildcats,4,4,18,19,-1,1576,Providence,1467,267,5,Devin Carter misses a 3-point jump shot from 23 feet out.,missed,FALSE,TRUE,Jump Shot,6.700000000000003,18.75,1340755,Devin Carter,NA,0,Providence,Providence,49,NA,Garwey Dual,Corey Floyd Jr.,Devin Carter,Bryce Hopkins,Ticket Gaines,David N'Guessan,Cam Carter,Will McNair Jr.,Dai Dai Ames,Tylor Perry
2023-24,2023-11-17,2576899,137,1,1,Providence,Kansas State,Friars,Wildcats,4,4,18,19,-1,1457,Kansas State,1467,267,0,Will McNair Jr. with a defensive rebound.,NA,FALSE,FALSE,NA,NA,NA,NA,NA,NA,0,Providence,Kansas State,49,NA,Garwey Dual,Corey Floyd Jr.,Devin Carter,Bryce Hopkins,Ticket Gaines,David N'Guessan,Cam Carter,Will McNair Jr.,Dai Dai Ames,Tylor Perry
2023-24,2023-11-17,2576899,138,1,1,Providence,Kansas State,Friars,Wildcats,4,4,18,19,-1,1457,Kansas State,1453,253,14,Dai Dai Ames misses a layup.,missed,FALSE,FALSE,Layup Shot,26,6.25,1459975,Dai Dai Ames,NA,0,Kansas State,Kansas State,50,NA,Garwey Dual,Corey Floyd Jr.,Devin Carter,Bryce Hopkins,Ticket Gaines,David N'Guessan,Cam Carter,Will McNair Jr.,Dai Dai Ames,Tylor Perry
2023-24,2023-11-17,2576899,139,1,1,Providence,Kansas State,Friars,Wildcats,4,4,18,19,-1,1457,Kansas State,1453,253,0,Dai Dai Ames with an offensive rebound.,NA,FALSE,FALSE,NA,NA,NA,NA,NA,NA,0,Kansas State,Kansas State,50,NA,Garwey Dual,Corey Floyd Jr.,Devin Carter,Bryce Hopkins,Ticket Gaines,David N'Guessan,Cam Carter,Will McNair Jr.,Dai Dai Ames,Tylor Perry
2023-24,2023-11-17,2576899,140,1,1,Providence,Kansas State,Friars,Wildcats,4,4,18,19,-1,1457,Kansas State,1445,245,8,Corey Floyd Jr. blocks a Dai Dai Ames layup.,missed,FALSE,FALSE,Layup Shot,26,6.25,1459975,Dai Dai Ames,NA,0,Kansas State,Kansas State,50,NA,Garwey Dual,Corey Floyd Jr.,Devin Carter,Bryce Hopkins,Ticket Gaines,David N'Guessan,Cam Carter,Will McNair Jr.,Dai Dai Ames,Tylor Perry
2023-24,2023-11-17,2576899,141,1,1,Providence,Kansas State,Friars,Wildcats,4,4,18,19,-1,1457,Kansas State,1445,245,0,Dai Dai Ames with an offensive rebound.,NA,FALSE,FALSE,NA,NA,NA,NA,NA,NA,0,Kansas State,Kansas State,50,NA,Garwey Dual,Corey Floyd Jr.,Devin Carter,Bryce Hopkins,Ticket Gaines,David N'Guessan,Cam Carter,Will McNair Jr.,Dai Dai Ames,Tylor Perry
2023-24,2023-11-17,2576899,142,1,1,Providence,Kansas State,Friars,Wildcats,4,4,18,22,-4,1457,Kansas State,1438,238,7,Cam Carter makes a 3-point jump shot from 22 feet out. Dai Dai Ames with the assist.,made,FALSE,TRUE,Jump Shot,3.6999999999999993,11.65,1351088,Cam Carter,Dai Dai Ames,0,Kansas State,Providence,50,NA,Garwey Dual,Corey Floyd Jr.,Devin Carter,Bryce Hopkins,Ticket Gaines,David N'Guessan,Cam Carter,Will McNair Jr.,Dai Dai Ames,Tylor Perry
2023-24,2023-11-17,2576899,143,1,1,Providence,Kansas State,Friars,Wildcats,4,4,18,22,-4,1576,Providence,1426,226,12,Ticket Gaines misses a 3-point jump shot from 23 feet out.,missed,FALSE,TRUE,Jump Shot,43.8,18.049999999999997,1187631,Ticket Gaines,NA,0,Providence,Providence,51,NA,Garwey Dual,Corey Floyd Jr.,Devin Carter,Bryce Hopkins,Ticket Gaines,David N'Guessan,Cam Carter,Will McNair Jr.,Dai Dai Ames,Tylor Perry
2023-24,2023-11-17,2576899,144,1,1,Providence,Kansas State,Friars,Wildcats,4,4,18,22,-4,1457,Kansas State,1426,226,0,Cam Carter with a defensive rebound.,NA,FALSE,FALSE,NA,NA,NA,NA,NA,NA,0,Providence,Kansas State,51,NA,Garwey Dual,Corey Floyd Jr.,Devin Carter,Bryce Hopkins,Ticket Gaines,David N'Guessan,Cam Carter,Will McNair Jr.,Dai Dai Ames,Tylor Perry
2023-24,2023-11-17,2576899,145,1,1,Providence,Kansas State,Friars,Wildcats,4,4,18,22,-4,1457,Kansas State,1416,216,10,Cam Carter misses a 3-point jump shot from 23 feet out.,missed,FALSE,TRUE,Jump Shot,8.399999999999999,20.95,1351088,Cam Carter,NA,0,Kansas State,Kansas State,52,NA,Garwey Dual,Corey Floyd Jr.,Devin Carter,Bryce Hopkins,Ticket Gaines,David N'Guessan,Cam Carter,Will McNair Jr.,Dai Dai Ames,Tylor Perry
2023-24,2023-11-17,2576899,146,1,1,Providence,Kansas State,Friars,Wildcats,4,4,18,22,-4,1576,Providence,1416,216,0,Devin Carter with a defensive rebound.,NA,FALSE,FALSE,NA,NA,NA,NA,NA,NA,0,Kansas State,Providence,52,NA,Garwey Dual,Corey Floyd Jr.,Devin Carter,Bryce Hopkins,Ticket Gaines,David N'Guessan,Cam Carter,Will McNair Jr.,Dai Dai Ames,Tylor Perry
2023-24,2023-11-17,2576899,147,1,1,Providence,Kansas State,Friars,Wildcats,4,4,18,22,-4,1457,Kansas State,1402,202,14,Personal foul committed by Tylor Perry.,NA,FALSE,FALSE,NA,NA,NA,NA,NA,NA,0,Providence,Providence,53,NA,Garwey Dual,Corey Floyd Jr.,Devin Carter,Bryce Hopkins,Ticket Gaines,David N'Guessan,Cam Carter,Will McNair Jr.,Dai Dai Ames,Tylor Perry
2023-24,2023-11-17,2576899,148,1,1,Providence,Kansas State,Friars,Wildcats,4,4,18,22,-4,NA,NA,1401,201,1,Official TV timeout.,NA,FALSE,FALSE,NA,NA,NA,NA,NA,NA,0,NA,NA,NA,NA,Garwey Dual,Corey Floyd Jr.,Devin Carter,Bryce Hopkins,Ticket Gaines,David N'Guessan,Cam Carter,Will McNair Jr.,Dai Dai Ames,Tylor Perry
2023-24,2023-11-17,2576899,149,1,1,Providence,Kansas State,Friars,Wildcats,4,4,19,22,-3,1576,Providence,1401,201,0,Ticket Gaines makes free throw 1st of 1-and-1.,made,TRUE,FALSE,NA,NA,NA,NA,NA,NA,0,Providence,Providence,53,NA,Garwey Dual,Corey Floyd Jr.,Devin Carter,Bryce Hopkins,Ticket Gaines,David N'Guessan,Cam Carter,Will McNair Jr.,Dai Dai Ames,Tylor Perry
2023-24,2023-11-17,2576899,150,1,1,Providence,Kansas State,Friars,Wildcats,4,4,20,22,-2,1576,Providence,1401,201,0,Ticket Gaines makes free throw 2 of 2.,made,TRUE,FALSE,NA,NA,NA,NA,NA,NA,0,Providence,Kansas State,53,NA,Garwey Dual,Corey Floyd Jr.,Devin Carter,Bryce Hopkins,Ticket Gaines,David N'Guessan,Cam Carter,Will McNair Jr.,Dai Dai Ames,Tylor Perry
2023-24,2023-11-17,2576899,151,1,1,Providence,Kansas State,Friars,Wildcats,4,4,20,22,-2,1457,Kansas State,1381,181,20,Will McNair Jr. misses a jump shot from 9 feet out.,missed,FALSE,FALSE,Jump Shot,29.8,12.25,1138040,Will McNair Jr.,NA,0,Kansas State,Kansas State,54,NA,Garwey Dual,Corey Floyd Jr.,Devin Carter,Bryce Hopkins,Ticket Gaines,David N'Guessan,Cam Carter,Will McNair Jr.,Dai Dai Ames,Tylor Perry
2023-24,2023-11-17,2576899,152,1,1,Providence,Kansas State,Friars,Wildcats,4,4,20,22,-2,1576,Providence,1381,181,0,Bryce Hopkins with a defensive rebound.,NA,FALSE,FALSE,NA,NA,NA,NA,NA,NA,0,Kansas State,Providence,54,NA,Garwey Dual,Corey Floyd Jr.,Devin Carter,Bryce Hopkins,Ticket Gaines,David N'Guessan,Cam Carter,Will McNair Jr.,Dai Dai Ames,Tylor Perry
2023-24,2023-11-17,2576899,153,1,1,Providence,Kansas State,Friars,Wildcats,4,4,20,22,-2,1576,Providence,1359,159,22,Substitution: Josh Oduro in for Corey Floyd Jr..,NA,FALSE,FALSE,NA,NA,NA,NA,NA,NA,1,NA,NA,NA,NA,Garwey Dual,Josh Oduro,Devin Carter,Bryce Hopkins,Ticket Gaines,David N'Guessan,Cam Carter,Will McNair Jr.,Dai Dai Ames,Tylor Perry
2023-24,2023-11-17,2576899,154,1,1,Providence,Kansas State,Friars,Wildcats,4,4,20,22,-2,1576,Providence,1354,154,5,Devin Carter misses a 3-point jump shot from 23 feet out.,missed,FALSE,TRUE,Jump Shot,45.2,15.650000000000006,1340755,Devin Carter,NA,0,Providence,Providence,55,NA,Garwey Dual,Josh Oduro,Devin Carter,Bryce Hopkins,Ticket Gaines,David N'Guessan,Cam Carter,Will McNair Jr.,Dai Dai Ames,Tylor Perry
2023-24,2023-11-17,2576899,155,1,1,Providence,Kansas State,Friars,Wildcats,4,4,20,22,-2,1576,Providence,1354,154,0,Garwey Dual with an offensive rebound.,NA,FALSE,FALSE,NA,NA,NA,NA,NA,NA,0,Providence,Providence,55,NA,Garwey Dual,Josh Oduro,Devin Carter,Bryce Hopkins,Ticket Gaines,David N'Guessan,Cam Carter,Will McNair Jr.,Dai Dai Ames,Tylor Perry
2023-24,2023-11-17,2576899,156,1,1,Providence,Kansas State,Friars,Wildcats,4,4,20,22,-2,1576,Providence,1348,148,6,Garwey Dual misses a layup.,missed,FALSE,FALSE,Layup Shot,25,5.25,1460371,Garwey Dual,NA,0,Providence,Providence,55,NA,Garwey Dual,Josh Oduro,Devin Carter,Bryce Hopkins,Ticket Gaines,David N'Guessan,Cam Carter,Will McNair Jr.,Dai Dai Ames,Tylor Perry
2023-24,2023-11-17,2576899,157,1,1,Providence,Kansas State,Friars,Wildcats,4,4,20,22,-2,1457,Kansas State,1348,148,0,David N'Guessan with a defensive rebound.,NA,FALSE,FALSE,NA,NA,NA,NA,NA,NA,0,Providence,Kansas State,55,NA,Garwey Dual,Josh Oduro,Devin Carter,Bryce Hopkins,Ticket Gaines,David N'Guessan,Cam Carter,Will McNair Jr.,Dai Dai Ames,Tylor Perry
2023-24,2023-11-17,2576899,158,1,1,Providence,Kansas State,Friars,Wildcats,4,4,20,22,-2,1576,Providence,1342,142,6,Technical foul committed by Devin Carter.,NA,FALSE,FALSE,NA,NA,NA,NA,NA,NA,0,Kansas State,Kansas State,56,NA,Garwey Dual,Josh Oduro,Devin Carter,Bryce Hopkins,Ticket Gaines,David N'Guessan,Cam Carter,Will McNair Jr.,Dai Dai Ames,Tylor Perry
2023-24,2023-11-17,2576899,159,1,1,Providence,Kansas State,Friars,Wildcats,4,4,20,23,-3,1457,Kansas State,1342,142,0,Tylor Perry makes free throw 1 of 2.,made,TRUE,FALSE,NA,NA,NA,NA,NA,NA,0,Kansas State,Kansas State,56,NA,Garwey Dual,Josh Oduro,Devin Carter,Bryce Hopkins,Ticket Gaines,David N'Guessan,Cam Carter,Will McNair Jr.,Dai Dai Ames,Tylor Perry
2023-24,2023-11-17,2576899,160,1,1,Providence,Kansas State,Friars,Wildcats,4,4,20,24,-4,1457,Kansas State,1342,142,0,Tylor Perry makes free throw 2 of 2.,made,TRUE,FALSE,NA,NA,NA,NA,NA,NA,0,Kansas State,Providence,56,NA,Garwey Dual,Josh Oduro,Devin Carter,Bryce Hopkins,Ticket Gaines,David N'Guessan,Cam Carter,Will McNair Jr.,Dai Dai Ames,Tylor Perry
2023-24,2023-11-17,2576899,161,1,1,Providence,Kansas State,Friars,Wildcats,4,4,20,24,-4,1457,Kansas State,1342,142,0,Substitution: Arthur Kaluma in for David N'Guessan.,NA,FALSE,FALSE,NA,NA,NA,NA,NA,NA,1,NA,NA,NA,NA,Garwey Dual,Josh Oduro,Devin Carter,Bryce Hopkins,Ticket Gaines,Arthur Kaluma,Cam Carter,Will McNair Jr.,Dai Dai Ames,Tylor Perry
2023-24,2023-11-17,2576899,162,1,1,Providence,Kansas State,Friars,Wildcats,4,4,20,24,-4,1576,Providence,1342,142,0,Substitution: Rafael Castro in for Josh Oduro.,NA,FALSE,FALSE,NA,NA,NA,NA,NA,NA,1,NA,NA,NA,NA,Garwey Dual,Rafael Castro,Devin Carter,Bryce Hopkins,Ticket Gaines,Arthur Kaluma,Cam Carter,Will McNair Jr.,Dai Dai Ames,Tylor Perry
2023-24,2023-11-17,2576899,163,1,1,Providence,Kansas State,Friars,Wildcats,4,4,20,24,-4,1457,Kansas State,1325,125,17,Offensive foul committed by Arthur Kaluma.,NA,FALSE,FALSE,NA,NA,NA,NA,NA,NA,0,Kansas State,Kansas State,57,NA,Garwey Dual,Rafael Castro,Devin Carter,Bryce Hopkins,Ticket Gaines,Arthur Kaluma,Cam Carter,Will McNair Jr.,Dai Dai Ames,Tylor Perry
2023-24,2023-11-17,2576899,164,1,1,Providence,Kansas State,Friars,Wildcats,4,4,20,24,-4,1457,Kansas State,1325,125,0,Arthur Kaluma with a turnover,NA,FALSE,FALSE,NA,NA,NA,NA,NA,NA,0,Kansas State,Providence,57,NA,Garwey Dual,Rafael Castro,Devin Carter,Bryce Hopkins,Ticket Gaines,Arthur Kaluma,Cam Carter,Will McNair Jr.,Dai Dai Ames,Tylor Perry
2023-24,2023-11-17,2576899,165,1,1,Providence,Kansas State,Friars,Wildcats,4,4,20,24,-4,1457,Kansas State,1325,125,0,Substitution: David N'Guessan in for Arthur Kaluma.,NA,FALSE,FALSE,NA,NA,NA,NA,NA,NA,1,NA,NA,NA,NA,Garwey Dual,Rafael Castro,Devin Carter,Bryce Hopkins,Ticket Gaines,David N'Guessan,Cam Carter,Will McNair Jr.,Dai Dai Ames,Tylor Perry
2023-24,2023-11-17,2576899,166,1,1,Providence,Kansas State,Friars,Wildcats,4,4,23,24,-1,1576,Providence,1313,113,12,Devin Carter makes a 3-point jump shot from 24 feet out. Garwey Dual with the assist.,made,FALSE,TRUE,Jump Shot,24.4,29.150000000000006,1340755,Devin Carter,Garwey Dual,0,Providence,Kansas State,58,NA,Garwey Dual,Rafael Castro,Devin Carter,Bryce Hopkins,Ticket Gaines,David N'Guessan,Cam Carter,Will McNair Jr.,Dai Dai Ames,Tylor Perry
2023-24,2023-11-17,2576899,167,1,1,Providence,Kansas State,Friars,Wildcats,4,4,23,24,-1,1576,Providence,1295,95,18,Shooting foul committed by Devin Carter.,NA,FALSE,FALSE,NA,NA,NA,NA,NA,NA,0,Kansas State,Kansas State,59,NA,Garwey Dual,Rafael Castro,Devin Carter,Bryce Hopkins,Ticket Gaines,David N'Guessan,Cam Carter,Will McNair Jr.,Dai Dai Ames,Tylor Perry
2023-24,2023-11-17,2576899,168,1,1,Providence,Kansas State,Friars,Wildcats,4,4,23,25,-2,1457,Kansas State,1295,95,0,Tylor Perry makes free throw 1 of 2.,made,TRUE,FALSE,NA,NA,NA,NA,NA,NA,0,Kansas State,Kansas State,59,NA,Garwey Dual,Rafael Castro,Devin Carter,Bryce Hopkins,Ticket Gaines,David N'Guessan,Cam Carter,Will McNair Jr.,Dai Dai Ames,Tylor Perry
2023-24,2023-11-17,2576899,169,1,1,Providence,Kansas State,Friars,Wildcats,4,4,23,26,-3,1457,Kansas State,1295,95,0,Tylor Perry makes free throw 2 of 2.,made,TRUE,FALSE,NA,NA,NA,NA,NA,NA,0,Kansas State,Providence,59,NA,Garwey Dual,Rafael Castro,Devin Carter,Bryce Hopkins,Ticket Gaines,David N'Guessan,Cam Carter,Will McNair Jr.,Dai Dai Ames,Tylor Perry
2023-24,2023-11-17,2576899,170,1,1,Providence,Kansas State,Friars,Wildcats,4,4,26,26,0,1576,Providence,1275,75,20,Ticket Gaines makes a 3-point jump shot from 22 feet out. Devin Carter with the assist.,made,FALSE,TRUE,Jump Shot,2.6000000000000014,7.75,1187631,Ticket Gaines,Devin Carter,0,Providence,Kansas State,60,NA,Garwey Dual,Rafael Castro,Devin Carter,Bryce Hopkins,Ticket Gaines,David N'Guessan,Cam Carter,Will McNair Jr.,Dai Dai Ames,Tylor Perry
2023-24,2023-11-17,2576899,171,1,1,Providence,Kansas State,Friars,Wildcats,4,4,26,29,-3,1457,Kansas State,1258,58,17,Dai Dai Ames makes a 3-point jump shot from 24 feet out. Will McNair Jr. with the assist.,made,FALSE,TRUE,Jump Shot,44.1,19.45,1459975,Dai Dai Ames,Will McNair Jr.,0,Kansas State,Providence,61,NA,Garwey Dual,Rafael Castro,Devin Carter,Bryce Hopkins,Ticket Gaines,David N'Guessan,Cam Carter,Will McNair Jr.,Dai Dai Ames,Tylor Perry
2023-24,2023-11-17,2576899,172,1,1,Providence,Kansas State,Friars,Wildcats,4,4,26,29,-3,1576,Providence,1240,40,18,Ticket Gaines misses a 3-point jump shot from 23 feet out.,missed,FALSE,TRUE,Jump Shot,36.1,25.549999999999997,1187631,Ticket Gaines,NA,0,Providence,Providence,62,NA,Garwey Dual,Rafael Castro,Devin Carter,Bryce Hopkins,Ticket Gaines,David N'Guessan,Cam Carter,Will McNair Jr.,Dai Dai Ames,Tylor Perry
2023-24,2023-11-17,2576899,173,1,1,Providence,Kansas State,Friars,Wildcats,4,4,26,29,-3,1576,Providence,1240,40,0,Rafael Castro with an offensive rebound.,NA,FALSE,FALSE,NA,NA,NA,NA,NA,NA,0,Providence,Providence,62,NA,Garwey Dual,Rafael Castro,Devin Carter,Bryce Hopkins,Ticket Gaines,David N'Guessan,Cam Carter,Will McNair Jr.,Dai Dai Ames,Tylor Perry
2023-24,2023-11-17,2576899,174,1,1,Providence,Kansas State,Friars,Wildcats,4,4,26,29,-3,1576,Providence,1235,35,5,Rafael Castro misses a layup.,missed,FALSE,FALSE,Layup Shot,25,5.25,1326422,Rafael Castro,NA,0,Providence,Providence,62,NA,Garwey Dual,Rafael Castro,Devin Carter,Bryce Hopkins,Ticket Gaines,David N'Guessan,Cam Carter,Will McNair Jr.,Dai Dai Ames,Tylor Perry
2023-24,2023-11-17,2576899,175,1,1,Providence,Kansas State,Friars,Wildcats,4,4,26,29,-3,1457,Kansas State,1235,35,0,David N'Guessan with a defensive rebound.,NA,FALSE,FALSE,NA,NA,NA,NA,NA,NA,0,Providence,Kansas State,62,NA,Garwey Dual,Rafael Castro,Devin Carter,Bryce Hopkins,Ticket Gaines,David N'Guessan,Cam Carter,Will McNair Jr.,Dai Dai Ames,Tylor Perry
2023-24,2023-11-17,2576899,176,1,1,Providence,Kansas State,Friars,Wildcats,4,4,26,29,-3,1457,Kansas State,1205,5,30,Wildcats with a turnover: Shot Clock Turnover,NA,FALSE,FALSE,NA,NA,NA,NA,NA,NA,0,Kansas State,Providence,63,NA,Garwey Dual,Rafael Castro,Devin Carter,Bryce Hopkins,Ticket Gaines,David N'Guessan,Cam Carter,Will McNair Jr.,Dai Dai Ames,Tylor Perry
2023-24,2023-11-17,2576899,177,1,1,Providence,Kansas State,Friars,Wildcats,3,4,26,29,-3,1576,Providence,1205,5,0,Friars take a 30-second timeout.,NA,FALSE,FALSE,NA,NA,NA,NA,NA,NA,0,NA,NA,NA,NA,Garwey Dual,Rafael Castro,Devin Carter,Bryce Hopkins,Ticket Gaines,David N'Guessan,Cam Carter,Will McNair Jr.,Dai Dai Ames,Tylor Perry
2023-24,2023-11-17,2576899,178,1,1,Providence,Kansas State,Friars,Wildcats,3,3,26,29,-3,1457,Kansas State,1205,5,0,Wildcats take a 30-second timeout.,NA,FALSE,FALSE,NA,NA,NA,NA,NA,NA,0,NA,NA,NA,NA,Garwey Dual,Rafael Castro,Devin Carter,Bryce Hopkins,Ticket Gaines,David N'Guessan,Cam Carter,Will McNair Jr.,Dai Dai Ames,Tylor Perry
2023-24,2023-11-17,2576899,179,1,1,Providence,Kansas State,Friars,Wildcats,3,3,26,29,-3,1576,Providence,1205,5,0,Substitution: Corey Floyd Jr. in for Rafael Castro.,NA,FALSE,FALSE,NA,NA,NA,NA,NA,NA,1,NA,NA,NA,NA,Garwey Dual,Corey Floyd Jr.,Devin Carter,Bryce Hopkins,Ticket Gaines,David N'Guessan,Cam Carter,Will McNair Jr.,Dai Dai Ames,Tylor Perry
2023-24,2023-11-17,2576899,180,1,1,Providence,Kansas State,Friars,Wildcats,3,3,26,29,-3,1576,Providence,1201,1,4,Corey Floyd Jr. misses a 3-point jump shot from 24 feet out.,missed,FALSE,TRUE,Jump Shot,4.299999999999997,17.25,1345651,Corey Floyd Jr.,NA,0,Providence,Providence,64,NA,Garwey Dual,Corey Floyd Jr.,Devin Carter,Bryce Hopkins,Ticket Gaines,David N'Guessan,Cam Carter,Will McNair Jr.,Dai Dai Ames,Tylor Perry
2023-24,2023-11-17,2576899,182,1,1,Providence,Kansas State,Friars,Wildcats,3,3,26,29,-3,NA,NA,1200,0,1,End of the 1st Half,NA,FALSE,FALSE,NA,NA,NA,NA,NA,NA,0,NA,NA,NA,NA,Garwey Dual,Corey Floyd Jr.,Devin Carter,Bryce Hopkins,Ticket Gaines,David N'Guessan,Cam Carter,Will McNair Jr.,Dai Dai Ames,Tylor Perry
2023-24,2023-11-17,2576899,183,1,2,Providence,Kansas State,Friars,Wildcats,4,4,26,29,-3,NA,NA,1200,1200,0,Start of the 2nd Half,NA,FALSE,FALSE,NA,NA,NA,NA,NA,NA,0,NA,Providence,64,NA,Garwey Dual,Corey Floyd Jr.,Devin Carter,Bryce Hopkins,Ticket Gaines,David N'Guessan,Cam Carter,Will McNair Jr.,Dai Dai Ames,Tylor Perry
2023-24,2023-11-17,2576899,184,1,2,Providence,Kansas State,Friars,Wildcats,4,4,26,29,-3,1576,Providence,1173,1173,27,Josh Oduro misses a jump shot from 9 feet out.,missed,FALSE,FALSE,Jump Shot,30.4,12.25,1174919,Josh Oduro,NA,0,Providence,Providence,65,NA,Garwey Dual,Corey Floyd Jr.,Devin Carter,Bryce Hopkins,Ticket Gaines,David N'Guessan,Cam Carter,Will McNair Jr.,Dai Dai Ames,Tylor Perry
2023-24,2023-11-17,2576899,185,1,2,Providence,Kansas State,Friars,Wildcats,4,4,26,29,-3,1457,Kansas State,1173,1173,0,Cam Carter with a defensive rebound.,NA,FALSE,FALSE,NA,NA,NA,NA,NA,NA,0,Providence,Kansas State,65,NA,Garwey Dual,Corey Floyd Jr.,Devin Carter,Bryce Hopkins,Ticket Gaines,David N'Guessan,Cam Carter,Will McNair Jr.,Dai Dai Ames,Tylor Perry
2023-24,2023-11-17,2576899,186,1,2,Providence,Kansas State,Friars,Wildcats,4,4,26,29,-3,1457,Kansas State,1152,1152,21,Tylor Perry misses a 3-point jump shot from 24 feet out.,missed,FALSE,TRUE,Jump Shot,5.5,18.75,1345192,Tylor Perry,NA,0,Kansas State,Kansas State,66,NA,Garwey Dual,Corey Floyd Jr.,Devin Carter,Bryce Hopkins,Ticket Gaines,David N'Guessan,Cam Carter,Will McNair Jr.,Dai Dai Ames,Tylor Perry
2023-24,2023-11-17,2576899,187,1,2,Providence,Kansas State,Friars,Wildcats,4,4,26,29,-3,1576,Providence,1152,1152,0,Garwey Dual with a defensive rebound.,NA,FALSE,FALSE,NA,NA,NA,NA,NA,NA,0,Kansas State,Providence,66,NA,Garwey Dual,Corey Floyd Jr.,Devin Carter,Bryce Hopkins,Ticket Gaines,David N'Guessan,Cam Carter,Will McNair Jr.,Dai Dai Ames,Tylor Perry
2023-24,2023-11-17,2576899,188,1,2,Providence,Kansas State,Friars,Wildcats,4,4,28,29,-1,1576,Providence,1145,1145,7,Bryce Hopkins makes a layup. Garwey Dual with the assist.,made,FALSE,FALSE,Layup Shot,25,5.25,1340791,Bryce Hopkins,Garwey Dual,0,Providence,Providence,67,NA,Garwey Dual,Corey Floyd Jr.,Devin Carter,Bryce Hopkins,Ticket Gaines,David N'Guessan,Cam Carter,Will McNair Jr.,Dai Dai Ames,Tylor Perry
2023-24,2023-11-17,2576899,189,1,2,Providence,Kansas State,Friars,Wildcats,4,4,28,29,-1,1457,Kansas State,1145,1145,0,Shooting foul committed by David N'Guessan.,NA,FALSE,FALSE,NA,NA,NA,NA,NA,NA,0,Providence,Providence,67,NA,Garwey Dual,Corey Floyd Jr.,Devin Carter,Bryce Hopkins,Ticket Gaines,David N'Guessan,Cam Carter,Will McNair Jr.,Dai Dai Ames,Tylor Perry
2023-24,2023-11-17,2576899,190,1,2,Providence,Kansas State,Friars,Wildcats,4,4,29,29,0,1576,Providence,1145,1145,0,Bryce Hopkins makes free throw 1 of 1.,made,TRUE,FALSE,NA,NA,NA,NA,NA,NA,0,Providence,Kansas State,67,NA,Garwey Dual,Corey Floyd Jr.,Devin Carter,Bryce Hopkins,Ticket Gaines,David N'Guessan,Cam Carter,Will McNair Jr.,Dai Dai Ames,Tylor Perry
2023-24,2023-11-17,2576899,191,1,2,Providence,Kansas State,Friars,Wildcats,4,4,29,29,0,1457,Kansas State,1135,1135,10,Offensive foul committed by David N'Guessan.,NA,FALSE,FALSE,NA,NA,NA,NA,NA,NA,0,Kansas State,Kansas State,68,NA,Garwey Dual,Corey Floyd Jr.,Devin Carter,Bryce Hopkins,Ticket Gaines,David N'Guessan,Cam Carter,Will McNair Jr.,Dai Dai Ames,Tylor Perry
2023-24,2023-11-17,2576899,192,1,2,Providence,Kansas State,Friars,Wildcats,4,4,29,29,0,1457,Kansas State,1135,1135,0,David N'Guessan with a turnover,NA,FALSE,FALSE,NA,NA,NA,NA,NA,NA,0,Kansas State,Providence,68,NA,Garwey Dual,Corey Floyd Jr.,Devin Carter,Bryce Hopkins,Ticket Gaines,David N'Guessan,Cam Carter,Will McNair Jr.,Dai Dai Ames,Tylor Perry
2023-24,2023-11-17,2576899,193,1,2,Providence,Kansas State,Friars,Wildcats,4,4,29,29,0,1576,Providence,1116,1116,19,Josh Oduro misses a jump shot from 9 feet out.,missed,FALSE,FALSE,Jump Shot,24.2,13.950000000000003,1174919,Josh Oduro,NA,0,Providence,Providence,69,NA,Garwey Dual,Corey Floyd Jr.,Devin Carter,Bryce Hopkins,Ticket Gaines,David N'Guessan,Cam Carter,Will McNair Jr.,Dai Dai Ames,Tylor Perry
2023-24,2023-11-17,2576899,194,1,2,Providence,Kansas State,Friars,Wildcats,4,4,29,29,0,1457,Kansas State,1116,1116,0,Will McNair Jr. with a defensive rebound.,NA,FALSE,FALSE,NA,NA,NA,NA,NA,NA,0,Providence,Kansas State,69,NA,Garwey Dual,Corey Floyd Jr.,Devin Carter,Bryce Hopkins,Ticket Gaines,David N'Guessan,Cam Carter,Will McNair Jr.,Dai Dai Ames,Tylor Perry
2023-24,2023-11-17,2576899,195,1,2,Providence,Kansas State,Friars,Wildcats,4,4,29,29,0,1576,Providence,1109,1109,7,Personal foul committed by Garwey Dual.,NA,FALSE,FALSE,NA,NA,NA,NA,NA,NA,0,Kansas State,Kansas State,70,NA,Garwey Dual,Corey Floyd Jr.,Devin Carter,Bryce Hopkins,Ticket Gaines,David N'Guessan,Cam Carter,Will McNair Jr.,Dai Dai Ames,Tylor Perry
2023-24,2023-11-17,2576899,196,1,2,Providence,Kansas State,Friars,Wildcats,4,4,29,29,0,1457,Kansas State,1104,1104,5,Cam Carter misses a 3-point jump shot from 25 feet out.,missed,FALSE,TRUE,Jump Shot,8.2,23.15,1351088,Cam Carter,NA,0,Kansas State,Kansas State,70,NA,Garwey Dual,Corey Floyd Jr.,Devin Carter,Bryce Hopkins,Ticket Gaines,David N'Guessan,Cam Carter,Will McNair Jr.,Dai Dai Ames,Tylor Perry
2023-24,2023-11-17,2576899,197,1,2,Providence,Kansas State,Friars,Wildcats,4,4,29,29,0,1576,Providence,1104,1104,0,Ticket Gaines with a defensive rebound.,NA,FALSE,FALSE,NA,NA,NA,NA,NA,NA,0,Kansas State,Providence,70,NA,Garwey Dual,Corey Floyd Jr.,Devin Carter,Bryce Hopkins,Ticket Gaines,David N'Guessan,Cam Carter,Will McNair Jr.,Dai Dai Ames,Tylor Perry
2023-24,2023-11-17,2576899,198,1,2,Providence,Kansas State,Friars,Wildcats,4,4,29,29,0,1576,Providence,1094,1094,10,Ticket Gaines misses a 3-point jump shot from 24 feet out.,missed,FALSE,TRUE,Jump Shot,40.1,23.549999999999997,1187631,Ticket Gaines,NA,0,Providence,Providence,71,NA,Garwey Dual,Corey Floyd Jr.,Devin Carter,Bryce Hopkins,Ticket Gaines,David N'Guessan,Cam Carter,Will McNair Jr.,Dai Dai Ames,Tylor Perry
2023-24,2023-11-17,2576899,199,1,2,Providence,Kansas State,Friars,Wildcats,4,4,29,29,0,1457,Kansas State,1094,1094,0,David N'Guessan with a defensive rebound.,NA,FALSE,FALSE,NA,NA,NA,NA,NA,NA,0,Providence,Kansas State,71,NA,Garwey Dual,Corey Floyd Jr.,Devin Carter,Bryce Hopkins,Ticket Gaines,David N'Guessan,Cam Carter,Will McNair Jr.,Dai Dai Ames,Tylor Perry
2023-24,2023-11-17,2576899,200,1,2,Providence,Kansas State,Friars,Wildcats,4,4,29,29,0,1457,Kansas State,1084,1084,10,Arthur Kaluma misses a 3-point jump shot from 23 feet out.,missed,FALSE,TRUE,Jump Shot,8.8,21.35,1323635,Arthur Kaluma,NA,0,Kansas State,Kansas State,72,NA,Garwey Dual,Corey Floyd Jr.,Devin Carter,Bryce Hopkins,Ticket Gaines,David N'Guessan,Cam Carter,Will McNair Jr.,Dai Dai Ames,Tylor Perry
2023-24,2023-11-17,2576899,201,1,2,Providence,Kansas State,Friars,Wildcats,4,4,29,29,0,1576,Providence,1084,1084,0,Devin Carter with a defensive rebound.,NA,FALSE,FALSE,NA,NA,NA,NA,NA,NA,0,Kansas State,Providence,72,NA,Garwey Dual,Corey Floyd Jr.,Devin Carter,Bryce Hopkins,Ticket Gaines,David N'Guessan,Cam Carter,Will McNair Jr.,Dai Dai Ames,Tylor Perry
2023-24,2023-11-17,2576899,202,1,2,Providence,Kansas State,Friars,Wildcats,4,4,31,29,2,1576,Providence,1075,1075,9,Devin Carter makes a layup.,made,FALSE,FALSE,Layup Shot,25,5.25,1340755,Devin Carter,NA,0,Providence,Kansas State,73,NA,Garwey Dual,Corey Floyd Jr.,Devin Carter,Bryce Hopkins,Ticket Gaines,David N'Guessan,Cam Carter,Will McNair Jr.,Dai Dai Ames,Tylor Perry
2023-24,2023-11-17,2576899,203,1,2,Providence,Kansas State,Friars,Wildcats,4,4,31,32,-1,1457,Kansas State,1051,1051,24,Arthur Kaluma makes a 3-point jump shot from 24 feet out. Cam Carter with the assist.,made,FALSE,TRUE,Jump Shot,7.100000000000001,21.45,1323635,Arthur Kaluma,Cam Carter,0,Kansas State,Providence,74,NA,Garwey Dual,Corey Floyd Jr.,Devin Carter,Bryce Hopkins,Ticket Gaines,David N'Guessan,Cam Carter,Will McNair Jr.,Dai Dai Ames,Tylor Perry
2023-24,2023-11-17,2576899,204,1,2,Providence,Kansas State,Friars,Wildcats,4,4,31,32,-1,1576,Providence,1038,1038,13,Arthur Kaluma blocks a Garwey Dual layup.,missed,FALSE,FALSE,Layup Shot,25,5.25,1460371,Garwey Dual,NA,0,Providence,Providence,75,NA,Garwey Dual,Corey Floyd Jr.,Devin Carter,Bryce Hopkins,Ticket Gaines,David N'Guessan,Cam Carter,Will McNair Jr.,Dai Dai Ames,Tylor Perry
2023-24,2023-11-17,2576899,206,1,2,Providence,Kansas State,Friars,Wildcats,4,4,31,32,-1,1457,Kansas State,1027,1027,11,Personal foul committed by Will McNair Jr..,NA,FALSE,FALSE,NA,NA,NA,NA,NA,NA,0,Providence,Providence,75,NA,Garwey Dual,Corey Floyd Jr.,Devin Carter,Bryce Hopkins,Ticket Gaines,David N'Guessan,Cam Carter,Will McNair Jr.,Dai Dai Ames,Tylor Perry
2023-24,2023-11-17,2576899,207,1,2,Providence,Kansas State,Friars,Wildcats,4,4,31,32,-1,1457,Kansas State,1027,1027,0,Substitution: Dai Dai Ames in for Will McNair Jr..,NA,FALSE,FALSE,NA,NA,NA,NA,NA,NA,1,NA,NA,NA,Sub already in game,Garwey Dual,Corey Floyd Jr.,Devin Carter,Bryce Hopkins,Ticket Gaines,David N'Guessan,Cam Carter,Will McNair Jr.,Dai Dai Ames,Tylor Perry
2023-24,2023-11-17,2576899,208,1,2,Providence,Kansas State,Friars,Wildcats,4,4,31,32,-1,1576,Providence,1019,1019,8,Josh Oduro misses a jump shot from 10 feet out.,missed,FALSE,FALSE,Jump Shot,30.9,13.349999999999994,1174919,Josh Oduro,NA,0,Providence,Providence,75,NA,Garwey Dual,Corey Floyd Jr.,Devin Carter,Bryce Hopkins,Ticket Gaines,David N'Guessan,Cam Carter,Will McNair Jr.,Dai Dai Ames,Tylor Perry
2023-24,2023-11-17,2576899,209,1,2,Providence,Kansas State,Friars,Wildcats,4,4,31,32,-1,1457,Kansas State,1019,1019,0,Cam Carter with a defensive rebound.,NA,FALSE,FALSE,NA,NA,NA,NA,NA,NA,0,Providence,Kansas State,75,NA,Garwey Dual,Corey Floyd Jr.,Devin Carter,Bryce Hopkins,Ticket Gaines,David N'Guessan,Cam Carter,Will McNair Jr.,Dai Dai Ames,Tylor Perry
2023-24,2023-11-17,2576899,210,1,2,Providence,Kansas State,Friars,Wildcats,4,4,31,32,-1,1457,Kansas State,999,999,20,Dai Dai Ames misses a 3-point jump shot from 24 feet out.,missed,FALSE,TRUE,Jump Shot,8.8,22.65,1459975,Dai Dai Ames,NA,0,Kansas State,Kansas State,76,NA,Garwey Dual,Corey Floyd Jr.,Devin Carter,Bryce Hopkins,Ticket Gaines,David N'Guessan,Cam Carter,Will McNair Jr.,Dai Dai Ames,Tylor Perry
2023-24,2023-11-17,2576899,211,1,2,Providence,Kansas State,Friars,Wildcats,4,4,31,32,-1,1457,Kansas State,999,999,0,Cam Carter with an offensive rebound.,NA,FALSE,FALSE,NA,NA,NA,NA,NA,NA,0,Kansas State,Kansas State,76,NA,Garwey Dual,Corey Floyd Jr.,Devin Carter,Bryce Hopkins,Ticket Gaines,David N'Guessan,Cam Carter,Will McNair Jr.,Dai Dai Ames,Tylor Perry
2023-24,2023-11-17,2576899,212,1,2,Providence,Kansas State,Friars,Wildcats,4,4,31,32,-1,1576,Providence,995,995,4,Personal foul committed by Garwey Dual.,NA,FALSE,FALSE,NA,NA,NA,NA,NA,NA,0,Kansas State,Kansas State,76,NA,Garwey Dual,Corey Floyd Jr.,Devin Carter,Bryce Hopkins,Ticket Gaines,David N'Guessan,Cam Carter,Will McNair Jr.,Dai Dai Ames,Tylor Perry
2023-24,2023-11-17,2576899,213,1,2,Providence,Kansas State,Friars,Wildcats,4,4,31,32,-1,1576,Providence,995,995,0,Substitution: Corey Floyd Jr. in for Garwey Dual.,NA,FALSE,FALSE,NA,NA,NA,NA,NA,NA,1,NA,NA,NA,Sub already in game,Garwey Dual,Corey Floyd Jr.,Devin Carter,Bryce Hopkins,Ticket Gaines,David N'Guessan,Cam Carter,Will McNair Jr.,Dai Dai Ames,Tylor Perry
2023-24,2023-11-17,2576899,214,1,2,Providence,Kansas State,Friars,Wildcats,4,4,31,35,-4,1457,Kansas State,985,985,10,Arthur Kaluma makes a 3-point jump shot from 27 feet out.,made,FALSE,TRUE,Jump Shot,17.6,31.15,1323635,Arthur Kaluma,NA,0,Kansas State,Providence,76,NA,Garwey Dual,Corey Floyd Jr.,Devin Carter,Bryce Hopkins,Ticket Gaines,David N'Guessan,Cam Carter,Will McNair Jr.,Dai Dai Ames,Tylor Perry
2023-24,2023-11-17,2576899,215,1,2,Providence,Kansas State,Friars,Wildcats,4,4,31,35,-4,1576,Providence,968,968,17,Corey Floyd Jr. misses a 3-point jump shot from 23 feet out.,missed,FALSE,TRUE,Jump Shot,47.2,9.950000000000003,1345651,Corey Floyd Jr.,NA,0,Providence,Providence,77,NA,Garwey Dual,Corey Floyd Jr.,Devin Carter,Bryce Hopkins,Ticket Gaines,David N'Guessan,Cam Carter,Will McNair Jr.,Dai Dai Ames,Tylor Perry
2023-24,2023-11-17,2576899,216,1,2,Providence,Kansas State,Friars,Wildcats,4,4,31,35,-4,1576,Providence,968,968,0,Ticket Gaines with an offensive rebound.,NA,FALSE,FALSE,NA,NA,NA,NA,NA,NA,0,Providence,Providence,77,NA,Garwey Dual,Corey Floyd Jr.,Devin Carter,Bryce Hopkins,Ticket Gaines,David N'Guessan,Cam Carter,Will McNair Jr.,Dai Dai Ames,Tylor Perry
2023-24,2023-11-17,2576899,217,1,2,Providence,Kansas State,Friars,Wildcats,4,4,33,35,-2,1576,Providence,953,953,15,Ticket Gaines makes a jump shot from 16 feet out.,made,FALSE,FALSE,Jump Shot,19.5,19.75,1187631,Ticket Gaines,NA,0,Providence,Kansas State,77,NA,Garwey Dual,Corey Floyd Jr.,Devin Carter,Bryce Hopkins,Ticket Gaines,David N'Guessan,Cam Carter,Will McNair Jr.,Dai Dai Ames,Tylor Perry
2023-24,2023-11-17,2576899,218,1,2,Providence,Kansas State,Friars,Wildcats,4,4,33,37,-4,1457,Kansas State,939,939,14,Tylor Perry makes a jump shot from 16 feet out. Dai Dai Ames with the assist.,made,FALSE,FALSE,Jump Shot,25.1,20.85,1345192,Tylor Perry,Dai Dai Ames,0,Kansas State,Providence,78,NA,Garwey Dual,Corey Floyd Jr.,Devin Carter,Bryce Hopkins,Ticket Gaines,David N'Guessan,Cam Carter,Will McNair Jr.,Dai Dai Ames,Tylor Perry
2023-24,2023-11-17,2576899,219,1,2,Providence,Kansas State,Friars,Wildcats,4,4,35,37,-2,1576,Providence,911,911,28,Josh Oduro makes a jump shot from 5 feet out.,made,FALSE,FALSE,Jump Shot,24.6,10.549999999999997,1174919,Josh Oduro,NA,0,Providence,Kansas State,79,NA,Garwey Dual,Corey Floyd Jr.,Devin Carter,Bryce Hopkins,Ticket Gaines,David N'Guessan,Cam Carter,Will McNair Jr.,Dai Dai Ames,Tylor Perry
2023-24,2023-11-17,2576899,220,1,2,Providence,Kansas State,Friars,Wildcats,4,4,35,39,-4,1457,Kansas State,899,899,12,Arthur Kaluma makes a jump shot from 7 feet out.,made,FALSE,FALSE,Jump Shot,31.4,8.75,1323635,Arthur Kaluma,NA,0,Kansas State,Providence,80,NA,Garwey Dual,Corey Floyd Jr.,Devin Carter,Bryce Hopkins,Ticket Gaines,David N'Guessan,Cam Carter,Will McNair Jr.,Dai Dai Ames,Tylor Perry
2023-24,2023-11-17,2576899,221,1,2,Providence,Kansas State,Friars,Wildcats,4,4,35,39,-4,1576,Providence,878,878,21,Devin Carter misses a jump shot from 19 feet out.,missed,FALSE,FALSE,Jump Shot,19.6,23.049999999999997,1340755,Devin Carter,NA,0,Providence,Kansas State,81,NA,Garwey Dual,Corey Floyd Jr.,Devin Carter,Bryce Hopkins,Ticket Gaines,David N'Guessan,Cam Carter,Will McNair Jr.,Dai Dai Ames,Tylor Perry
2023-24,2023-11-17,2576899,223,1,2,Providence,Kansas State,Friars,Wildcats,4,4,35,39,-4,1576,Providence,877,877,1,Personal foul committed by Josh Oduro.,NA,FALSE,FALSE,NA,NA,NA,NA,NA,NA,0,Kansas State,Kansas State,82,NA,Garwey Dual,Corey Floyd Jr.,Devin Carter,Bryce Hopkins,Ticket Gaines,David N'Guessan,Cam Carter,Will McNair Jr.,Dai Dai Ames,Tylor Perry
2023-24,2023-11-17,2576899,224,1,2,Providence,Kansas State,Friars,Wildcats,4,4,35,39,-4,1457,Kansas State,877,877,0,Substitution: Will McNair Jr. in for David N'Guessan.,NA,FALSE,FALSE,NA,NA,NA,NA,NA,NA,1,NA,NA,NA,Sub already in game,Garwey Dual,Corey Floyd Jr.,Devin Carter,Bryce Hopkins,Ticket Gaines,David N'Guessan,Cam Carter,Will McNair Jr.,Dai Dai Ames,Tylor Perry
2023-24,2023-11-17,2576899,225,1,2,Providence,Kansas State,Friars,Wildcats,4,4,35,39,-4,1457,Kansas State,867,867,10,Devin Carter steals the ball from Dai Dai Ames.,NA,FALSE,FALSE,NA,NA,NA,NA,NA,NA,0,Kansas State,Providence,82,NA,Garwey Dual,Corey Floyd Jr.,Devin Carter,Bryce Hopkins,Ticket Gaines,David N'Guessan,Cam Carter,Will McNair Jr.,Dai Dai Ames,Tylor Perry
2023-24,2023-11-17,2576899,226,1,2,Providence,Kansas State,Friars,Wildcats,4,4,35,39,-4,1576,Providence,860,860,7,Corey Floyd Jr. misses a layup.,missed,FALSE,FALSE,Layup Shot,25,5.25,1345651,Corey Floyd Jr.,NA,0,Providence,Providence,83,NA,Garwey Dual,Corey Floyd Jr.,Devin Carter,Bryce Hopkins,Ticket Gaines,David N'Guessan,Cam Carter,Will McNair Jr.,Dai Dai Ames,Tylor Perry
2023-24,2023-11-17,2576899,227,1,2,Providence,Kansas State,Friars,Wildcats,4,4,35,39,-4,1576,Providence,860,860,0,Bryce Hopkins with an offensive rebound.,NA,FALSE,FALSE,NA,NA,NA,NA,NA,NA,0,Providence,Providence,83,NA,Garwey Dual,Corey Floyd Jr.,Devin Carter,Bryce Hopkins,Ticket Gaines,David N'Guessan,Cam Carter,Will McNair Jr.,Dai Dai Ames,Tylor Perry
2023-24,2023-11-17,2576899,228,1,2,Providence,Kansas State,Friars,Wildcats,4,4,35,39,-4,1457,Kansas State,857,857,3,Shooting foul committed by Tylor Perry.,NA,FALSE,FALSE,NA,NA,NA,NA,NA,NA,0,Providence,Providence,83,NA,Garwey Dual,Corey Floyd Jr.,Devin Carter,Bryce Hopkins,Ticket Gaines,David N'Guessan,Cam Carter,Will McNair Jr.,Dai Dai Ames,Tylor Perry
2023-24,2023-11-17,2576899,229,1,2,Providence,Kansas State,Friars,Wildcats,4,4,36,39,-3,1576,Providence,857,857,0,Bryce Hopkins makes free throw 1 of 2.,made,TRUE,FALSE,NA,NA,NA,NA,NA,NA,0,Providence,Providence,83,NA,Garwey Dual,Corey Floyd Jr.,Devin Carter,Bryce Hopkins,Ticket Gaines,David N'Guessan,Cam Carter,Will McNair Jr.,Dai Dai Ames,Tylor Perry
2023-24,2023-11-17,2576899,230,1,2,Providence,Kansas State,Friars,Wildcats,4,4,36,39,-3,1576,Providence,857,857,0,Bryce Hopkins misses free throw 2 of 2.,missed,TRUE,FALSE,NA,NA,NA,NA,NA,NA,0,Providence,Providence,83,NA,Garwey Dual,Corey Floyd Jr.,Devin Carter,Bryce Hopkins,Ticket Gaines,David N'Guessan,Cam Carter,Will McNair Jr.,Dai Dai Ames,Tylor Perry
2023-24,2023-11-17,2576899,231,1,2,Providence,Kansas State,Friars,Wildcats,4,4,36,39,-3,1457,Kansas State,857,857,0,Arthur Kaluma with a defensive rebound.,NA,FALSE,FALSE,NA,NA,NA,NA,NA,NA,0,Providence,Kansas State,83,NA,Garwey Dual,Corey Floyd Jr.,Devin Carter,Bryce Hopkins,Ticket Gaines,David N'Guessan,Cam Carter,Will McNair Jr.,Dai Dai Ames,Tylor Perry
2023-24,2023-11-17,2576899,232,1,2,Providence,Kansas State,Friars,Wildcats,4,4,36,39,-3,1457,Kansas State,834,834,23,Arthur Kaluma misses a jump shot from 12 feet out.,missed,FALSE,FALSE,Jump Shot,27.1,17.25,1323635,Arthur Kaluma,NA,0,Kansas State,Kansas State,84,NA,Garwey Dual,Corey Floyd Jr.,Devin Carter,Bryce Hopkins,Ticket Gaines,David N'Guessan,Cam Carter,Will McNair Jr.,Dai Dai Ames,Tylor Perry
2023-24,2023-11-17,2576899,233,1,2,Providence,Kansas State,Friars,Wildcats,4,4,36,39,-3,1457,Kansas State,834,834,0,Will McNair Jr. with an offensive rebound.,NA,FALSE,FALSE,NA,NA,NA,NA,NA,NA,0,Kansas State,Kansas State,84,NA,Garwey Dual,Corey Floyd Jr.,Devin Carter,Bryce Hopkins,Ticket Gaines,David N'Guessan,Cam Carter,Will McNair Jr.,Dai Dai Ames,Tylor Perry
2023-24,2023-11-17,2576899,234,1,2,Providence,Kansas State,Friars,Wildcats,4,4,36,39,-3,1457,Kansas State,827,827,7,Will McNair Jr. misses a jump shot from 7 feet out.,missed,FALSE,FALSE,Jump Shot,21.2,11.45,1138040,Will McNair Jr.,NA,0,Kansas State,Kansas State,84,NA,Garwey Dual,Corey Floyd Jr.,Devin Carter,Bryce Hopkins,Ticket Gaines,David N'Guessan,Cam Carter,Will McNair Jr.,Dai Dai Ames,Tylor Perry
2023-24,2023-11-17,2576899,235,1,2,Providence,Kansas State,Friars,Wildcats,4,4,36,39,-3,1576,Providence,827,827,0,Josh Oduro with a defensive rebound.,NA,FALSE,FALSE,NA,NA,NA,NA,NA,NA,0,Kansas State,Providence,84,NA,Garwey Dual,Corey Floyd Jr.,Devin Carter,Bryce Hopkins,Ticket Gaines,David N'Guessan,Cam Carter,Will McNair Jr.,Dai Dai Ames,Tylor Perry
2023-24,2023-11-17,2576899,236,1,2,Providence,Kansas State,Friars,Wildcats,4,4,36,39,-3,1576,Providence,823,823,4,Offensive foul committed by Bryce Hopkins.,NA,FALSE,FALSE,NA,NA,NA,NA,NA,NA,0,Providence,Providence,85,NA,Garwey Dual,Corey Floyd Jr.,Devin Carter,Bryce Hopkins,Ticket Gaines,David N'Guessan,Cam Carter,Will McNair Jr.,Dai Dai Ames,Tylor Perry
2023-24,2023-11-17,2576899,237,1,2,Providence,Kansas State,Friars,Wildcats,4,4,36,39,-3,1576,Providence,823,823,0,Bryce Hopkins with a turnover,NA,FALSE,FALSE,NA,NA,NA,NA,NA,NA,0,Providence,Kansas State,85,NA,Garwey Dual,Corey Floyd Jr.,Devin Carter,Bryce Hopkins,Ticket Gaines,David N'Guessan,Cam Carter,Will McNair Jr.,Dai Dai Ames,Tylor Perry
2023-24,2023-11-17,2576899,238,1,2,Providence,Kansas State,Friars,Wildcats,4,4,36,39,-3,1576,Providence,823,823,0,Substitution: Garwey Dual in for Corey Floyd Jr..,NA,FALSE,FALSE,NA,NA,NA,NA,NA,NA,1,NA,NA,NA,Sub already in game,Garwey Dual,Corey Floyd Jr.,Devin Carter,Bryce Hopkins,Ticket Gaines,David N'Guessan,Cam Carter,Will McNair Jr.,Dai Dai Ames,Tylor Perry
2023-24,2023-11-17,2576899,239,1,2,Providence,Kansas State,Friars,Wildcats,4,4,36,39,-3,1457,Kansas State,809,809,14,Will McNair Jr. misses a hook shot from 5 feet out.,missed,FALSE,FALSE,Hook Shot,21.2,9.05,1138040,Will McNair Jr.,NA,0,Kansas State,Kansas State,86,NA,Garwey Dual,Corey Floyd Jr.,Devin Carter,Bryce Hopkins,Ticket Gaines,David N'Guessan,Cam Carter,Will McNair Jr.,Dai Dai Ames,Tylor Perry
2023-24,2023-11-17,2576899,240,1,2,Providence,Kansas State,Friars,Wildcats,4,4,36,39,-3,1576,Providence,809,809,0,Josh Oduro with a defensive rebound.,NA,FALSE,FALSE,NA,NA,NA,NA,NA,NA,0,Kansas State,Providence,86,NA,Garwey Dual,Corey Floyd Jr.,Devin Carter,Bryce Hopkins,Ticket Gaines,David N'Guessan,Cam Carter,Will McNair Jr.,Dai Dai Ames,Tylor Perry
2023-24,2023-11-17,2576899,241,1,2,Providence,Kansas State,Friars,Wildcats,4,4,36,39,-3,1576,Providence,783,783,26,Cam Carter steals the ball from Devin Carter.,NA,FALSE,FALSE,NA,NA,NA,NA,NA,NA,0,Providence,Kansas State,87,NA,Garwey Dual,Corey Floyd Jr.,Devin Carter,Bryce Hopkins,Ticket Gaines,David N'Guessan,Cam Carter,Will McNair Jr.,Dai Dai Ames,Tylor Perry
2023-24,2023-11-17,2576899,242,1,2,Providence,Kansas State,Friars,Wildcats,4,4,36,39,-3,1457,Kansas State,777,777,6,Ticket Gaines blocks a Cam Carter layup.,missed,FALSE,FALSE,Layup Shot,26,6.25,1351088,Cam Carter,NA,0,Kansas State,Providence,88,NA,Garwey Dual,Corey Floyd Jr.,Devin Carter,Bryce Hopkins,Ticket Gaines,David N'Guessan,Cam Carter,Will McNair Jr.,Dai Dai Ames,Tylor Perry
2023-24,2023-11-17,2576899,244,1,2,Providence,Kansas State,Friars,Wildcats,4,4,36,39,-3,1457,Kansas State,760,760,17,Personal foul committed by Dai Dai Ames.,NA,FALSE,FALSE,NA,NA,NA,NA,NA,NA,0,Providence,Providence,89,NA,Garwey Dual,Corey Floyd Jr.,Devin Carter,Bryce Hopkins,Ticket Gaines,David N'Guessan,Cam Carter,Will McNair Jr.,Dai Dai Ames,Tylor Perry
2023-24,2023-11-17,2576899,245,1,2,Providence,Kansas State,Friars,Wildcats,4,4,36,39,-3,1576,Providence,742,742,18,Bryce Hopkins misses a 3-point jump shot from 24 feet out.,missed,FALSE,TRUE,Jump Shot,42.4,22.150000000000006,1340791,Bryce Hopkins,NA,0,Providence,Providence,89,NA,Garwey Dual,Corey Floyd Jr.,Devin Carter,Bryce Hopkins,Ticket Gaines,David N'Guessan,Cam Carter,Will McNair Jr.,Dai Dai Ames,Tylor Perry
2023-24,2023-11-17,2576899,246,1,2,Providence,Kansas State,Friars,Wildcats,4,4,36,39,-3,1457,Kansas State,742,742,0,Cam Carter with a defensive rebound.,NA,FALSE,FALSE,NA,NA,NA,NA,NA,NA,0,Providence,Kansas State,89,NA,Garwey Dual,Corey Floyd Jr.,Devin Carter,Bryce Hopkins,Ticket Gaines,David N'Guessan,Cam Carter,Will McNair Jr.,Dai Dai Ames,Tylor Perry
2023-24,2023-11-17,2576899,247,1,2,Providence,Kansas State,Friars,Wildcats,4,4,36,39,-3,1576,Providence,732,732,10,Shooting foul committed by Josh Oduro.,NA,FALSE,FALSE,NA,NA,NA,NA,NA,NA,0,Kansas State,Kansas State,90,NA,Garwey Dual,Corey Floyd Jr.,Devin Carter,Bryce Hopkins,Ticket Gaines,David N'Guessan,Cam Carter,Will McNair Jr.,Dai Dai Ames,Tylor Perry
2023-24,2023-11-17,2576899,248,1,2,Providence,Kansas State,Friars,Wildcats,4,4,36,39,-3,1457,Kansas State,732,732,0,Will McNair Jr. misses free throw 1 of 2.,missed,TRUE,FALSE,NA,NA,NA,NA,NA,NA,0,Kansas State,Kansas State,90,NA,Garwey Dual,Corey Floyd Jr.,Devin Carter,Bryce Hopkins,Ticket Gaines,David N'Guessan,Cam Carter,Will McNair Jr.,Dai Dai Ames,Tylor Perry
2023-24,2023-11-17,2576899,250,1,2,Providence,Kansas State,Friars,Wildcats,4,4,36,39,-3,1457,Kansas State,732,732,0,Substitution: David N'Guessan in for Tylor Perry.,NA,FALSE,FALSE,NA,NA,NA,NA,NA,NA,1,NA,NA,NA,Sub already in game,Garwey Dual,Corey Floyd Jr.,Devin Carter,Bryce Hopkins,Ticket Gaines,David N'Guessan,Cam Carter,Will McNair Jr.,Dai Dai Ames,Tylor Perry
2023-24,2023-11-17,2576899,251,1,2,Providence,Kansas State,Friars,Wildcats,4,4,36,39,-3,1457,Kansas State,732,732,0,Substitution: R.J. Jones in for Arthur Kaluma.,NA,FALSE,FALSE,NA,NA,NA,NA,NA,NA,1,NA,NA,NA,Player leaving not previously in game,Garwey Dual,Corey Floyd Jr.,Devin Carter,Bryce Hopkins,Ticket Gaines,David N'Guessan,Cam Carter,Will McNair Jr.,Dai Dai Ames,Tylor Perry
2023-24,2023-11-17,2576899,252,1,2,Providence,Kansas State,Friars,Wildcats,4,4,36,39,-3,1576,Providence,732,732,0,Substitution: Corey Floyd Jr. in for Garwey Dual.,NA,FALSE,FALSE,NA,NA,NA,NA,NA,NA,1,NA,NA,NA,Sub already in game,Garwey Dual,Corey Floyd Jr.,Devin Carter,Bryce Hopkins,Ticket Gaines,David N'Guessan,Cam Carter,Will McNair Jr.,Dai Dai Ames,Tylor Perry
2023-24,2023-11-17,2576899,253,1,2,Providence,Kansas State,Friars,Wildcats,4,4,36,39,-3,1576,Providence,732,732,0,Substitution: Rafael Castro in for Josh Oduro.,NA,FALSE,FALSE,NA,NA,NA,NA,NA,NA,1,NA,NA,NA,Player leaving not previously in game,Garwey Dual,Corey Floyd Jr.,Devin Carter,Bryce Hopkins,Ticket Gaines,David N'Guessan,Cam Carter,Will McNair Jr.,Dai Dai Ames,Tylor Perry
2023-24,2023-11-17,2576899,254,1,2,Providence,Kansas State,Friars,Wildcats,4,4,36,40,-4,1457,Kansas State,732,732,0,Will McNair Jr. makes free throw 2 of 2.,made,TRUE,FALSE,NA,NA,NA,NA,NA,NA,0,Kansas State,Providence,90,NA,Garwey Dual,Corey Floyd Jr.,Devin Carter,Bryce Hopkins,Ticket Gaines,David N'Guessan,Cam Carter,Will McNair Jr.,Dai Dai Ames,Tylor Perry
2023-24,2023-11-17,2576899,255,1,2,Providence,Kansas State,Friars,Wildcats,4,4,38,40,-2,1576,Providence,711,711,21,Rafael Castro makes a layup. Bryce Hopkins with the assist.,made,FALSE,FALSE,Layup Shot,25,5.25,1326422,Rafael Castro,Bryce Hopkins,0,Providence,Kansas State,91,NA,Garwey Dual,Corey Floyd Jr.,Devin Carter,Bryce Hopkins,Ticket Gaines,David N'Guessan,Cam Carter,Will McNair Jr.,Dai Dai Ames,Tylor Perry
2023-24,2023-11-17,2576899,256,1,2,Providence,Kansas State,Friars,Wildcats,4,4,38,42,-4,1457,Kansas State,686,686,25,Dai Dai Ames makes a jump shot from 14 feet out.,made,FALSE,FALSE,Jump Shot,15.1,15.35,1459975,Dai Dai Ames,NA,0,Kansas State,Providence,92,NA,Garwey Dual,Corey Floyd Jr.,Devin Carter,Bryce Hopkins,Ticket Gaines,David N'Guessan,Cam Carter,Will McNair Jr.,Dai Dai Ames,Tylor Perry
2023-24,2023-11-17,2576899,257,1,2,Providence,Kansas State,Friars,Wildcats,4,4,38,42,-4,1576,Providence,647,647,39,Bryce Hopkins misses a layup.,missed,FALSE,FALSE,Layup Shot,25,5.25,1340791,Bryce Hopkins,NA,0,Providence,Providence,93,NA,Garwey Dual,Corey Floyd Jr.,Devin Carter,Bryce Hopkins,Ticket Gaines,David N'Guessan,Cam Carter,Will McNair Jr.,Dai Dai Ames,Tylor Perry
2023-24,2023-11-17,2576899,258,1,2,Providence,Kansas State,Friars,Wildcats,4,4,38,42,-4,1576,Providence,647,647,0,Bryce Hopkins with an offensive rebound.,NA,FALSE,FALSE,NA,NA,NA,NA,NA,NA,0,Providence,Providence,93,NA,Garwey Dual,Corey Floyd Jr.,Devin Carter,Bryce Hopkins,Ticket Gaines,David N'Guessan,Cam Carter,Will McNair Jr.,Dai Dai Ames,Tylor Perry
2023-24,2023-11-17,2576899,259,1,2,Providence,Kansas State,Friars,Wildcats,4,4,40,42,-2,1576,Providence,644,644,3,Bryce Hopkins makes a layup.,made,FALSE,FALSE,Layup Shot,26,6.25,1340791,Bryce Hopkins,NA,0,Providence,Kansas State,93,NA,Garwey Dual,Corey Floyd Jr.,Devin Carter,Bryce Hopkins,Ticket Gaines,David N'Guessan,Cam Carter,Will McNair Jr.,Dai Dai Ames,Tylor Perry
2023-24,2023-11-17,2576899,260,1,2,Providence,Kansas State,Friars,Wildcats,4,4,40,42,-2,1457,Kansas State,630,630,14,Devin Carter steals the ball from Dai Dai Ames.,NA,FALSE,FALSE,NA,NA,NA,NA,NA,NA,0,Kansas State,Providence,94,NA,Garwey Dual,Corey Floyd Jr.,Devin Carter,Bryce Hopkins,Ticket Gaines,David N'Guessan,Cam Carter,Will McNair Jr.,Dai Dai Ames,Tylor Perry
2023-24,2023-11-17,2576899,261,1,2,Providence,Kansas State,Friars,Wildcats,4,4,42,42,0,1576,Providence,625,625,5,Devin Carter makes a layup.,made,FALSE,FALSE,Layup Shot,25,5.25,1340755,Devin Carter,NA,0,Providence,Providence,95,NA,Garwey Dual,Corey Floyd Jr.,Devin Carter,Bryce Hopkins,Ticket Gaines,David N'Guessan,Cam Carter,Will McNair Jr.,Dai Dai Ames,Tylor Perry
2023-24,2023-11-17,2576899,262,1,2,Providence,Kansas State,Friars,Wildcats,4,4,42,42,0,1457,Kansas State,625,625,0,Shooting foul committed by R.J. Jones.,NA,FALSE,FALSE,NA,NA,NA,NA,NA,NA,0,Providence,Providence,95,NA,Garwey Dual,Corey Floyd Jr.,Devin Carter,Bryce Hopkins,Ticket Gaines,David N'Guessan,Cam Carter,Will McNair Jr.,Dai Dai Ames,Tylor Perry
2023-24,2023-11-17,2576899,263,1,2,Providence,Kansas State,Friars,Wildcats,4,4,42,42,0,NA,NA,625,625,0,Official TV timeout.,NA,FALSE,FALSE,NA,NA,NA,NA,NA,NA,0,NA,NA,NA,NA,Garwey Dual,Corey Floyd Jr.,Devin Carter,Bryce Hopkins,Ticket Gaines,David N'Guessan,Cam Carter,Will McNair Jr.,Dai Dai Ames,Tylor Perry
2023-24,2023-11-17,2576899,264,1,2,Providence,Kansas State,Friars,Wildcats,4,4,43,42,1,1576,Providence,625,625,0,Devin Carter makes free throw 1 of 1.,made,TRUE,FALSE,NA,NA,NA,NA,NA,NA,0,Providence,Kansas State,95,NA,Garwey Dual,Corey Floyd Jr.,Devin Carter,Bryce Hopkins,Ticket Gaines,David N'Guessan,Cam Carter,Will McNair Jr.,Dai Dai Ames,Tylor Perry
2023-24,2023-11-17,2576899,265,1,2,Providence,Kansas State,Friars,Wildcats,4,4,43,42,1,1457,Kansas State,600,600,25,Cam Carter misses a 3-point jump shot from 22 feet out.,missed,FALSE,TRUE,Jump Shot,7.399999999999999,18.45,1351088,Cam Carter,NA,0,Kansas State,Kansas State,96,NA,Garwey Dual,Corey Floyd Jr.,Devin Carter,Bryce Hopkins,Ticket Gaines,David N'Guessan,Cam Carter,Will McNair Jr.,Dai Dai Ames,Tylor Perry
2023-24,2023-11-17,2576899,266,1,2,Providence,Kansas State,Friars,Wildcats,4,4,43,42,1,1576,Providence,600,600,0,Corey Floyd Jr. with a defensive rebound.,NA,FALSE,FALSE,NA,NA,NA,NA,NA,NA,0,Kansas State,Providence,96,NA,Garwey Dual,Corey Floyd Jr.,Devin Carter,Bryce Hopkins,Ticket Gaines,David N'Guessan,Cam Carter,Will McNair Jr.,Dai Dai Ames,Tylor Perry
2023-24,2023-11-17,2576899,267,1,2,Providence,Kansas State,Friars,Wildcats,4,4,43,42,1,1457,Kansas State,581,581,19,Substitution: Tylor Perry in for Dai Dai Ames.,NA,FALSE,FALSE,NA,NA,NA,NA,NA,NA,1,NA,NA,NA,Sub already in game,Garwey Dual,Corey Floyd Jr.,Devin Carter,Bryce Hopkins,Ticket Gaines,David N'Guessan,Cam Carter,Will McNair Jr.,Dai Dai Ames,Tylor Perry
2023-24,2023-11-17,2576899,268,1,2,Providence,Kansas State,Friars,Wildcats,4,4,43,42,1,1457,Kansas State,581,581,0,Substitution: Arthur Kaluma in for Will McNair Jr..,NA,FALSE,FALSE,NA,NA,NA,NA,NA,NA,1,NA,NA,NA,NA,Garwey Dual,Corey Floyd Jr.,Devin Carter,Bryce Hopkins,Ticket Gaines,David N'Guessan,Cam Carter,Arthur Kaluma,Dai Dai Ames,Tylor Perry
2023-24,2023-11-17,2576899,269,1,2,Providence,Kansas State,Friars,Wildcats,4,4,43,42,1,1576,Providence,571,571,10,Cam Carter blocks a Bryce Hopkins layup.,missed,FALSE,FALSE,Layup Shot,26,6.25,1340791,Bryce Hopkins,NA,0,Providence,Providence,97,NA,Garwey Dual,Corey Floyd Jr.,Devin Carter,Bryce Hopkins,Ticket Gaines,David N'Guessan,Cam Carter,Arthur Kaluma,Dai Dai Ames,Tylor Perry
2023-24,2023-11-17,2576899,270,1,2,Providence,Kansas State,Friars,Wildcats,4,4,43,42,1,1457,Kansas State,571,571,0,Cam Carter with a defensive rebound.,NA,FALSE,FALSE,NA,NA,NA,NA,NA,NA,0,Providence,Kansas State,97,NA,Garwey Dual,Corey Floyd Jr.,Devin Carter,Bryce Hopkins,Ticket Gaines,David N'Guessan,Cam Carter,Arthur Kaluma,Dai Dai Ames,Tylor Perry
2023-24,2023-11-17,2576899,271,1,2,Providence,Kansas State,Friars,Wildcats,4,4,43,42,1,1457,Kansas State,562,562,9,Cam Carter misses a jump shot from 7 feet out.,missed,FALSE,FALSE,Jump Shot,20.8,11.45,1351088,Cam Carter,NA,0,Kansas State,Kansas State,98,NA,Garwey Dual,Corey Floyd Jr.,Devin Carter,Bryce Hopkins,Ticket Gaines,David N'Guessan,Cam Carter,Arthur Kaluma,Dai Dai Ames,Tylor Perry
2023-24,2023-11-17,2576899,272,1,2,Providence,Kansas State,Friars,Wildcats,4,4,43,42,1,1576,Providence,562,562,0,Devin Carter with a defensive rebound.,NA,FALSE,FALSE,NA,NA,NA,NA,NA,NA,0,Kansas State,Providence,98,NA,Garwey Dual,Corey Floyd Jr.,Devin Carter,Bryce Hopkins,Ticket Gaines,David N'Guessan,Cam Carter,Arthur Kaluma,Dai Dai Ames,Tylor Perry
2023-24,2023-11-17,2576899,273,1,2,Providence,Kansas State,Friars,Wildcats,4,4,43,42,1,1576,Providence,550,550,12,Devin Carter misses a layup.,missed,FALSE,FALSE,Layup Shot,26,6.25,1340755,Devin Carter,NA,0,Providence,Providence,99,NA,Garwey Dual,Corey Floyd Jr.,Devin Carter,Bryce Hopkins,Ticket Gaines,David N'Guessan,Cam Carter,Arthur Kaluma,Dai Dai Ames,Tylor Perry
2023-24,2023-11-17,2576899,274,1,2,Providence,Kansas State,Friars,Wildcats,4,4,43,42,1,1457,Kansas State,550,550,0,Tylor Perry with a defensive rebound.,NA,FALSE,FALSE,NA,NA,NA,NA,NA,NA,0,Providence,Kansas State,99,NA,Garwey Dual,Corey Floyd Jr.,Devin Carter,Bryce Hopkins,Ticket Gaines,David N'Guessan,Cam Carter,Arthur Kaluma,Dai Dai Ames,Tylor Perry
2023-24,2023-11-17,2576899,275,1,2,Providence,Kansas State,Friars,Wildcats,4,4,43,42,1,1457,Kansas State,537,537,13,Arthur Kaluma with a turnover - Bad Pass,NA,FALSE,FALSE,NA,NA,NA,NA,NA,NA,0,Kansas State,Providence,100,NA,Garwey Dual,Corey Floyd Jr.,Devin Carter,Bryce Hopkins,Ticket Gaines,David N'Guessan,Cam Carter,Arthur Kaluma,Dai Dai Ames,Tylor Perry
2023-24,2023-11-17,2576899,276,1,2,Providence,Kansas State,Friars,Wildcats,4,4,43,42,1,1457,Kansas State,523,523,14,Shooting foul committed by R.J. Jones.,NA,FALSE,FALSE,NA,NA,NA,NA,NA,NA,0,Providence,Providence,101,NA,Garwey Dual,Corey Floyd Jr.,Devin Carter,Bryce Hopkins,Ticket Gaines,David N'Guessan,Cam Carter,Arthur Kaluma,Dai Dai Ames,Tylor Perry
2023-24,2023-11-17,2576899,277,1,2,Providence,Kansas State,Friars,Wildcats,4,4,44,42,2,1576,Providence,523,523,0,Bryce Hopkins makes free throw 1 of 2.,made,TRUE,FALSE,NA,NA,NA,NA,NA,NA,0,Providence,Providence,101,NA,Garwey Dual,Corey Floyd Jr.,Devin Carter,Bryce Hopkins,Ticket Gaines,David N'Guessan,Cam Carter,Arthur Kaluma,Dai Dai Ames,Tylor Perry
2023-24,2023-11-17,2576899,278,1,2,Providence,Kansas State,Friars,Wildcats,4,4,44,42,2,1457,Kansas State,523,523,0,Substitution: Dai Dai Ames in for David N'Guessan.,NA,FALSE,FALSE,NA,NA,NA,NA,NA,NA,1,NA,NA,NA,Sub already in game,Garwey Dual,Corey Floyd Jr.,Devin Carter,Bryce Hopkins,Ticket Gaines,David N'Guessan,Cam Carter,Arthur Kaluma,Dai Dai Ames,Tylor Perry
2023-24,2023-11-17,2576899,279,1,2,Providence,Kansas State,Friars,Wildcats,4,4,44,42,2,1457,Kansas State,523,523,0,Substitution: Will McNair Jr. in for R.J. Jones.,NA,FALSE,FALSE,NA,NA,NA,NA,NA,NA,1,NA,NA,NA,Player leaving not previously in game,Garwey Dual,Corey Floyd Jr.,Devin Carter,Bryce Hopkins,Ticket Gaines,David N'Guessan,Cam Carter,Arthur Kaluma,Dai Dai Ames,Tylor Perry
2023-24,2023-11-17,2576899,280,1,2,Providence,Kansas State,Friars,Wildcats,4,4,44,42,2,1576,Providence,523,523,0,Substitution: Garwey Dual in for Devin Carter.,NA,FALSE,FALSE,NA,NA,NA,NA,NA,NA,1,NA,NA,NA,Sub already in game,Garwey Dual,Corey Floyd Jr.,Devin Carter,Bryce Hopkins,Ticket Gaines,David N'Guessan,Cam Carter,Arthur Kaluma,Dai Dai Ames,Tylor Perry
2023-24,2023-11-17,2576899,281,1,2,Providence,Kansas State,Friars,Wildcats,4,4,45,42,3,1576,Providence,523,523,0,Bryce Hopkins makes free throw 2 of 2.,made,TRUE,FALSE,NA,NA,NA,NA,NA,NA,0,Providence,Kansas State,101,NA,Garwey Dual,Corey Floyd Jr.,Devin Carter,Bryce Hopkins,Ticket Gaines,David N'Guessan,Cam Carter,Arthur Kaluma,Dai Dai Ames,Tylor Perry
2023-24,2023-11-17,2576899,282,1,2,Providence,Kansas State,Friars,Wildcats,4,4,45,42,3,1457,Kansas State,500,500,23,Tylor Perry with a turnover - Out of Bounds,NA,FALSE,FALSE,NA,NA,NA,NA,NA,NA,0,Kansas State,Providence,102,NA,Garwey Dual,Corey Floyd Jr.,Devin Carter,Bryce Hopkins,Ticket Gaines,David N'Guessan,Cam Carter,Arthur Kaluma,Dai Dai Ames,Tylor Perry
2023-24,2023-11-17,2576899,283,1,2,Providence,Kansas State,Friars,Wildcats,4,4,47,42,5,1576,Providence,485,485,15,Garwey Dual makes a layup.,made,FALSE,FALSE,Layup Shot,26,6.25,1460371,Garwey Dual,NA,0,Providence,Kansas State,103,NA,Garwey Dual,Corey Floyd Jr.,Devin Carter,Bryce Hopkins,Ticket Gaines,David N'Guessan,Cam Carter,Arthur Kaluma,Dai Dai Ames,Tylor Perry
2023-24,2023-11-17,2576899,284,1,2,Providence,Kansas State,Friars,Wildcats,4,3,47,42,5,1457,Kansas State,479,479,6,Wildcats take a 30-second timeout.,NA,FALSE,FALSE,NA,NA,NA,NA,NA,NA,0,NA,NA,NA,NA,Garwey Dual,Corey Floyd Jr.,Devin Carter,Bryce Hopkins,Ticket Gaines,David N'Guessan,Cam Carter,Arthur Kaluma,Dai Dai Ames,Tylor Perry
2023-24,2023-11-17,2576899,285,1,2,Providence,Kansas State,Friars,Wildcats,4,3,47,42,5,NA,NA,479,479,0,Official TV timeout.,NA,FALSE,FALSE,NA,NA,NA,NA,NA,NA,0,NA,NA,NA,NA,Garwey Dual,Corey Floyd Jr.,Devin Carter,Bryce Hopkins,Ticket Gaines,David N'Guessan,Cam Carter,Arthur Kaluma,Dai Dai Ames,Tylor Perry
2023-24,2023-11-17,2576899,286,1,2,Providence,Kansas State,Friars,Wildcats,4,3,47,45,2,1457,Kansas State,455,455,24,Tylor Perry makes a 3-point jump shot from 26 feet out.,made,FALSE,TRUE,Jump Shot,6.399999999999999,23.65,1345192,Tylor Perry,NA,0,Kansas State,Providence,104,NA,Garwey Dual,Corey Floyd Jr.,Devin Carter,Bryce Hopkins,Ticket Gaines,David N'Guessan,Cam Carter,Arthur Kaluma,Dai Dai Ames,Tylor Perry
2023-24,2023-11-17,2576899,287,1,2,Providence,Kansas State,Friars,Wildcats,4,3,47,45,2,1576,Providence,426,426,29,Offensive foul committed by Garwey Dual.,NA,FALSE,FALSE,NA,NA,NA,NA,NA,NA,0,Providence,Providence,105,NA,Garwey Dual,Corey Floyd Jr.,Devin Carter,Bryce Hopkins,Ticket Gaines,David N'Guessan,Cam Carter,Arthur Kaluma,Dai Dai Ames,Tylor Perry
2023-24,2023-11-17,2576899,288,1,2,Providence,Kansas State,Friars,Wildcats,4,3,47,45,2,1576,Providence,426,426,0,Garwey Dual with a turnover,NA,FALSE,FALSE,NA,NA,NA,NA,NA,NA,0,Providence,Kansas State,105,NA,Garwey Dual,Corey Floyd Jr.,Devin Carter,Bryce Hopkins,Ticket Gaines,David N'Guessan,Cam Carter,Arthur Kaluma,Dai Dai Ames,Tylor Perry
2023-24,2023-11-17,2576899,289,1,2,Providence,Kansas State,Friars,Wildcats,4,3,47,45,2,NA,NA,426,426,0,Official TV timeout.,NA,FALSE,FALSE,NA,NA,NA,NA,NA,NA,0,NA,NA,NA,NA,Garwey Dual,Corey Floyd Jr.,Devin Carter,Bryce Hopkins,Ticket Gaines,David N'Guessan,Cam Carter,Arthur Kaluma,Dai Dai Ames,Tylor Perry
2023-24,2023-11-17,2576899,290,1,2,Providence,Kansas State,Friars,Wildcats,4,3,47,45,2,1576,Providence,426,426,0,Substitution: Devin Carter in for Garwey Dual.,NA,FALSE,FALSE,NA,NA,NA,NA,NA,NA,1,NA,NA,NA,Sub already in game,Garwey Dual,Corey Floyd Jr.,Devin Carter,Bryce Hopkins,Ticket Gaines,David N'Guessan,Cam Carter,Arthur Kaluma,Dai Dai Ames,Tylor Perry
2023-24,2023-11-17,2576899,291,1,2,Providence,Kansas State,Friars,Wildcats,4,3,47,48,-1,1457,Kansas State,411,411,15,Tylor Perry makes a 3-point jump shot from 24 feet out.,made,FALSE,TRUE,Jump Shot,8.100000000000001,21.65,1345192,Tylor Perry,NA,0,Kansas State,Kansas State,106,NA,Garwey Dual,Corey Floyd Jr.,Devin Carter,Bryce Hopkins,Ticket Gaines,David N'Guessan,Cam Carter,Arthur Kaluma,Dai Dai Ames,Tylor Perry
2023-24,2023-11-17,2576899,292,1,2,Providence,Kansas State,Friars,Wildcats,4,3,47,48,-1,1576,Providence,411,411,0,Shooting foul committed by Devin Carter.,NA,FALSE,FALSE,NA,NA,NA,NA,NA,NA,0,Kansas State,Kansas State,106,NA,Garwey Dual,Corey Floyd Jr.,Devin Carter,Bryce Hopkins,Ticket Gaines,David N'Guessan,Cam Carter,Arthur Kaluma,Dai Dai Ames,Tylor Perry
2023-24,2023-11-17,2576899,293,1,2,Providence,Kansas State,Friars,Wildcats,4,3,47,49,-2,1457,Kansas State,411,411,0,Tylor Perry makes free throw 1 of 1.,made,TRUE,FALSE,NA,NA,NA,NA,NA,NA,0,Kansas State,Providence,106,NA,Garwey Dual,Corey Floyd Jr.,Devin Carter,Bryce Hopkins,Ticket Gaines,David N'Guessan,Cam Carter,Arthur Kaluma,Dai Dai Ames,Tylor Perry
2023-24,2023-11-17,2576899,294,1,2,Providence,Kansas State,Friars,Wildcats,4,3,47,49,-2,1576,Providence,392,392,19,Devin Carter with a turnover - Bad Pass,NA,FALSE,FALSE,NA,NA,NA,NA,NA,NA,0,Providence,Kansas State,107,NA,Garwey Dual,Corey Floyd Jr.,Devin Carter,Bryce Hopkins,Ticket Gaines,David N'Guessan,Cam Carter,Arthur Kaluma,Dai Dai Ames,Tylor Perry
2023-24,2023-11-17,2576899,295,1,2,Providence,Kansas State,Friars,Wildcats,4,3,47,49,-2,1576,Providence,387,387,5,Personal foul committed by Corey Floyd Jr..,NA,FALSE,FALSE,NA,NA,NA,NA,NA,NA,0,Kansas State,Kansas State,108,NA,Garwey Dual,Corey Floyd Jr.,Devin Carter,Bryce Hopkins,Ticket Gaines,David N'Guessan,Cam Carter,Arthur Kaluma,Dai Dai Ames,Tylor Perry
2023-24,2023-11-17,2576899,296,1,2,Providence,Kansas State,Friars,Wildcats,4,3,47,50,-3,1457,Kansas State,387,387,0,Dai Dai Ames makes free throw 1st of 1-and-1.,made,TRUE,FALSE,NA,NA,NA,NA,NA,NA,0,Kansas State,Kansas State,108,NA,Garwey Dual,Corey Floyd Jr.,Devin Carter,Bryce Hopkins,Ticket Gaines,David N'Guessan,Cam Carter,Arthur Kaluma,Dai Dai Ames,Tylor Perry
2023-24,2023-11-17,2576899,297,1,2,Providence,Kansas State,Friars,Wildcats,4,3,47,50,-3,1457,Kansas State,387,387,0,Dai Dai Ames misses free throw 2nd of 1-and-1.,missed,TRUE,FALSE,NA,NA,NA,NA,NA,NA,0,Kansas State,Kansas State,108,NA,Garwey Dual,Corey Floyd Jr.,Devin Carter,Bryce Hopkins,Ticket Gaines,David N'Guessan,Cam Carter,Arthur Kaluma,Dai Dai Ames,Tylor Perry
2023-24,2023-11-17,2576899,298,1,2,Providence,Kansas State,Friars,Wildcats,4,3,47,50,-3,1576,Providence,387,387,0,Bryce Hopkins with a defensive rebound.,NA,FALSE,FALSE,NA,NA,NA,NA,NA,NA,0,Kansas State,Providence,108,NA,Garwey Dual,Corey Floyd Jr.,Devin Carter,Bryce Hopkins,Ticket Gaines,David N'Guessan,Cam Carter,Arthur Kaluma,Dai Dai Ames,Tylor Perry
2023-24,2023-11-17,2576899,299,1,2,Providence,Kansas State,Friars,Wildcats,4,3,47,50,-3,1576,Providence,375,375,12,Will McNair Jr. blocks a Bryce Hopkins layup.,missed,FALSE,FALSE,Layup Shot,25,5.25,1340791,Bryce Hopkins,NA,0,Providence,Providence,109,NA,Garwey Dual,Corey Floyd Jr.,Devin Carter,Bryce Hopkins,Ticket Gaines,David N'Guessan,Cam Carter,Arthur Kaluma,Dai Dai Ames,Tylor Perry
2023-24,2023-11-17,2576899,301,1,2,Providence,Kansas State,Friars,Wildcats,4,3,47,50,-3,1576,Providence,374,374,1,Ticket Gaines misses a 3-point jump shot from 22 feet out.,missed,FALSE,TRUE,Jump Shot,46.9,10.549999999999997,1187631,Ticket Gaines,NA,0,Providence,Providence,109,NA,Garwey Dual,Corey Floyd Jr.,Devin Carter,Bryce Hopkins,Ticket Gaines,David N'Guessan,Cam Carter,Arthur Kaluma,Dai Dai Ames,Tylor Perry
2023-24,2023-11-17,2576899,302,1,2,Providence,Kansas State,Friars,Wildcats,4,3,47,50,-3,1576,Providence,374,374,0,Corey Floyd Jr. with an offensive rebound.,NA,FALSE,FALSE,NA,NA,NA,NA,NA,NA,0,Providence,Providence,109,NA,Garwey Dual,Corey Floyd Jr.,Devin Carter,Bryce Hopkins,Ticket Gaines,David N'Guessan,Cam Carter,Arthur Kaluma,Dai Dai Ames,Tylor Perry
2023-24,2023-11-17,2576899,303,1,2,Providence,Kansas State,Friars,Wildcats,4,3,50,50,0,1576,Providence,359,359,15,Ticket Gaines makes a 3-point jump shot from 24 feet out. Devin Carter with the assist.,made,FALSE,TRUE,Jump Shot,24.7,28.950000000000003,1187631,Ticket Gaines,Devin Carter,0,Providence,Kansas State,109,NA,Garwey Dual,Corey Floyd Jr.,Devin Carter,Bryce Hopkins,Ticket Gaines,David N'Guessan,Cam Carter,Arthur Kaluma,Dai Dai Ames,Tylor Perry
2023-24,2023-11-17,2576899,304,1,2,Providence,Kansas State,Friars,Wildcats,4,3,50,50,0,1576,Providence,340,340,19,Shooting foul committed by Bryce Hopkins.,NA,FALSE,FALSE,NA,NA,NA,NA,NA,NA,0,Kansas State,Kansas State,110,NA,Garwey Dual,Corey Floyd Jr.,Devin Carter,Bryce Hopkins,Ticket Gaines,David N'Guessan,Cam Carter,Arthur Kaluma,Dai Dai Ames,Tylor Perry
2023-24,2023-11-17,2576899,305,1,2,Providence,Kansas State,Friars,Wildcats,4,3,50,51,-1,1457,Kansas State,340,340,0,Arthur Kaluma makes free throw 1 of 3.,made,TRUE,FALSE,NA,NA,NA,NA,NA,NA,0,Kansas State,Kansas State,110,NA,Garwey Dual,Corey Floyd Jr.,Devin Carter,Bryce Hopkins,Ticket Gaines,David N'Guessan,Cam Carter,Arthur Kaluma,Dai Dai Ames,Tylor Perry
2023-24,2023-11-17,2576899,306,1,2,Providence,Kansas State,Friars,Wildcats,4,3,50,52,-2,1457,Kansas State,340,340,0,Arthur Kaluma makes free throw 2 of 3.,made,TRUE,FALSE,NA,NA,NA,NA,NA,NA,0,Kansas State,Kansas State,110,NA,Garwey Dual,Corey Floyd Jr.,Devin Carter,Bryce Hopkins,Ticket Gaines,David N'Guessan,Cam Carter,Arthur Kaluma,Dai Dai Ames,Tylor Perry
2023-24,2023-11-17,2576899,307,1,2,Providence,Kansas State,Friars,Wildcats,4,3,50,52,-2,1576,Providence,340,340,0,Substitution: Garwey Dual in for Corey Floyd Jr..,NA,FALSE,FALSE,NA,NA,NA,NA,NA,NA,1,NA,NA,NA,Sub already in game,Garwey Dual,Corey Floyd Jr.,Devin Carter,Bryce Hopkins,Ticket Gaines,David N'Guessan,Cam Carter,Arthur Kaluma,Dai Dai Ames,Tylor Perry
2023-24,2023-11-17,2576899,308,1,2,Providence,Kansas State,Friars,Wildcats,4,3,50,53,-3,1457,Kansas State,340,340,0,Arthur Kaluma makes free throw 3 of 3.,made,TRUE,FALSE,NA,NA,NA,NA,NA,NA,0,Kansas State,Providence,110,NA,Garwey Dual,Corey Floyd Jr.,Devin Carter,Bryce Hopkins,Ticket Gaines,David N'Guessan,Cam Carter,Arthur Kaluma,Dai Dai Ames,Tylor Perry
2023-24,2023-11-17,2576899,309,1,2,Providence,Kansas State,Friars,Wildcats,4,3,50,53,-3,1576,Providence,326,326,14,Substitution: Josh Oduro in for Rafael Castro.,NA,FALSE,FALSE,NA,NA,NA,NA,NA,NA,1,NA,NA,NA,Player leaving not previously in game,Garwey Dual,Corey Floyd Jr.,Devin Carter,Bryce Hopkins,Ticket Gaines,David N'Guessan,Cam Carter,Arthur Kaluma,Dai Dai Ames,Tylor Perry
2023-24,2023-11-17,2576899,310,1,2,Providence,Kansas State,Friars,Wildcats,4,3,50,53,-3,1457,Kansas State,314,314,12,Personal foul committed by Cam Carter.,NA,FALSE,FALSE,NA,NA,NA,NA,NA,NA,0,Providence,Providence,111,NA,Garwey Dual,Corey Floyd Jr.,Devin Carter,Bryce Hopkins,Ticket Gaines,David N'Guessan,Cam Carter,Arthur Kaluma,Dai Dai Ames,Tylor Perry
2023-24,2023-11-17,2576899,311,1,2,Providence,Kansas State,Friars,Wildcats,4,3,50,53,-3,1576,Providence,314,314,0,Devin Carter misses free throw 1st of 1-and-1.,missed,TRUE,FALSE,NA,NA,NA,NA,NA,NA,0,Providence,Providence,111,NA,Garwey Dual,Corey Floyd Jr.,Devin Carter,Bryce Hopkins,Ticket Gaines,David N'Guessan,Cam Carter,Arthur Kaluma,Dai Dai Ames,Tylor Perry
2023-24,2023-11-17,2576899,312,1,2,Providence,Kansas State,Friars,Wildcats,4,3,50,53,-3,1457,Kansas State,314,314,0,Cam Carter with a defensive rebound.,NA,FALSE,FALSE,NA,NA,NA,NA,NA,NA,0,Providence,Kansas State,111,NA,Garwey Dual,Corey Floyd Jr.,Devin Carter,Bryce Hopkins,Ticket Gaines,David N'Guessan,Cam Carter,Arthur Kaluma,Dai Dai Ames,Tylor Perry
2023-24,2023-11-17,2576899,313,1,2,Providence,Kansas State,Friars,Wildcats,4,3,50,53,-3,1457,Kansas State,291,291,23,Arthur Kaluma misses a jump shot from 14 feet out.,missed,FALSE,FALSE,Jump Shot,19.1,17.95,1323635,Arthur Kaluma,NA,0,Kansas State,Kansas State,112,NA,Garwey Dual,Corey Floyd Jr.,Devin Carter,Bryce Hopkins,Ticket Gaines,David N'Guessan,Cam Carter,Arthur Kaluma,Dai Dai Ames,Tylor Perry
2023-24,2023-11-17,2576899,314,1,2,Providence,Kansas State,Friars,Wildcats,4,3,50,53,-3,1576,Providence,291,291,0,Bryce Hopkins with a defensive rebound.,NA,FALSE,FALSE,NA,NA,NA,NA,NA,NA,0,Kansas State,Providence,112,NA,Garwey Dual,Corey Floyd Jr.,Devin Carter,Bryce Hopkins,Ticket Gaines,David N'Guessan,Cam Carter,Arthur Kaluma,Dai Dai Ames,Tylor Perry
2023-24,2023-11-17,2576899,315,1,2,Providence,Kansas State,Friars,Wildcats,4,3,52,53,-1,1576,Providence,279,279,12,Josh Oduro makes a layup. Garwey Dual with the assist.,made,FALSE,FALSE,Layup Shot,26,6.25,1174919,Josh Oduro,Garwey Dual,0,Providence,Kansas State,113,NA,Garwey Dual,Corey Floyd Jr.,Devin Carter,Bryce Hopkins,Ticket Gaines,David N'Guessan,Cam Carter,Arthur Kaluma,Dai Dai Ames,Tylor Perry
2023-24,2023-11-17,2576899,316,1,2,Providence,Kansas State,Friars,Wildcats,4,3,52,53,-1,1457,Kansas State,247,247,32,Dai Dai Ames misses a layup.,missed,FALSE,FALSE,Layup Shot,26,6.25,1459975,Dai Dai Ames,NA,0,Kansas State,Kansas State,114,NA,Garwey Dual,Corey Floyd Jr.,Devin Carter,Bryce Hopkins,Ticket Gaines,David N'Guessan,Cam Carter,Arthur Kaluma,Dai Dai Ames,Tylor Perry
2023-24,2023-11-17,2576899,318,1,2,Providence,Kansas State,Friars,Wildcats,4,3,52,53,-1,1576,Providence,246,246,1,Substitution: Rafael Castro in for Josh Oduro.,NA,FALSE,FALSE,NA,NA,NA,NA,NA,NA,1,NA,NA,NA,Player leaving not previously in game,Garwey Dual,Corey Floyd Jr.,Devin Carter,Bryce Hopkins,Ticket Gaines,David N'Guessan,Cam Carter,Arthur Kaluma,Dai Dai Ames,Tylor Perry
2023-24,2023-11-17,2576899,319,1,2,Providence,Kansas State,Friars,Wildcats,4,3,52,53,-1,1457,Kansas State,230,230,16,Garwey Dual steals the ball from Will McNair Jr..,NA,FALSE,FALSE,NA,NA,NA,NA,NA,NA,0,Kansas State,Providence,114,NA,Garwey Dual,Corey Floyd Jr.,Devin Carter,Bryce Hopkins,Ticket Gaines,David N'Guessan,Cam Carter,Arthur Kaluma,Dai Dai Ames,Tylor Perry
2023-24,2023-11-17,2576899,320,1,2,Providence,Kansas State,Friars,Wildcats,4,3,52,53,-1,1576,Providence,222,222,8,Bryce Hopkins misses a layup.,missed,FALSE,FALSE,Layup Shot,25,5.25,1340791,Bryce Hopkins,NA,0,Providence,Providence,115,NA,Garwey Dual,Corey Floyd Jr.,Devin Carter,Bryce Hopkins,Ticket Gaines,David N'Guessan,Cam Carter,Arthur Kaluma,Dai Dai Ames,Tylor Perry
2023-24,2023-11-17,2576899,321,1,2,Providence,Kansas State,Friars,Wildcats,4,3,52,53,-1,1576,Providence,222,222,0,Rafael Castro with an offensive rebound.,NA,FALSE,FALSE,NA,NA,NA,NA,NA,NA,0,Providence,Providence,115,NA,Garwey Dual,Corey Floyd Jr.,Devin Carter,Bryce Hopkins,Ticket Gaines,David N'Guessan,Cam Carter,Arthur Kaluma,Dai Dai Ames,Tylor Perry
2023-24,2023-11-17,2576899,322,1,2,Providence,Kansas State,Friars,Wildcats,4,3,54,53,1,1576,Providence,219,219,3,Rafael Castro makes a layup.,made,FALSE,FALSE,Layup Shot,26,6.25,1326422,Rafael Castro,NA,0,Providence,Kansas State,115,NA,Garwey Dual,Corey Floyd Jr.,Devin Carter,Bryce Hopkins,Ticket Gaines,David N'Guessan,Cam Carter,Arthur Kaluma,Dai Dai Ames,Tylor Perry
2023-24,2023-11-17,2576899,323,1,2,Providence,Kansas State,Friars,Wildcats,4,3,54,53,1,NA,NA,218,218,1,Official TV timeout.,NA,FALSE,FALSE,NA,NA,NA,NA,NA,NA,0,NA,NA,NA,NA,Garwey Dual,Corey Floyd Jr.,Devin Carter,Bryce Hopkins,Ticket Gaines,David N'Guessan,Cam Carter,Arthur Kaluma,Dai Dai Ames,Tylor Perry
2023-24,2023-11-17,2576899,324,1,2,Providence,Kansas State,Friars,Wildcats,4,3,54,53,1,1457,Kansas State,218,218,0,Substitution: David N'Guessan in for Will McNair Jr..,NA,FALSE,FALSE,NA,NA,NA,NA,NA,NA,1,NA,NA,NA,Sub already in game,Garwey Dual,Corey Floyd Jr.,Devin Carter,Bryce Hopkins,Ticket Gaines,David N'Guessan,Cam Carter,Arthur Kaluma,Dai Dai Ames,Tylor Perry
2023-24,2023-11-17,2576899,325,1,2,Providence,Kansas State,Friars,Wildcats,4,3,54,53,1,1576,Providence,218,218,0,Substitution: Josh Oduro in for Rafael Castro.,NA,FALSE,FALSE,NA,NA,NA,NA,NA,NA,1,NA,NA,NA,Player leaving not previously in game,Garwey Dual,Corey Floyd Jr.,Devin Carter,Bryce Hopkins,Ticket Gaines,David N'Guessan,Cam Carter,Arthur Kaluma,Dai Dai Ames,Tylor Perry
2023-24,2023-11-17,2576899,326,1,2,Providence,Kansas State,Friars,Wildcats,4,3,54,53,1,1457,Kansas State,196,196,22,Tylor Perry misses a 3-point jump shot from 23 feet out.,missed,FALSE,TRUE,Jump Shot,7.899999999999999,20.65,1345192,Tylor Perry,NA,0,Kansas State,Providence,116,NA,Garwey Dual,Corey Floyd Jr.,Devin Carter,Bryce Hopkins,Ticket Gaines,David N'Guessan,Cam Carter,Arthur Kaluma,Dai Dai Ames,Tylor Perry
2023-24,2023-11-17,2576899,328,1,2,Providence,Kansas State,Friars,Wildcats,4,3,56,53,3,1576,Providence,171,171,25,Josh Oduro makes a jump shot from 14 feet out.,made,FALSE,FALSE,Jump Shot,18.1,17.049999999999997,1174919,Josh Oduro,NA,0,Providence,Kansas State,117,NA,Garwey Dual,Corey Floyd Jr.,Devin Carter,Bryce Hopkins,Ticket Gaines,David N'Guessan,Cam Carter,Arthur Kaluma,Dai Dai Ames,Tylor Perry
2023-24,2023-11-17,2576899,329,1,2,Providence,Kansas State,Friars,Wildcats,4,3,56,53,3,1576,Providence,165,165,6,Personal foul committed by Ticket Gaines.,NA,FALSE,FALSE,NA,NA,NA,NA,NA,NA,0,Kansas State,Kansas State,118,NA,Garwey Dual,Corey Floyd Jr.,Devin Carter,Bryce Hopkins,Ticket Gaines,David N'Guessan,Cam Carter,Arthur Kaluma,Dai Dai Ames,Tylor Perry
2023-24,2023-11-17,2576899,330,1,2,Providence,Kansas State,Friars,Wildcats,4,3,56,53,3,1457,Kansas State,165,165,0,Substitution: Will McNair Jr. in for David N'Guessan.,NA,FALSE,FALSE,NA,NA,NA,NA,NA,NA,1,NA,NA,NA,NA,Garwey Dual,Corey Floyd Jr.,Devin Carter,Bryce Hopkins,Ticket Gaines,Will McNair Jr.,Cam Carter,Arthur Kaluma,Dai Dai Ames,Tylor Perry
2023-24,2023-11-17,2576899,331,1,2,Providence,Kansas State,Friars,Wildcats,4,3,56,54,2,1457,Kansas State,165,165,0,Tylor Perry makes free throw 1 of 2.,made,TRUE,FALSE,NA,NA,NA,NA,NA,NA,0,Kansas State,Kansas State,118,NA,Garwey Dual,Corey Floyd Jr.,Devin Carter,Bryce Hopkins,Ticket Gaines,Will McNair Jr.,Cam Carter,Arthur Kaluma,Dai Dai Ames,Tylor Perry
2023-24,2023-11-17,2576899,332,1,2,Providence,Kansas State,Friars,Wildcats,4,3,56,55,1,1457,Kansas State,165,165,0,Tylor Perry makes free throw 2 of 2.,made,TRUE,FALSE,NA,NA,NA,NA,NA,NA,0,Kansas State,Providence,118,NA,Garwey Dual,Corey Floyd Jr.,Devin Carter,Bryce Hopkins,Ticket Gaines,Will McNair Jr.,Cam Carter,Arthur Kaluma,Dai Dai Ames,Tylor Perry
2023-24,2023-11-17,2576899,333,1,2,Providence,Kansas State,Friars,Wildcats,4,3,56,55,1,1576,Providence,136,136,29,Josh Oduro misses a jump shot from 16 feet out.,missed,FALSE,FALSE,Jump Shot,40.7,8.349999999999994,1174919,Josh Oduro,NA,0,Providence,Providence,119,NA,Garwey Dual,Corey Floyd Jr.,Devin Carter,Bryce Hopkins,Ticket Gaines,Will McNair Jr.,Cam Carter,Arthur Kaluma,Dai Dai Ames,Tylor Perry
2023-24,2023-11-17,2576899,334,1,2,Providence,Kansas State,Friars,Wildcats,4,3,56,55,1,1457,Kansas State,136,136,0,Cam Carter with a defensive rebound.,NA,FALSE,FALSE,NA,NA,NA,NA,NA,NA,0,Providence,Kansas State,119,NA,Garwey Dual,Corey Floyd Jr.,Devin Carter,Bryce Hopkins,Ticket Gaines,Will McNair Jr.,Cam Carter,Arthur Kaluma,Dai Dai Ames,Tylor Perry
2023-24,2023-11-17,2576899,335,1,2,Providence,Kansas State,Friars,Wildcats,4,3,56,55,1,1457,Kansas State,125,125,11,Cam Carter misses a 3-point jump shot from 23 feet out.,missed,FALSE,TRUE,Jump Shot,9.4,22.15,1351088,Cam Carter,NA,0,Kansas State,Kansas State,120,NA,Garwey Dual,Corey Floyd Jr.,Devin Carter,Bryce Hopkins,Ticket Gaines,Will McNair Jr.,Cam Carter,Arthur Kaluma,Dai Dai Ames,Tylor Perry
2023-24,2023-11-17,2576899,336,1,2,Providence,Kansas State,Friars,Wildcats,4,3,56,55,1,1457,Kansas State,125,125,0,Arthur Kaluma with an offensive rebound.,NA,FALSE,FALSE,NA,NA,NA,NA,NA,NA,0,Kansas State,Kansas State,120,NA,Garwey Dual,Corey Floyd Jr.,Devin Carter,Bryce Hopkins,Ticket Gaines,Will McNair Jr.,Cam Carter,Arthur Kaluma,Dai Dai Ames,Tylor Perry
2023-24,2023-11-17,2576899,337,1,2,Providence,Kansas State,Friars,Wildcats,4,3,56,55,1,1457,Kansas State,117,117,8,Dai Dai Ames misses a 3-point jump shot from 23 feet out.,missed,FALSE,TRUE,Jump Shot,37,24.55,1459975,Dai Dai Ames,NA,0,Kansas State,Kansas State,120,NA,Garwey Dual,Corey Floyd Jr.,Devin Carter,Bryce Hopkins,Ticket Gaines,Will McNair Jr.,Cam Carter,Arthur Kaluma,Dai Dai Ames,Tylor Perry
2023-24,2023-11-17,2576899,338,1,2,Providence,Kansas State,Friars,Wildcats,4,3,56,55,1,1576,Providence,117,117,0,Bryce Hopkins with a defensive rebound.,NA,FALSE,FALSE,NA,NA,NA,NA,NA,NA,0,Kansas State,Providence,120,NA,Garwey Dual,Corey Floyd Jr.,Devin Carter,Bryce Hopkins,Ticket Gaines,Will McNair Jr.,Cam Carter,Arthur Kaluma,Dai Dai Ames,Tylor Perry
2023-24,2023-11-17,2576899,339,1,2,Providence,Kansas State,Friars,Wildcats,4,3,56,55,1,1576,Providence,97,97,20,Tylor Perry steals the ball from Bryce Hopkins.,NA,FALSE,FALSE,NA,NA,NA,NA,NA,NA,0,Providence,Kansas State,121,NA,Garwey Dual,Corey Floyd Jr.,Devin Carter,Bryce Hopkins,Ticket Gaines,Will McNair Jr.,Cam Carter,Arthur Kaluma,Dai Dai Ames,Tylor Perry
2023-24,2023-11-17,2576899,340,1,2,Providence,Kansas State,Friars,Wildcats,4,3,56,55,1,1576,Providence,97,97,0,Personal foul committed by Josh Oduro.,NA,FALSE,FALSE,NA,NA,NA,NA,NA,NA,0,Kansas State,Kansas State,122,NA,Garwey Dual,Corey Floyd Jr.,Devin Carter,Bryce Hopkins,Ticket Gaines,Will McNair Jr.,Cam Carter,Arthur Kaluma,Dai Dai Ames,Tylor Perry
2023-24,2023-11-17,2576899,341,1,2,Providence,Kansas State,Friars,Wildcats,4,3,56,55,1,1576,Providence,97,97,0,Substitution: Rafael Castro in for Josh Oduro.,NA,FALSE,FALSE,NA,NA,NA,NA,NA,NA,1,NA,NA,NA,Player leaving not previously in game,Garwey Dual,Corey Floyd Jr.,Devin Carter,Bryce Hopkins,Ticket Gaines,Will McNair Jr.,Cam Carter,Arthur Kaluma,Dai Dai Ames,Tylor Perry
2023-24,2023-11-17,2576899,342,1,2,Providence,Kansas State,Friars,Wildcats,4,3,56,56,0,1457,Kansas State,97,97,0,Tylor Perry makes free throw 1 of 2.,made,TRUE,FALSE,NA,NA,NA,NA,NA,NA,0,Kansas State,Kansas State,122,NA,Garwey Dual,Corey Floyd Jr.,Devin Carter,Bryce Hopkins,Ticket Gaines,Will McNair Jr.,Cam Carter,Arthur Kaluma,Dai Dai Ames,Tylor Perry
2023-24,2023-11-17,2576899,343,1,2,Providence,Kansas State,Friars,Wildcats,4,3,56,57,-1,1457,Kansas State,97,97,0,Tylor Perry makes free throw 2 of 2.,made,TRUE,FALSE,NA,NA,NA,NA,NA,NA,0,Kansas State,Providence,122,NA,Garwey Dual,Corey Floyd Jr.,Devin Carter,Bryce Hopkins,Ticket Gaines,Will McNair Jr.,Cam Carter,Arthur Kaluma,Dai Dai Ames,Tylor Perry
2023-24,2023-11-17,2576899,344,1,2,Providence,Kansas State,Friars,Wildcats,4,3,56,57,-1,1457,Kansas State,83,83,14,Personal foul committed by Cam Carter.,NA,FALSE,FALSE,NA,NA,NA,NA,NA,NA,0,Providence,Providence,123,NA,Garwey Dual,Corey Floyd Jr.,Devin Carter,Bryce Hopkins,Ticket Gaines,Will McNair Jr.,Cam Carter,Arthur Kaluma,Dai Dai Ames,Tylor Perry
2023-24,2023-11-17,2576899,345,1,2,Providence,Kansas State,Friars,Wildcats,4,3,57,57,0,1576,Providence,83,83,0,Devin Carter makes free throw 1st of 1-and-1.,made,TRUE,FALSE,NA,NA,NA,NA,NA,NA,0,Providence,Providence,123,NA,Garwey Dual,Corey Floyd Jr.,Devin Carter,Bryce Hopkins,Ticket Gaines,Will McNair Jr.,Cam Carter,Arthur Kaluma,Dai Dai Ames,Tylor Perry
2023-24,2023-11-17,2576899,346,1,2,Providence,Kansas State,Friars,Wildcats,4,3,57,57,0,1576,Providence,83,83,0,Devin Carter misses free throw 2 of 2.,missed,TRUE,FALSE,NA,NA,NA,NA,NA,NA,0,Providence,Providence,123,NA,Garwey Dual,Corey Floyd Jr.,Devin Carter,Bryce Hopkins,Ticket Gaines,Will McNair Jr.,Cam Carter,Arthur Kaluma,Dai Dai Ames,Tylor Perry
2023-24,2023-11-17,2576899,347,1,2,Providence,Kansas State,Friars,Wildcats,4,3,57,57,0,1457,Kansas State,83,83,0,Will McNair Jr. with a defensive rebound.,NA,FALSE,FALSE,NA,NA,NA,NA,NA,NA,0,Providence,Kansas State,123,NA,Garwey Dual,Corey Floyd Jr.,Devin Carter,Bryce Hopkins,Ticket Gaines,Will McNair Jr.,Cam Carter,Arthur Kaluma,Dai Dai Ames,Tylor Perry
2023-24,2023-11-17,2576899,348,1,2,Providence,Kansas State,Friars,Wildcats,4,3,57,57,0,1457,Kansas State,49,49,34,Devin Carter blocks a Tylor Perry 3-point jump shot from 25 feet out.,missed,FALSE,TRUE,Jump Shot,11,25.55,1345192,Tylor Perry,NA,0,Kansas State,Kansas State,124,NA,Garwey Dual,Corey Floyd Jr.,Devin Carter,Bryce Hopkins,Ticket Gaines,Will McNair Jr.,Cam Carter,Arthur Kaluma,Dai Dai Ames,Tylor Perry
2023-24,2023-11-17,2576899,349,1,2,Providence,Kansas State,Friars,Wildcats,4,3,57,57,0,1576,Providence,49,49,0,Rafael Castro with a defensive rebound.,NA,FALSE,FALSE,NA,NA,NA,NA,NA,NA,0,Kansas State,Providence,124,NA,Garwey Dual,Corey Floyd Jr.,Devin Carter,Bryce Hopkins,Ticket Gaines,Will McNair Jr.,Cam Carter,Arthur Kaluma,Dai Dai Ames,Tylor Perry
2023-24,2023-11-17,2576899,350,1,2,Providence,Kansas State,Friars,Wildcats,4,3,57,57,0,1576,Providence,38,38,11,Garwey Dual misses a 3-point jump shot from 23 feet out.,missed,FALSE,TRUE,Jump Shot,8.799999999999997,21.349999999999994,1460371,Garwey Dual,NA,0,Providence,Providence,125,NA,Garwey Dual,Corey Floyd Jr.,Devin Carter,Bryce Hopkins,Ticket Gaines,Will McNair Jr.,Cam Carter,Arthur Kaluma,Dai Dai Ames,Tylor Perry
2023-24,2023-11-17,2576899,351,1,2,Providence,Kansas State,Friars,Wildcats,4,3,57,57,0,1457,Kansas State,38,38,0,Arthur Kaluma with a defensive rebound.,NA,FALSE,FALSE,NA,NA,NA,NA,NA,NA,0,Providence,Kansas State,125,NA,Garwey Dual,Corey Floyd Jr.,Devin Carter,Bryce Hopkins,Ticket Gaines,Will McNair Jr.,Cam Carter,Arthur Kaluma,Dai Dai Ames,Tylor Perry
2023-24,2023-11-17,2576899,352,1,2,Providence,Kansas State,Friars,Wildcats,4,2,57,57,0,1457,Kansas State,34,34,4,Wildcats take a full timeout.,NA,FALSE,FALSE,NA,NA,NA,NA,NA,NA,0,NA,NA,NA,NA,Garwey Dual,Corey Floyd Jr.,Devin Carter,Bryce Hopkins,Ticket Gaines,Will McNair Jr.,Cam Carter,Arthur Kaluma,Dai Dai Ames,Tylor Perry
2023-24,2023-11-17,2576899,353,1,2,Providence,Kansas State,Friars,Wildcats,4,2,57,57,0,1576,Providence,34,34,0,Substitution: Corey Floyd Jr. in for Garwey Dual.,NA,FALSE,FALSE,NA,NA,NA,NA,NA,NA,1,NA,NA,NA,Sub already in game,Garwey Dual,Corey Floyd Jr.,Devin Carter,Bryce Hopkins,Ticket Gaines,Will McNair Jr.,Cam Carter,Arthur Kaluma,Dai Dai Ames,Tylor Perry
2023-24,2023-11-17,2576899,354,1,2,Providence,Kansas State,Friars,Wildcats,4,2,57,57,0,1457,Kansas State,9,9,25,Arthur Kaluma with a turnover - Lost Ball,NA,FALSE,FALSE,NA,NA,NA,NA,NA,NA,0,Kansas State,Providence,126,NA,Garwey Dual,Corey Floyd Jr.,Devin Carter,Bryce Hopkins,Ticket Gaines,Will McNair Jr.,Cam Carter,Arthur Kaluma,Dai Dai Ames,Tylor Perry
2023-24,2023-11-17,2576899,355,1,2,Providence,Kansas State,Friars,Wildcats,3,2,57,57,0,1576,Providence,9,9,0,Friars take a full timeout.,NA,FALSE,FALSE,NA,NA,NA,NA,NA,NA,0,NA,NA,NA,NA,Garwey Dual,Corey Floyd Jr.,Devin Carter,Bryce Hopkins,Ticket Gaines,Will McNair Jr.,Cam Carter,Arthur Kaluma,Dai Dai Ames,Tylor Perry
2023-24,2023-11-17,2576899,356,1,2,Providence,Kansas State,Friars,Wildcats,3,2,57,57,0,1457,Kansas State,9,9,0,Substitution: David N'Guessan in for Dai Dai Ames.,NA,FALSE,FALSE,NA,NA,NA,NA,NA,NA,1,NA,NA,NA,NA,Garwey Dual,Corey Floyd Jr.,Devin Carter,Bryce Hopkins,Ticket Gaines,Will McNair Jr.,Cam Carter,Arthur Kaluma,David N'Guessan,Tylor Perry
2023-24,2023-11-17,2576899,357,1,2,Providence,Kansas State,Friars,Wildcats,3,2,57,57,0,1576,Providence,9,9,0,Substitution: Garwey Dual in for Rafael Castro.,NA,FALSE,FALSE,NA,NA,NA,NA,NA,NA,1,NA,NA,NA,Sub already in game,Garwey Dual,Corey Floyd Jr.,Devin Carter,Bryce Hopkins,Ticket Gaines,Will McNair Jr.,Cam Carter,Arthur Kaluma,David N'Guessan,Tylor Perry
2023-24,2023-11-17,2576899,358,1,2,Providence,Kansas State,Friars,Wildcats,3,2,57,57,0,1576,Providence,1,1,8,Devin Carter misses a layup.,missed,FALSE,FALSE,Layup Shot,26,6.25,1340755,Devin Carter,NA,0,Providence,Providence,127,NA,Garwey Dual,Corey Floyd Jr.,Devin Carter,Bryce Hopkins,Ticket Gaines,Will McNair Jr.,Cam Carter,Arthur Kaluma,David N'Guessan,Tylor Perry
2023-24,2023-11-17,2576899,359,1,2,Providence,Kansas State,Friars,Wildcats,3,2,57,57,0,1457,Kansas State,1,1,0,David N'Guessan with a defensive rebound.,NA,FALSE,FALSE,NA,NA,NA,NA,NA,NA,0,Providence,Kansas State,127,NA,Garwey Dual,Corey Floyd Jr.,Devin Carter,Bryce Hopkins,Ticket Gaines,Will McNair Jr.,Cam Carter,Arthur Kaluma,David N'Guessan,Tylor Perry
2023-24,2023-11-17,2576899,360,1,2,Providence,Kansas State,Friars,Wildcats,3,2,57,57,0,NA,NA,0,0,1,End of the 2nd Half,NA,FALSE,FALSE,NA,NA,NA,NA,NA,NA,0,NA,NA,NA,NA,Garwey Dual,Corey Floyd Jr.,Devin Carter,Bryce Hopkins,Ticket Gaines,Will McNair Jr.,Cam Carter,Arthur Kaluma,David N'Guessan,Tylor Perry
2023-24,2023-11-17,2576899,361,1,3,Providence,Kansas State,Friars,Wildcats,4,3,57,57,0,NA,NA,300,300,-300,Start of the Overtime,NA,FALSE,FALSE,NA,NA,NA,NA,NA,NA,0,NA,Kansas State,128,NA,Garwey Dual,Corey Floyd Jr.,Devin Carter,Bryce Hopkins,Ticket Gaines,Will McNair Jr.,Cam Carter,Arthur Kaluma,David N'Guessan,Tylor Perry
2023-24,2023-11-17,2576899,362,1,3,Providence,Kansas State,Friars,Wildcats,4,3,57,57,0,1576,Providence,288,288,12,Shooting foul committed by Devin Carter.,NA,FALSE,FALSE,NA,NA,NA,NA,NA,NA,0,Kansas State,Kansas State,129,NA,Garwey Dual,Corey Floyd Jr.,Devin Carter,Bryce Hopkins,Ticket Gaines,Will McNair Jr.,Cam Carter,Arthur Kaluma,David N'Guessan,Tylor Perry
2023-24,2023-11-17,2576899,363,1,3,Providence,Kansas State,Friars,Wildcats,4,3,57,58,-1,1457,Kansas State,288,288,0,Tylor Perry makes free throw 1 of 3.,made,TRUE,FALSE,NA,NA,NA,NA,NA,NA,0,Kansas State,Kansas State,129,NA,Garwey Dual,Corey Floyd Jr.,Devin Carter,Bryce Hopkins,Ticket Gaines,Will McNair Jr.,Cam Carter,Arthur Kaluma,David N'Guessan,Tylor Perry
2023-24,2023-11-17,2576899,364,1,3,Providence,Kansas State,Friars,Wildcats,4,3,57,59,-2,1457,Kansas State,288,288,0,Tylor Perry makes free throw 2 of 3.,made,TRUE,FALSE,NA,NA,NA,NA,NA,NA,0,Kansas State,Kansas State,129,NA,Garwey Dual,Corey Floyd Jr.,Devin Carter,Bryce Hopkins,Ticket Gaines,Will McNair Jr.,Cam Carter,Arthur Kaluma,David N'Guessan,Tylor Perry
2023-24,2023-11-17,2576899,365,1,3,Providence,Kansas State,Friars,Wildcats,4,3,57,60,-3,1457,Kansas State,288,288,0,Tylor Perry makes free throw 3 of 3.,made,TRUE,FALSE,NA,NA,NA,NA,NA,NA,0,Kansas State,Providence,129,NA,Garwey Dual,Corey Floyd Jr.,Devin Carter,Bryce Hopkins,Ticket Gaines,Will McNair Jr.,Cam Carter,Arthur Kaluma,David N'Guessan,Tylor Perry
2023-24,2023-11-17,2576899,366,1,3,Providence,Kansas State,Friars,Wildcats,4,3,57,60,-3,1576,Providence,274,274,14,Devin Carter misses a 3-point jump shot from 23 feet out.,missed,FALSE,TRUE,Jump Shot,42.1,20.950000000000003,1340755,Devin Carter,NA,0,Providence,Providence,130,NA,Garwey Dual,Corey Floyd Jr.,Devin Carter,Bryce Hopkins,Ticket Gaines,Will McNair Jr.,Cam Carter,Arthur Kaluma,David N'Guessan,Tylor Perry
2023-24,2023-11-17,2576899,367,1,3,Providence,Kansas State,Friars,Wildcats,4,3,57,60,-3,1457,Kansas State,274,274,0,David N'Guessan with a defensive rebound.,NA,FALSE,FALSE,NA,NA,NA,NA,NA,NA,0,Providence,Kansas State,130,NA,Garwey Dual,Corey Floyd Jr.,Devin Carter,Bryce Hopkins,Ticket Gaines,Will McNair Jr.,Cam Carter,Arthur Kaluma,David N'Guessan,Tylor Perry
2023-24,2023-11-17,2576899,368,1,3,Providence,Kansas State,Friars,Wildcats,4,3,57,62,-5,1457,Kansas State,253,253,21,David N'Guessan makes a layup. Tylor Perry with the assist.,made,FALSE,FALSE,Layup Shot,25,5.25,1243716,David N'Guessan,Tylor Perry,0,Kansas State,Providence,131,NA,Garwey Dual,Corey Floyd Jr.,Devin Carter,Bryce Hopkins,Ticket Gaines,Will McNair Jr.,Cam Carter,Arthur Kaluma,David N'Guessan,Tylor Perry
2023-24,2023-11-17,2576899,369,1,3,Providence,Kansas State,Friars,Wildcats,4,3,57,62,-5,1457,Kansas State,229,229,24,Shooting foul committed by Arthur Kaluma.,NA,FALSE,FALSE,NA,NA,NA,NA,NA,NA,0,Providence,Providence,132,NA,Garwey Dual,Corey Floyd Jr.,Devin Carter,Bryce Hopkins,Ticket Gaines,Will McNair Jr.,Cam Carter,Arthur Kaluma,David N'Guessan,Tylor Perry
2023-24,2023-11-17,2576899,370,1,3,Providence,Kansas State,Friars,Wildcats,4,3,57,62,-5,1576,Providence,229,229,0,Bryce Hopkins misses free throw 1 of 2.,missed,TRUE,FALSE,NA,NA,NA,NA,NA,NA,0,Providence,Providence,132,NA,Garwey Dual,Corey Floyd Jr.,Devin Carter,Bryce Hopkins,Ticket Gaines,Will McNair Jr.,Cam Carter,Arthur Kaluma,David N'Guessan,Tylor Perry
2023-24,2023-11-17,2576899,372,1,3,Providence,Kansas State,Friars,Wildcats,4,3,58,62,-4,1576,Providence,229,229,0,Bryce Hopkins makes free throw 2 of 2.,made,TRUE,FALSE,NA,NA,NA,NA,NA,NA,0,Providence,Kansas State,132,NA,Garwey Dual,Corey Floyd Jr.,Devin Carter,Bryce Hopkins,Ticket Gaines,Will McNair Jr.,Cam Carter,Arthur Kaluma,David N'Guessan,Tylor Perry
2023-24,2023-11-17,2576899,373,1,3,Providence,Kansas State,Friars,Wildcats,4,3,58,62,-4,1457,Kansas State,217,217,12,David N'Guessan with a turnover - Traveling,NA,FALSE,FALSE,NA,NA,NA,NA,NA,NA,0,Kansas State,Providence,133,NA,Garwey Dual,Corey Floyd Jr.,Devin Carter,Bryce Hopkins,Ticket Gaines,Will McNair Jr.,Cam Carter,Arthur Kaluma,David N'Guessan,Tylor Perry
2023-24,2023-11-17,2576899,374,1,3,Providence,Kansas State,Friars,Wildcats,4,3,58,62,-4,1576,Providence,217,217,0,Substitution: Garwey Dual in for Corey Floyd Jr..,NA,FALSE,FALSE,NA,NA,NA,NA,NA,NA,1,NA,NA,NA,Sub already in game,Garwey Dual,Corey Floyd Jr.,Devin Carter,Bryce Hopkins,Ticket Gaines,Will McNair Jr.,Cam Carter,Arthur Kaluma,David N'Guessan,Tylor Perry
2023-24,2023-11-17,2576899,375,1,3,Providence,Kansas State,Friars,Wildcats,4,3,60,62,-2,1576,Providence,205,205,12,Garwey Dual makes a layup.,made,FALSE,FALSE,Layup Shot,26,6.25,1460371,Garwey Dual,NA,0,Providence,Providence,134,NA,Garwey Dual,Corey Floyd Jr.,Devin Carter,Bryce Hopkins,Ticket Gaines,Will McNair Jr.,Cam Carter,Arthur Kaluma,David N'Guessan,Tylor Perry
2023-24,2023-11-17,2576899,376,1,3,Providence,Kansas State,Friars,Wildcats,4,3,60,62,-2,1457,Kansas State,205,205,0,Shooting foul committed by Cam Carter.,NA,FALSE,FALSE,NA,NA,NA,NA,NA,NA,0,Providence,Providence,134,NA,Garwey Dual,Corey Floyd Jr.,Devin Carter,Bryce Hopkins,Ticket Gaines,Will McNair Jr.,Cam Carter,Arthur Kaluma,David N'Guessan,Tylor Perry
2023-24,2023-11-17,2576899,377,1,3,Providence,Kansas State,Friars,Wildcats,4,3,61,62,-1,1576,Providence,205,205,0,Garwey Dual makes free throw 1 of 1.,made,TRUE,FALSE,NA,NA,NA,NA,NA,NA,0,Providence,Kansas State,134,NA,Garwey Dual,Corey Floyd Jr.,Devin Carter,Bryce Hopkins,Ticket Gaines,Will McNair Jr.,Cam Carter,Arthur Kaluma,David N'Guessan,Tylor Perry
2023-24,2023-11-17,2576899,378,1,3,Providence,Kansas State,Friars,Wildcats,4,3,61,62,-1,1576,Providence,205,205,0,Substitution: Corey Floyd Jr. in for Garwey Dual.,NA,FALSE,FALSE,NA,NA,NA,NA,NA,NA,1,NA,NA,NA,Sub already in game,Garwey Dual,Corey Floyd Jr.,Devin Carter,Bryce Hopkins,Ticket Gaines,Will McNair Jr.,Cam Carter,Arthur Kaluma,David N'Guessan,Tylor Perry
2023-24,2023-11-17,2576899,379,1,3,Providence,Kansas State,Friars,Wildcats,4,3,61,62,-1,1457,Kansas State,178,178,27,Tylor Perry misses a 3-point jump shot from 22 feet out.,missed,FALSE,TRUE,Jump Shot,2.8000000000000007,8.05,1345192,Tylor Perry,NA,0,Kansas State,Kansas State,135,NA,Garwey Dual,Corey Floyd Jr.,Devin Carter,Bryce Hopkins,Ticket Gaines,Will McNair Jr.,Cam Carter,Arthur Kaluma,David N'Guessan,Tylor Perry
2023-24,2023-11-17,2576899,380,1,3,Providence,Kansas State,Friars,Wildcats,4,3,61,62,-1,1576,Providence,178,178,0,Devin Carter with a defensive rebound.,NA,FALSE,FALSE,NA,NA,NA,NA,NA,NA,0,Kansas State,Providence,135,NA,Garwey Dual,Corey Floyd Jr.,Devin Carter,Bryce Hopkins,Ticket Gaines,Will McNair Jr.,Cam Carter,Arthur Kaluma,David N'Guessan,Tylor Perry
2023-24,2023-11-17,2576899,381,1,3,Providence,Kansas State,Friars,Wildcats,4,3,61,62,-1,1576,Providence,148,148,30,Bryce Hopkins misses a layup.,missed,FALSE,FALSE,Layup Shot,25,5.25,1340791,Bryce Hopkins,NA,0,Providence,Providence,136,NA,Garwey Dual,Corey Floyd Jr.,Devin Carter,Bryce Hopkins,Ticket Gaines,Will McNair Jr.,Cam Carter,Arthur Kaluma,David N'Guessan,Tylor Perry
2023-24,2023-11-17,2576899,382,1,3,Providence,Kansas State,Friars,Wildcats,4,3,61,62,-1,1457,Kansas State,148,148,0,Arthur Kaluma with a defensive rebound.,NA,FALSE,FALSE,NA,NA,NA,NA,NA,NA,0,Providence,Kansas State,136,NA,Garwey Dual,Corey Floyd Jr.,Devin Carter,Bryce Hopkins,Ticket Gaines,Will McNair Jr.,Cam Carter,Arthur Kaluma,David N'Guessan,Tylor Perry
2023-24,2023-11-17,2576899,383,1,3,Providence,Kansas State,Friars,Wildcats,4,3,61,65,-4,1457,Kansas State,138,138,10,Arthur Kaluma makes a 3-point jump shot from 24 feet out. Dai Dai Ames with the assist.,made,FALSE,TRUE,Jump Shot,24.9,29.15,1323635,Arthur Kaluma,Dai Dai Ames,0,Kansas State,Providence,137,NA,Garwey Dual,Corey Floyd Jr.,Devin Carter,Bryce Hopkins,Ticket Gaines,Will McNair Jr.,Cam Carter,Arthur Kaluma,David N'Guessan,Tylor Perry
2023-24,2023-11-17,2576899,384,1,3,Providence,Kansas State,Friars,Wildcats,3,3,61,65,-4,1576,Providence,130,130,8,Friars take a 30-second timeout.,NA,FALSE,FALSE,NA,NA,NA,NA,NA,NA,0,NA,NA,NA,NA,Garwey Dual,Corey Floyd Jr.,Devin Carter,Bryce Hopkins,Ticket Gaines,Will McNair Jr.,Cam Carter,Arthur Kaluma,David N'Guessan,Tylor Perry
2023-24,2023-11-17,2576899,385,1,3,Providence,Kansas State,Friars,Wildcats,3,3,61,65,-4,NA,NA,130,130,0,Official TV timeout.,NA,FALSE,FALSE,NA,NA,NA,NA,NA,NA,0,NA,NA,NA,NA,Garwey Dual,Corey Floyd Jr.,Devin Carter,Bryce Hopkins,Ticket Gaines,Will McNair Jr.,Cam Carter,Arthur Kaluma,David N'Guessan,Tylor Perry
2023-24,2023-11-17,2576899,386,1,3,Providence,Kansas State,Friars,Wildcats,3,3,61,65,-4,1576,Providence,130,130,0,Substitution: Garwey Dual in for Corey Floyd Jr..,NA,FALSE,FALSE,NA,NA,NA,NA,NA,NA,1,NA,NA,NA,Sub already in game,Garwey Dual,Corey Floyd Jr.,Devin Carter,Bryce Hopkins,Ticket Gaines,Will McNair Jr.,Cam Carter,Arthur Kaluma,David N'Guessan,Tylor Perry
2023-24,2023-11-17,2576899,387,1,3,Providence,Kansas State,Friars,Wildcats,3,3,61,65,-4,1576,Providence,112,112,18,Ticket Gaines misses a 3-point jump shot from 22 feet out.,missed,FALSE,TRUE,Jump Shot,46.5,9.549999999999997,1187631,Ticket Gaines,NA,0,Providence,Providence,138,NA,Garwey Dual,Corey Floyd Jr.,Devin Carter,Bryce Hopkins,Ticket Gaines,Will McNair Jr.,Cam Carter,Arthur Kaluma,David N'Guessan,Tylor Perry
2023-24,2023-11-17,2576899,388,1,3,Providence,Kansas State,Friars,Wildcats,3,3,61,65,-4,1576,Providence,112,112,0,Rafael Castro with an offensive rebound.,NA,FALSE,FALSE,NA,NA,NA,NA,NA,NA,0,Providence,Providence,138,NA,Garwey Dual,Corey Floyd Jr.,Devin Carter,Bryce Hopkins,Ticket Gaines,Will McNair Jr.,Cam Carter,Arthur Kaluma,David N'Guessan,Tylor Perry
2023-24,2023-11-17,2576899,389,1,3,Providence,Kansas State,Friars,Wildcats,3,3,63,65,-2,1576,Providence,108,108,4,Rafael Castro makes a layup.,made,FALSE,FALSE,Layup Shot,26,6.25,1326422,Rafael Castro,NA,0,Providence,Kansas State,138,NA,Garwey Dual,Corey Floyd Jr.,Devin Carter,Bryce Hopkins,Ticket Gaines,Will McNair Jr.,Cam Carter,Arthur Kaluma,David N'Guessan,Tylor Perry
2023-24,2023-11-17,2576899,390,1,3,Providence,Kansas State,Friars,Wildcats,3,3,63,67,-4,1457,Kansas State,83,83,25,David N'Guessan makes a layup. Tylor Perry with the assist.,made,FALSE,FALSE,Layup Shot,25,5.25,1243716,David N'Guessan,Tylor Perry,0,Kansas State,Providence,139,NA,Garwey Dual,Corey Floyd Jr.,Devin Carter,Bryce Hopkins,Ticket Gaines,Will McNair Jr.,Cam Carter,Arthur Kaluma,David N'Guessan,Tylor Perry
2023-24,2023-11-17,2576899,391,1,3,Providence,Kansas State,Friars,Wildcats,3,3,63,67,-4,1576,Providence,63,63,20,Bryce Hopkins misses a 3-point jump shot from 23 feet out.,missed,FALSE,TRUE,Jump Shot,10.600000000000001,23.049999999999997,1340791,Bryce Hopkins,NA,0,Providence,Kansas State,140,NA,Garwey Dual,Corey Floyd Jr.,Devin Carter,Bryce Hopkins,Ticket Gaines,Will McNair Jr.,Cam Carter,Arthur Kaluma,David N'Guessan,Tylor Perry
2023-24,2023-11-17,2576899,393,1,3,Providence,Kansas State,Friars,Wildcats,3,3,63,67,-4,1576,Providence,63,63,0,Substitution: Corey Floyd Jr. in for Garwey Dual.,NA,FALSE,FALSE,NA,NA,NA,NA,NA,NA,1,NA,NA,NA,Sub already in game,Garwey Dual,Corey Floyd Jr.,Devin Carter,Bryce Hopkins,Ticket Gaines,Will McNair Jr.,Cam Carter,Arthur Kaluma,David N'Guessan,Tylor Perry
2023-24,2023-11-17,2576899,394,1,3,Providence,Kansas State,Friars,Wildcats,3,3,63,69,-6,1457,Kansas State,56,56,7,David N'Guessan makes a layup. Cam Carter with the assist.,made,FALSE,FALSE,Layup Shot,26,6.25,1243716,David N'Guessan,Cam Carter,0,Kansas State,Providence,141,NA,Garwey Dual,Corey Floyd Jr.,Devin Carter,Bryce Hopkins,Ticket Gaines,Will McNair Jr.,Cam Carter,Arthur Kaluma,David N'Guessan,Tylor Perry
2023-24,2023-11-17,2576899,395,1,3,Providence,Kansas State,Friars,Wildcats,3,3,63,69,-6,1576,Providence,48,48,8,Bryce Hopkins misses a 3-point jump shot from 24 feet out.,missed,FALSE,TRUE,Jump Shot,37,26.25,1340791,Bryce Hopkins,NA,0,Providence,Kansas State,142,NA,Garwey Dual,Corey Floyd Jr.,Devin Carter,Bryce Hopkins,Ticket Gaines,Will McNair Jr.,Cam Carter,Arthur Kaluma,David N'Guessan,Tylor Perry
2023-24,2023-11-17,2576899,397,1,3,Providence,Kansas State,Friars,Wildcats,2,3,63,69,-6,1576,Providence,48,48,0,Friars take a 30-second timeout.,NA,FALSE,FALSE,NA,NA,NA,NA,NA,NA,0,NA,NA,NA,NA,Garwey Dual,Corey Floyd Jr.,Devin Carter,Bryce Hopkins,Ticket Gaines,Will McNair Jr.,Cam Carter,Arthur Kaluma,David N'Guessan,Tylor Perry
2023-24,2023-11-17,2576899,398,1,3,Providence,Kansas State,Friars,Wildcats,2,3,63,69,-6,1576,Providence,48,48,0,Substitution: Garwey Dual in for Corey Floyd Jr..,NA,FALSE,FALSE,NA,NA,NA,NA,NA,NA,1,NA,NA,NA,Sub already in game,Garwey Dual,Corey Floyd Jr.,Devin Carter,Bryce Hopkins,Ticket Gaines,Will McNair Jr.,Cam Carter,Arthur Kaluma,David N'Guessan,Tylor Perry
2023-24,2023-11-17,2576899,399,1,3,Providence,Kansas State,Friars,Wildcats,2,3,63,69,-6,1576,Providence,46,46,2,Personal foul committed by Ticket Gaines.,NA,FALSE,FALSE,NA,NA,NA,NA,NA,NA,0,Kansas State,Kansas State,143,NA,Garwey Dual,Corey Floyd Jr.,Devin Carter,Bryce Hopkins,Ticket Gaines,Will McNair Jr.,Cam Carter,Arthur Kaluma,David N'Guessan,Tylor Perry
2023-24,2023-11-17,2576899,400,1,3,Providence,Kansas State,Friars,Wildcats,2,3,63,69,-6,1457,Kansas State,46,46,0,Arthur Kaluma misses free throw 1 of 2.,missed,TRUE,FALSE,NA,NA,NA,NA,NA,NA,0,Kansas State,Kansas State,143,NA,Garwey Dual,Corey Floyd Jr.,Devin Carter,Bryce Hopkins,Ticket Gaines,Will McNair Jr.,Cam Carter,Arthur Kaluma,David N'Guessan,Tylor Perry
2023-24,2023-11-17,2576899,402,1,3,Providence,Kansas State,Friars,Wildcats,2,3,63,69,-6,1576,Providence,46,46,0,Substitution: Corey Floyd Jr. in for Ticket Gaines.,NA,FALSE,FALSE,NA,NA,NA,NA,NA,NA,1,NA,NA,NA,Sub already in game,Garwey Dual,Corey Floyd Jr.,Devin Carter,Bryce Hopkins,Ticket Gaines,Will McNair Jr.,Cam Carter,Arthur Kaluma,David N'Guessan,Tylor Perry
2023-24,2023-11-17,2576899,403,1,3,Providence,Kansas State,Friars,Wildcats,2,3,63,69,-6,1457,Kansas State,46,46,0,Arthur Kaluma misses free throw 2 of 2.,missed,TRUE,FALSE,NA,NA,NA,NA,NA,NA,0,Kansas State,Kansas State,143,NA,Garwey Dual,Corey Floyd Jr.,Devin Carter,Bryce Hopkins,Ticket Gaines,Will McNair Jr.,Cam Carter,Arthur Kaluma,David N'Guessan,Tylor Perry
2023-24,2023-11-17,2576899,404,1,3,Providence,Kansas State,Friars,Wildcats,2,3,63,69,-6,1576,Providence,46,46,0,Bryce Hopkins with a defensive rebound.,NA,FALSE,FALSE,NA,NA,NA,NA,NA,NA,0,Kansas State,Providence,143,NA,Garwey Dual,Corey Floyd Jr.,Devin Carter,Bryce Hopkins,Ticket Gaines,Will McNair Jr.,Cam Carter,Arthur Kaluma,David N'Guessan,Tylor Perry
2023-24,2023-11-17,2576899,405,1,3,Providence,Kansas State,Friars,Wildcats,2,3,63,69,-6,1576,Providence,31,31,15,Devin Carter misses a 3-point jump shot from 23 feet out.,missed,FALSE,TRUE,Jump Shot,39.2,23.150000000000006,1340755,Devin Carter,NA,0,Providence,Providence,144,NA,Garwey Dual,Corey Floyd Jr.,Devin Carter,Bryce Hopkins,Ticket Gaines,Will McNair Jr.,Cam Carter,Arthur Kaluma,David N'Guessan,Tylor Perry
2023-24,2023-11-17,2576899,407,1,3,Providence,Kansas State,Friars,Wildcats,2,3,63,69,-6,1457,Kansas State,29,29,2,Personal foul committed by Tylor Perry.,NA,FALSE,FALSE,NA,NA,NA,NA,NA,NA,0,Providence,Providence,144,NA,Garwey Dual,Corey Floyd Jr.,Devin Carter,Bryce Hopkins,Ticket Gaines,Will McNair Jr.,Cam Carter,Arthur Kaluma,David N'Guessan,Tylor Perry
2023-24,2023-11-17,2576899,408,1,3,Providence,Kansas State,Friars,Wildcats,2,3,64,69,-5,1576,Providence,29,29,0,Devin Carter makes free throw 1 of 2.,made,TRUE,FALSE,NA,NA,NA,NA,NA,NA,0,Providence,Providence,144,NA,Garwey Dual,Corey Floyd Jr.,Devin Carter,Bryce Hopkins,Ticket Gaines,Will McNair Jr.,Cam Carter,Arthur Kaluma,David N'Guessan,Tylor Perry
2023-24,2023-11-17,2576899,409,1,3,Providence,Kansas State,Friars,Wildcats,2,3,64,69,-5,1576,Providence,29,29,0,Devin Carter misses free throw 2 of 2.,missed,TRUE,FALSE,NA,NA,NA,NA,NA,NA,0,Providence,Providence,144,NA,Garwey Dual,Corey Floyd Jr.,Devin Carter,Bryce Hopkins,Ticket Gaines,Will McNair Jr.,Cam Carter,Arthur Kaluma,David N'Guessan,Tylor Perry
2023-24,2023-11-17,2576899,410,1,3,Providence,Kansas State,Friars,Wildcats,2,3,64,69,-5,1457,Kansas State,29,29,0,Arthur Kaluma with a defensive rebound.,NA,FALSE,FALSE,NA,NA,NA,NA,NA,NA,0,Providence,Kansas State,144,NA,Garwey Dual,Corey Floyd Jr.,Devin Carter,Bryce Hopkins,Ticket Gaines,Will McNair Jr.,Cam Carter,Arthur Kaluma,David N'Guessan,Tylor Perry
2023-24,2023-11-17,2576899,411,1,3,Providence,Kansas State,Friars,Wildcats,2,3,64,69,-5,1576,Providence,26,26,3,Personal foul committed by Bryce Hopkins.,NA,FALSE,FALSE,NA,NA,NA,NA,NA,NA,0,Kansas State,Kansas State,145,NA,Garwey Dual,Corey Floyd Jr.,Devin Carter,Bryce Hopkins,Ticket Gaines,Will McNair Jr.,Cam Carter,Arthur Kaluma,David N'Guessan,Tylor Perry
2023-24,2023-11-17,2576899,412,1,3,Providence,Kansas State,Friars,Wildcats,2,3,64,70,-6,1457,Kansas State,26,26,0,Tylor Perry makes free throw 1 of 2.,made,TRUE,FALSE,NA,NA,NA,NA,NA,NA,0,Kansas State,Kansas State,145,NA,Garwey Dual,Corey Floyd Jr.,Devin Carter,Bryce Hopkins,Ticket Gaines,Will McNair Jr.,Cam Carter,Arthur Kaluma,David N'Guessan,Tylor Perry
2023-24,2023-11-17,2576899,413,1,3,Providence,Kansas State,Friars,Wildcats,2,3,64,71,-7,1457,Kansas State,26,26,0,Tylor Perry makes free throw 2 of 2.,made,TRUE,FALSE,NA,NA,NA,NA,NA,NA,0,Kansas State,Providence,145,NA,Garwey Dual,Corey Floyd Jr.,Devin Carter,Bryce Hopkins,Ticket Gaines,Will McNair Jr.,Cam Carter,Arthur Kaluma,David N'Guessan,Tylor Perry
2023-24,2023-11-17,2576899,414,1,3,Providence,Kansas State,Friars,Wildcats,2,3,64,71,-7,1457,Kansas State,18,18,8,Personal foul committed by Cam Carter.,NA,FALSE,FALSE,NA,NA,NA,NA,NA,NA,0,Providence,Providence,146,NA,Garwey Dual,Corey Floyd Jr.,Devin Carter,Bryce Hopkins,Ticket Gaines,Will McNair Jr.,Cam Carter,Arthur Kaluma,David N'Guessan,Tylor Perry
2023-24,2023-11-17,2576899,415,1,3,Providence,Kansas State,Friars,Wildcats,2,3,64,71,-7,1457,Kansas State,18,18,0,Substitution: Will McNair Jr. in for Cam Carter.,NA,FALSE,FALSE,NA,NA,NA,NA,NA,NA,1,NA,NA,NA,Sub already in game,Garwey Dual,Corey Floyd Jr.,Devin Carter,Bryce Hopkins,Ticket Gaines,Will McNair Jr.,Cam Carter,Arthur Kaluma,David N'Guessan,Tylor Perry
2023-24,2023-11-17,2576899,416,1,3,Providence,Kansas State,Friars,Wildcats,2,3,65,71,-6,1576,Providence,18,18,0,Devin Carter makes free throw 1 of 2.,made,TRUE,FALSE,NA,NA,NA,NA,NA,NA,0,Providence,Providence,146,NA,Garwey Dual,Corey Floyd Jr.,Devin Carter,Bryce Hopkins,Ticket Gaines,Will McNair Jr.,Cam Carter,Arthur Kaluma,David N'Guessan,Tylor Perry
2023-24,2023-11-17,2576899,417,1,3,Providence,Kansas State,Friars,Wildcats,2,3,66,71,-5,1576,Providence,18,18,0,Devin Carter makes free throw 2 of 2.,made,TRUE,FALSE,NA,NA,NA,NA,NA,NA,0,Providence,Kansas State,146,NA,Garwey Dual,Corey Floyd Jr.,Devin Carter,Bryce Hopkins,Ticket Gaines,Will McNair Jr.,Cam Carter,Arthur Kaluma,David N'Guessan,Tylor Perry
2023-24,2023-11-17,2576899,418,1,3,Providence,Kansas State,Friars,Wildcats,2,3,66,71,-5,1576,Providence,16,16,2,Personal foul committed by Corey Floyd Jr..,NA,FALSE,FALSE,NA,NA,NA,NA,NA,NA,0,Kansas State,Kansas State,147,NA,Garwey Dual,Corey Floyd Jr.,Devin Carter,Bryce Hopkins,Ticket Gaines,Will McNair Jr.,Cam Carter,Arthur Kaluma,David N'Guessan,Tylor Perry
2023-24,2023-11-17,2576899,419,1,3,Providence,Kansas State,Friars,Wildcats,2,3,66,72,-6,1457,Kansas State,16,16,0,Dai Dai Ames makes free throw 1 of 2.,made,TRUE,FALSE,NA,NA,NA,NA,NA,NA,0,Kansas State,Kansas State,147,NA,Garwey Dual,Corey Floyd Jr.,Devin Carter,Bryce Hopkins,Ticket Gaines,Will McNair Jr.,Cam Carter,Arthur Kaluma,David N'Guessan,Tylor Perry
2023-24,2023-11-17,2576899,420,1,3,Providence,Kansas State,Friars,Wildcats,2,3,66,73,-7,1457,Kansas State,16,16,0,Dai Dai Ames makes free throw 2 of 2.,made,TRUE,FALSE,NA,NA,NA,NA,NA,NA,0,Kansas State,Providence,147,NA,Garwey Dual,Corey Floyd Jr.,Devin Carter,Bryce Hopkins,Ticket Gaines,Will McNair Jr.,Cam Carter,Arthur Kaluma,David N'Guessan,Tylor Perry
2023-24,2023-11-17,2576899,421,1,3,Providence,Kansas State,Friars,Wildcats,2,3,66,73,-7,1457,Kansas State,16,16,0,Substitution: R.J. Jones in for Will McNair Jr..,NA,FALSE,FALSE,NA,NA,NA,NA,NA,NA,1,NA,NA,NA,NA,Garwey Dual,Corey Floyd Jr.,Devin Carter,Bryce Hopkins,Ticket Gaines,R.J. Jones,Cam Carter,Arthur Kaluma,David N'Guessan,Tylor Perry
2023-24,2023-11-17,2576899,422,1,3,Providence,Kansas State,Friars,Wildcats,2,3,66,73,-7,1576,Providence,9,9,7,Garwey Dual misses a layup.,missed,FALSE,FALSE,Layup Shot,25,5.25,1460371,Garwey Dual,NA,0,Providence,Providence,148,NA,Garwey Dual,Corey Floyd Jr.,Devin Carter,Bryce Hopkins,Ticket Gaines,R.J. Jones,Cam Carter,Arthur Kaluma,David N'Guessan,Tylor Perry
2023-24,2023-11-17,2576899,423,1,3,Providence,Kansas State,Friars,Wildcats,2,3,66,73,-7,1576,Providence,9,9,0,Garwey Dual with an offensive rebound.,NA,FALSE,FALSE,NA,NA,NA,NA,NA,NA,0,Providence,Providence,148,NA,Garwey Dual,Corey Floyd Jr.,Devin Carter,Bryce Hopkins,Ticket Gaines,R.J. Jones,Cam Carter,Arthur Kaluma,David N'Guessan,Tylor Perry
2023-24,2023-11-17,2576899,424,1,3,Providence,Kansas State,Friars,Wildcats,2,3,68,73,-5,1576,Providence,8,8,1,Garwey Dual makes a layup.,made,FALSE,FALSE,Layup Shot,26,6.25,1460371,Garwey Dual,NA,0,Providence,Kansas State,148,NA,Garwey Dual,Corey Floyd Jr.,Devin Carter,Bryce Hopkins,Ticket Gaines,R.J. Jones,Cam Carter,Arthur Kaluma,David N'Guessan,Tylor Perry
2023-24,2023-11-17,2576899,425,1,3,Providence,Kansas State,Friars,Wildcats,2,3,68,73,-5,1576,Providence,7,7,1,Flagrant foul committed by Garwey Dual.,NA,FALSE,FALSE,NA,NA,NA,NA,NA,NA,0,Kansas State,Providence,149,NA,Garwey Dual,Corey Floyd Jr.,Devin Carter,Bryce Hopkins,Ticket Gaines,R.J. Jones,Cam Carter,Arthur Kaluma,David N'Guessan,Tylor Perry
2023-24,2023-11-17,2576899,426,1,3,Providence,Kansas State,Friars,Wildcats,2,3,68,73,-5,1457,Kansas State,7,7,0,Flagrant foul committed by Dai Dai Ames.,NA,FALSE,FALSE,NA,NA,NA,NA,NA,NA,0,Providence,Providence,150,NA,Garwey Dual,Corey Floyd Jr.,Devin Carter,Bryce Hopkins,Ticket Gaines,R.J. Jones,Cam Carter,Arthur Kaluma,David N'Guessan,Tylor Perry
2023-24,2023-11-17,2576899,427,1,3,Providence,Kansas State,Friars,Wildcats,2,3,68,73,-5,1457,Kansas State,7,7,0,Substitution: Will McNair Jr. in for Dai Dai Ames.,NA,FALSE,FALSE,NA,NA,NA,NA,NA,NA,1,NA,NA,NA,Player leaving not previously in game,Garwey Dual,Corey Floyd Jr.,Devin Carter,Bryce Hopkins,Ticket Gaines,R.J. Jones,Cam Carter,Arthur Kaluma,David N'Guessan,Tylor Perry
2023-24,2023-11-17,2576899,428,1,3,Providence,Kansas State,Friars,Wildcats,2,3,68,73,-5,1576,Providence,7,7,0,Substitution: Rich Barron in for Garwey Dual.,NA,FALSE,FALSE,NA,NA,NA,NA,NA,NA,1,NA,NA,NA,NA,Rich Barron,Corey Floyd Jr.,Devin Carter,Bryce Hopkins,Ticket Gaines,R.J. Jones,Cam Carter,Arthur Kaluma,David N'Guessan,Tylor Perry
2023-24,2023-11-17,2576899,429,1,3,Providence,Kansas State,Friars,Wildcats,2,3,68,73,-5,1576,Providence,1,1,6,Devin Carter misses a 3-point jump shot from 23 feet out.,missed,FALSE,TRUE,Jump Shot,2,8.75,1340755,Devin Carter,NA,0,Providence,Providence,150,NA,Rich Barron,Corey Floyd Jr.,Devin Carter,Bryce Hopkins,Ticket Gaines,R.J. Jones,Cam Carter,Arthur Kaluma,David N'Guessan,Tylor Perry
2023-24,2023-11-17,2576899,430,1,3,Providence,Kansas State,Friars,Wildcats,2,3,68,73,-5,1576,Providence,1,1,0,Rich Barron with an offensive rebound.,NA,FALSE,FALSE,NA,NA,NA,NA,NA,NA,0,Providence,Providence,150,NA,Rich Barron,Corey Floyd Jr.,Devin Carter,Bryce Hopkins,Ticket Gaines,R.J. Jones,Cam Carter,Arthur Kaluma,David N'Guessan,Tylor Perry
2023-24,2023-11-17,2576899,431,1,3,Providence,Kansas State,Friars,Wildcats,2,3,70,73,-3,1576,Providence,0,0,1,Rich Barron makes a layup.,made,FALSE,FALSE,Layup Shot,26,6.25,1460372,Rich Barron,NA,0,Providence,Kansas State,150,NA,Rich Barron,Corey Floyd Jr.,Devin Carter,Bryce Hopkins,Ticket Gaines,R.J. Jones,Cam Carter,Arthur Kaluma,David N'Guessan,Tylor Perry
2023-24,2023-11-17,2576899,432,1,3,Providence,Kansas State,Friars,Wildcats,2,3,70,73,-3,NA,NA,0,0,0,End of the Overtime,NA,FALSE,FALSE,NA,NA,NA,NA,NA,NA,0,NA,NA,NA,NA,Rich Barron,Corey Floyd Jr.,Devin Carter,Bryce Hopkins,Ticket Gaines,R.J. Jones,Cam Carter,Arthur Kaluma,David N'Guessan,Tylor Perry
2023-24,2023-11-17,2576899,433,1,3,Providence,Kansas State,Friars,Wildcats,2,3,70,73,-3,NA,NA,0,0,0,End of the Game,NA,FALSE,FALSE,NA,NA,NA,NA,NA,NA,0,Kansas State,Kansas State,NA,NA,Rich Barron,Corey Floyd Jr.,Devin Carter,Bryce Hopkins,Ticket Gaines,R.J. Jones,Cam Carter,Arthur Kaluma,David N'Guessan,Tylor Perry
