season,date,game_id,play_id,neutral,half,home,away,home_name,away_name,home_timeouts,away_timeouts,home_score,away_score,score_diff,team_id,event_team,game_secs_remaining,half_secs_remaining,play_length,desc,shot_outcome,free_throw,three_pt,shot_desc,loc_x,loc_y,shooter_id,shooter,assist,substitution,poss_before,poss_after,poss_number
2023-24,2023-11-18,2587516,1,1,1,Washington State,Mississippi State,Cougars,Bulldogs,4,4,0,0,0,1686,Washington State,NA,NA,NA,Starting Lineup - Isaac Jones,NA,FALSE,FALSE,NA,NA,NA,NA,NA,NA,1,NA,NA,NA
2023-24,2023-11-18,2587516,1,1,1,Washington State,Mississippi State,Cougars,Bulldogs,4,4,0,0,0,1686,Washington State,NA,NA,NA,Starting Lineup - Andrej Jakimovski,NA,FALSE,FALSE,NA,NA,NA,NA,NA,NA,1,NA,NA,NA
2023-24,2023-11-18,2587516,1,1,1,Washington State,Mississippi State,Cougars,Bulldogs,4,4,0,0,0,1686,Washington State,NA,NA,NA,Starting Lineup - Joseph Yesufu,NA,FALSE,FALSE,NA,NA,NA,NA,NA,NA,1,NA,NA,NA
2023-24,2023-11-18,2587516,1,1,1,Washington State,Mississippi State,Cougars,Bulldogs,4,4,0,0,0,1506,Mississippi State,NA,NA,NA,Starting Lineup - D.J. Jeffries,NA,FALSE,FALSE,NA,NA,NA,NA,NA,NA,1,NA,NA,NA
2023-24,2023-11-18,2587516,1,1,1,Washington State,Mississippi State,Cougars,Bulldogs,4,4,0,0,0,1506,Mississippi State,NA,NA,NA,Starting Lineup - Dashawn Davis,NA,FALSE,FALSE,NA,NA,NA,NA,NA,NA,1,NA,NA,NA
2023-24,2023-11-18,2587516,1,1,1,Washington State,Mississippi State,Cougars,Bulldogs,4,4,0,0,0,1686,Washington State,NA,NA,NA,Starting Lineup - Myles Rice,NA,FALSE,FALSE,NA,NA,NA,NA,NA,NA,1,NA,NA,NA
2023-24,2023-11-18,2587516,1,1,1,Washington State,Mississippi State,Cougars,Bulldogs,4,4,0,0,0,1506,Mississippi State,NA,NA,NA,Starting Lineup - Cameron Matthews,NA,FALSE,FALSE,NA,NA,NA,NA,NA,NA,1,NA,NA,NA
2023-24,2023-11-18,2587516,1,1,1,Washington State,Mississippi State,Cougars,Bulldogs,4,4,0,0,0,1506,Mississippi State,NA,NA,NA,Starting Lineup - Jimmy Bell Jr.,NA,FALSE,FALSE,NA,NA,NA,NA,NA,NA,1,NA,NA,NA
2023-24,2023-11-18,2587516,1,1,1,Washington State,Mississippi State,Cougars,Bulldogs,4,4,0,0,0,1686,Washington State,NA,NA,NA,Starting Lineup - Oscar Cluff,NA,FALSE,FALSE,NA,NA,NA,NA,NA,NA,1,NA,NA,NA
2023-24,2023-11-18,2587516,1,1,1,Washington State,Mississippi State,Cougars,Bulldogs,4,4,0,0,0,1506,Mississippi State,NA,NA,NA,Starting Lineup - Trey Fort,NA,FALSE,FALSE,NA,NA,NA,NA,NA,NA,1,NA,NA,NA
2023-24,2023-11-18,2587516,2,1,1,Washington State,Mississippi State,Cougars,Bulldogs,4,4,0,0,0,NA,NA,2400,1200,NA,Start of the 1st Half,NA,FALSE,FALSE,NA,NA,NA,NA,NA,NA,0,NA,Washington State,1
2023-24,2023-11-18,2587516,3,1,1,Washington State,Mississippi State,Cougars,Bulldogs,4,4,0,0,0,1686,Washington State,2379,1179,21,Cameron Matthews steals the ball from Isaac Jones.,NA,FALSE,FALSE,NA,NA,NA,NA,NA,NA,0,Washington State,Mississippi State,1
2023-24,2023-11-18,2587516,4,1,1,Washington State,Mississippi State,Cougars,Bulldogs,4,4,0,0,0,1506,Mississippi State,2365,1165,14,Andrej Jakimovski blocks a Cameron Matthews jump shot from 8 feet out.,missed,FALSE,FALSE,Jump Shot,22,13.25,1232533,Cameron Matthews,NA,0,Mississippi State,Mississippi State,2
2023-24,2023-11-18,2587516,5,1,1,Washington State,Mississippi State,Cougars,Bulldogs,4,4,0,0,0,1506,Mississippi State,2365,1165,0,Cameron Matthews with an offensive rebound.,NA,FALSE,FALSE,NA,NA,NA,NA,NA,NA,0,Mississippi State,Mississippi State,2
2023-24,2023-11-18,2587516,6,1,1,Washington State,Mississippi State,Cougars,Bulldogs,4,4,0,0,0,1686,Washington State,2360,1160,5,Personal foul committed by Joseph Yesufu.,NA,FALSE,FALSE,NA,NA,NA,NA,NA,NA,0,Mississippi State,Mississippi State,2
2023-24,2023-11-18,2587516,7,1,1,Washington State,Mississippi State,Cougars,Bulldogs,4,4,0,2,-2,1506,Mississippi State,2339,1139,21,Trey Fort makes a layup. Dashawn Davis with the assist.,made,FALSE,FALSE,Layup Shot,25,5.25,1234749,Trey Fort,Dashawn Davis,0,Mississippi State,Washington State,2
2023-24,2023-11-18,2587516,8,1,1,Washington State,Mississippi State,Cougars,Bulldogs,4,4,0,2,-2,1686,Washington State,2305,1105,34,Joseph Yesufu misses a 3-point jump shot from 24 feet out.,missed,FALSE,TRUE,Jump Shot,5.5,18.549999999999997,1180093,Joseph Yesufu,NA,0,Washington State,Washington State,3
2023-24,2023-11-18,2587516,9,1,1,Washington State,Mississippi State,Cougars,Bulldogs,4,4,0,2,-2,1506,Mississippi State,2305,1105,0,Trey Fort with a defensive rebound.,NA,FALSE,FALSE,NA,NA,NA,NA,NA,NA,0,Washington State,Mississippi State,3
2023-24,2023-11-18,2587516,10,1,1,Washington State,Mississippi State,Cougars,Bulldogs,4,4,0,2,-2,1506,Mississippi State,2305,1105,0,D.J. Jeffries misses a 3-point jump shot from 23 feet out.,missed,FALSE,TRUE,Jump Shot,7.699999999999999,20.75,1175092,D.J. Jeffries,NA,0,Mississippi State,Mississippi State,4
2023-24,2023-11-18,2587516,11,1,1,Washington State,Mississippi State,Cougars,Bulldogs,4,4,0,2,-2,1686,Washington State,2305,1105,0,Andrej Jakimovski with a defensive rebound.,NA,FALSE,FALSE,NA,NA,NA,NA,NA,NA,0,Mississippi State,Washington State,4
2023-24,2023-11-18,2587516,12,1,1,Washington State,Mississippi State,Cougars,Bulldogs,4,4,2,2,0,1686,Washington State,2291,1091,14,Joseph Yesufu makes a layup. Oscar Cluff with the assist.,made,FALSE,FALSE,Layup Shot,25,5.25,1180093,Joseph Yesufu,Oscar Cluff,0,Washington State,Mississippi State,5
2023-24,2023-11-18,2587516,13,1,1,Washington State,Mississippi State,Cougars,Bulldogs,4,4,2,4,-2,1506,Mississippi State,2272,1072,19,Cameron Matthews makes a layup.,made,FALSE,FALSE,Layup Shot,25,5.25,1232533,Cameron Matthews,NA,0,Mississippi State,Washington State,6
2023-24,2023-11-18,2587516,14,1,1,Washington State,Mississippi State,Cougars,Bulldogs,4,4,4,4,0,1686,Washington State,2245,1045,27,Myles Rice makes a layup.,made,FALSE,FALSE,Layup Shot,25,5.25,1325090,Myles Rice,NA,0,Washington State,Washington State,7
2023-24,2023-11-18,2587516,15,1,1,Washington State,Mississippi State,Cougars,Bulldogs,4,4,4,4,0,1506,Mississippi State,2245,1045,0,Shooting foul committed by Cameron Matthews.,NA,FALSE,FALSE,NA,NA,NA,NA,NA,NA,0,Washington State,Washington State,7
2023-24,2023-11-18,2587516,16,1,1,Washington State,Mississippi State,Cougars,Bulldogs,4,4,5,4,1,1686,Washington State,2245,1045,0,Myles Rice makes free throw 1 of 1.,made,TRUE,FALSE,NA,NA,NA,NA,NA,NA,0,Washington State,Mississippi State,7
2023-24,2023-11-18,2587516,17,1,1,Washington State,Mississippi State,Cougars,Bulldogs,4,4,5,4,1,1506,Mississippi State,2215,1015,30,Cameron Matthews misses a 3-point jump shot from 25 feet out.,missed,FALSE,TRUE,Jump Shot,43.4,21.45,1232533,Cameron Matthews,NA,0,Mississippi State,Mississippi State,8
2023-24,2023-11-18,2587516,19,1,1,Washington State,Mississippi State,Cougars,Bulldogs,4,4,5,4,1,1506,Mississippi State,2214,1014,1,Bulldogs with a turnover: Shot Clock Turnover,NA,FALSE,FALSE,NA,NA,NA,NA,NA,NA,0,Mississippi State,Washington State,8
2023-24,2023-11-18,2587516,20,1,1,Washington State,Mississippi State,Cougars,Bulldogs,4,4,5,4,1,1686,Washington State,2203,1003,11,Myles Rice misses a layup.,missed,FALSE,FALSE,Layup Shot,26,6.25,1325090,Myles Rice,NA,0,Washington State,Washington State,9
2023-24,2023-11-18,2587516,21,1,1,Washington State,Mississippi State,Cougars,Bulldogs,4,4,5,4,1,1686,Washington State,2203,1003,0,Oscar Cluff with an offensive rebound.,NA,FALSE,FALSE,NA,NA,NA,NA,NA,NA,0,Washington State,Washington State,9
2023-24,2023-11-18,2587516,22,1,1,Washington State,Mississippi State,Cougars,Bulldogs,4,4,5,4,1,1686,Washington State,2200,1000,3,Oscar Cluff misses a jump shot from 10 feet out.,missed,FALSE,FALSE,Jump Shot,18.1,12.049999999999997,1482307,Oscar Cluff,NA,0,Washington State,Washington State,9
2023-24,2023-11-18,2587516,23,1,1,Washington State,Mississippi State,Cougars,Bulldogs,4,4,5,4,1,1686,Washington State,2200,1000,0,Oscar Cluff with an offensive rebound.,NA,FALSE,FALSE,NA,NA,NA,NA,NA,NA,0,Washington State,Washington State,9
2023-24,2023-11-18,2587516,24,1,1,Washington State,Mississippi State,Cougars,Bulldogs,4,4,7,4,3,1686,Washington State,2198,998,2,Oscar Cluff makes a layup.,made,FALSE,FALSE,Layup Shot,26,6.25,1482307,Oscar Cluff,NA,0,Washington State,Mississippi State,9
2023-24,2023-11-18,2587516,25,1,1,Washington State,Mississippi State,Cougars,Bulldogs,4,4,7,4,3,1686,Washington State,2184,984,14,Shooting foul committed by Oscar Cluff.,NA,FALSE,FALSE,NA,NA,NA,NA,NA,NA,0,Mississippi State,Mississippi State,10
2023-24,2023-11-18,2587516,26,1,1,Washington State,Mississippi State,Cougars,Bulldogs,4,4,7,4,3,1506,Mississippi State,2184,984,0,Jimmy Bell Jr. misses free throw 1 of 2.,missed,TRUE,FALSE,NA,NA,NA,NA,NA,NA,0,Mississippi State,Mississippi State,10
2023-24,2023-11-18,2587516,28,1,1,Washington State,Mississippi State,Cougars,Bulldogs,4,4,7,5,2,1506,Mississippi State,2184,984,0,Jimmy Bell Jr. makes free throw 2 of 2.,made,TRUE,FALSE,NA,NA,NA,NA,NA,NA,0,Mississippi State,Washington State,10
2023-24,2023-11-18,2587516,29,1,1,Washington State,Mississippi State,Cougars,Bulldogs,4,4,7,5,2,1686,Washington State,2161,961,23,Joseph Yesufu misses a layup.,missed,FALSE,FALSE,Layup Shot,25,5.25,1180093,Joseph Yesufu,NA,0,Washington State,Washington State,11
2023-24,2023-11-18,2587516,30,1,1,Washington State,Mississippi State,Cougars,Bulldogs,4,4,7,5,2,1506,Mississippi State,2161,961,0,Josh Hubbard with a defensive rebound.,NA,FALSE,FALSE,NA,NA,NA,NA,NA,NA,0,Washington State,Mississippi State,11
2023-24,2023-11-18,2587516,31,1,1,Washington State,Mississippi State,Cougars,Bulldogs,4,4,7,5,2,1506,Mississippi State,2154,954,7,Josh Hubbard with a turnover - Bad Pass,NA,FALSE,FALSE,NA,NA,NA,NA,NA,NA,0,Mississippi State,Washington State,12
2023-24,2023-11-18,2587516,32,1,1,Washington State,Mississippi State,Cougars,Bulldogs,4,3,7,5,2,1506,Mississippi State,2154,954,0,Bulldogs take a full timeout.,NA,FALSE,FALSE,NA,NA,NA,NA,NA,NA,0,NA,NA,NA
2023-24,2023-11-18,2587516,33,1,1,Washington State,Mississippi State,Cougars,Bulldogs,4,3,7,5,2,1686,Washington State,2148,948,6,Rueben Chinyelu misses a jump shot from 8 feet out.,missed,FALSE,FALSE,Jump Shot,18.2,10.150000000000006,1461371,Rueben Chinyelu,NA,0,Washington State,Washington State,13
2023-24,2023-11-18,2587516,34,1,1,Washington State,Mississippi State,Cougars,Bulldogs,4,3,7,5,2,1506,Mississippi State,2148,948,0,Jimmy Bell Jr. with a defensive rebound.,NA,FALSE,FALSE,NA,NA,NA,NA,NA,NA,0,Washington State,Mississippi State,13
2023-24,2023-11-18,2587516,35,1,1,Washington State,Mississippi State,Cougars,Bulldogs,4,3,7,5,2,1506,Mississippi State,2137,937,11,Shawn Jones Jr. with a turnover - Out of Bounds,NA,FALSE,FALSE,NA,NA,NA,NA,NA,NA,0,Mississippi State,Washington State,14
2023-24,2023-11-18,2587516,36,1,1,Washington State,Mississippi State,Cougars,Bulldogs,4,3,7,5,2,1686,Washington State,2125,925,12,Andrej Jakimovski misses a 3-point jump shot from 24 feet out.,missed,FALSE,TRUE,Jump Shot,5.799999999999997,20.049999999999997,1231425,Andrej Jakimovski,NA,0,Washington State,Washington State,15
2023-24,2023-11-18,2587516,37,1,1,Washington State,Mississippi State,Cougars,Bulldogs,4,3,7,5,2,1506,Mississippi State,2125,925,0,Trey Fort with a defensive rebound.,NA,FALSE,FALSE,NA,NA,NA,NA,NA,NA,0,Washington State,Mississippi State,15
2023-24,2023-11-18,2587516,38,1,1,Washington State,Mississippi State,Cougars,Bulldogs,4,3,7,5,2,1506,Mississippi State,2113,913,12,Trey Fort misses a 3-point jump shot from 25 feet out.,missed,FALSE,TRUE,Jump Shot,43.1,22.65,1234749,Trey Fort,NA,0,Mississippi State,Mississippi State,16
2023-24,2023-11-18,2587516,39,1,1,Washington State,Mississippi State,Cougars,Bulldogs,4,3,7,5,2,1686,Washington State,2113,913,0,Isaac Jones with a defensive rebound.,NA,FALSE,FALSE,NA,NA,NA,NA,NA,NA,0,Mississippi State,Washington State,16
2023-24,2023-11-18,2587516,40,1,1,Washington State,Mississippi State,Cougars,Bulldogs,4,3,7,5,2,1686,Washington State,2104,904,9,Myles Rice misses a jump shot from 7 feet out.,missed,FALSE,FALSE,Jump Shot,20.1,9.849999999999994,1325090,Myles Rice,NA,0,Washington State,Washington State,17
2023-24,2023-11-18,2587516,41,1,1,Washington State,Mississippi State,Cougars,Bulldogs,4,3,7,5,2,1686,Washington State,2104,904,0,Rueben Chinyelu with an offensive rebound.,NA,FALSE,FALSE,NA,NA,NA,NA,NA,NA,0,Washington State,Washington State,17
2023-24,2023-11-18,2587516,42,1,1,Washington State,Mississippi State,Cougars,Bulldogs,4,3,9,5,4,1686,Washington State,2102,902,2,Rueben Chinyelu makes a jump shot from 12 feet out.,made,FALSE,FALSE,Jump Shot,20.3,15.950000000000003,1461371,Rueben Chinyelu,NA,0,Washington State,Mississippi State,17
2023-24,2023-11-18,2587516,43,1,1,Washington State,Mississippi State,Cougars,Bulldogs,4,3,9,5,4,1686,Washington State,2089,889,13,Personal foul committed by Rueben Chinyelu.,NA,FALSE,FALSE,NA,NA,NA,NA,NA,NA,0,Mississippi State,Mississippi State,18
2023-24,2023-11-18,2587516,44,1,1,Washington State,Mississippi State,Cougars,Bulldogs,4,3,9,8,1,1506,Mississippi State,2077,877,12,Shawn Jones Jr. makes a 3-point jump shot from 22 feet out. Jimmy Bell Jr. with the assist.,made,FALSE,TRUE,Jump Shot,41,20.95,1408261,Shawn Jones Jr.,Jimmy Bell Jr.,0,Mississippi State,Washington State,18
2023-24,2023-11-18,2587516,45,1,1,Washington State,Mississippi State,Cougars,Bulldogs,4,3,9,8,1,1686,Washington State,2065,865,12,Andrej Jakimovski misses a 3-point jump shot from 24 feet out.,missed,FALSE,TRUE,Jump Shot,45.3,18.950000000000003,1231425,Andrej Jakimovski,NA,0,Washington State,Mississippi State,19
2023-24,2023-11-18,2587516,47,1,1,Washington State,Mississippi State,Cougars,Bulldogs,4,3,9,8,1,1506,Mississippi State,2052,852,13,Josh Hubbard misses a 3-point jump shot from 22 feet out.,missed,FALSE,TRUE,Jump Shot,4.399999999999999,13.95,1468440,Josh Hubbard,NA,0,Mississippi State,Mississippi State,20
2023-24,2023-11-18,2587516,48,1,1,Washington State,Mississippi State,Cougars,Bulldogs,4,3,9,8,1,1506,Mississippi State,2052,852,0,Cameron Matthews with an offensive rebound.,NA,FALSE,FALSE,NA,NA,NA,NA,NA,NA,0,Mississippi State,Mississippi State,20
2023-24,2023-11-18,2587516,49,1,1,Washington State,Mississippi State,Cougars,Bulldogs,4,3,9,8,1,1506,Mississippi State,2030,830,22,Bulldogs with a turnover: Shot Clock Turnover,NA,FALSE,FALSE,NA,NA,NA,NA,NA,NA,0,Mississippi State,Washington State,20
2023-24,2023-11-18,2587516,50,1,1,Washington State,Mississippi State,Cougars,Bulldogs,4,3,9,8,1,1686,Washington State,2010,810,20,Myles Rice misses a jump shot from 8 feet out.,missed,FALSE,FALSE,Jump Shot,22.7,13.349999999999994,1325090,Myles Rice,NA,0,Washington State,Washington State,21
2023-24,2023-11-18,2587516,51,1,1,Washington State,Mississippi State,Cougars,Bulldogs,4,3,9,8,1,1506,Mississippi State,2010,810,0,Shakeel Moore with a defensive rebound.,NA,FALSE,FALSE,NA,NA,NA,NA,NA,NA,0,Washington State,Mississippi State,21
2023-24,2023-11-18,2587516,52,1,1,Washington State,Mississippi State,Cougars,Bulldogs,4,3,9,10,-1,1506,Mississippi State,1989,789,21,Cameron Matthews makes a layup.,made,FALSE,FALSE,Layup Shot,25,5.25,1232533,Cameron Matthews,NA,0,Mississippi State,Mississippi State,22
2023-24,2023-11-18,2587516,53,1,1,Washington State,Mississippi State,Cougars,Bulldogs,4,3,9,10,-1,1686,Washington State,1989,789,0,Shooting foul committed by Rueben Chinyelu.,NA,FALSE,FALSE,NA,NA,NA,NA,NA,NA,0,Mississippi State,Mississippi State,22
2023-24,2023-11-18,2587516,54,1,1,Washington State,Mississippi State,Cougars,Bulldogs,4,3,9,11,-2,1506,Mississippi State,1989,789,0,Cameron Matthews makes free throw 1 of 1.,made,TRUE,FALSE,NA,NA,NA,NA,NA,NA,0,Mississippi State,Washington State,22
2023-24,2023-11-18,2587516,55,1,1,Washington State,Mississippi State,Cougars,Bulldogs,4,3,9,11,-2,1686,Washington State,1973,773,16,Joseph Yesufu misses a 3-point jump shot from 24 feet out.,missed,FALSE,TRUE,Jump Shot,6.399999999999999,20.549999999999997,1180093,Joseph Yesufu,NA,0,Washington State,Washington State,23
2023-24,2023-11-18,2587516,56,1,1,Washington State,Mississippi State,Cougars,Bulldogs,4,3,9,11,-2,1506,Mississippi State,1973,773,0,Cameron Matthews with a defensive rebound.,NA,FALSE,FALSE,NA,NA,NA,NA,NA,NA,0,Washington State,Mississippi State,23
2023-24,2023-11-18,2587516,57,1,1,Washington State,Mississippi State,Cougars,Bulldogs,4,3,9,11,-2,1506,Mississippi State,1959,759,14,Cameron Matthews misses a layup.,missed,FALSE,FALSE,Layup Shot,26,6.25,1232533,Cameron Matthews,NA,0,Mississippi State,Mississippi State,24
2023-24,2023-11-18,2587516,58,1,1,Washington State,Mississippi State,Cougars,Bulldogs,4,3,9,11,-2,1686,Washington State,1959,759,0,Andrej Jakimovski with a defensive rebound.,NA,FALSE,FALSE,NA,NA,NA,NA,NA,NA,0,Mississippi State,Washington State,24
2023-24,2023-11-18,2587516,59,1,1,Washington State,Mississippi State,Cougars,Bulldogs,4,3,9,11,-2,1506,Mississippi State,1947,747,12,Personal foul committed by Shawn Jones Jr..,NA,FALSE,FALSE,NA,NA,NA,NA,NA,NA,0,Washington State,Washington State,25
2023-24,2023-11-18,2587516,60,1,1,Washington State,Mississippi State,Cougars,Bulldogs,4,3,12,11,1,1686,Washington State,1930,730,17,Andrej Jakimovski makes a 3-point jump shot from 24 feet out.,made,FALSE,TRUE,Jump Shot,25.5,29.25,1231425,Andrej Jakimovski,NA,0,Washington State,Mississippi State,25
2023-24,2023-11-18,2587516,61,1,1,Washington State,Mississippi State,Cougars,Bulldogs,4,3,12,13,-1,1506,Mississippi State,1911,711,19,Dashawn Davis makes a layup.,made,FALSE,FALSE,Layup Shot,26,6.25,1325119,Dashawn Davis,NA,0,Mississippi State,Washington State,26
2023-24,2023-11-18,2587516,62,1,1,Washington State,Mississippi State,Cougars,Bulldogs,4,3,14,13,1,1686,Washington State,1885,685,26,Andrej Jakimovski makes a layup. Oscar Cluff with the assist.,made,FALSE,FALSE,Layup Shot,25,5.25,1231425,Andrej Jakimovski,Oscar Cluff,0,Washington State,Mississippi State,27
2023-24,2023-11-18,2587516,63,1,1,Washington State,Mississippi State,Cougars,Bulldogs,4,3,14,13,1,1506,Mississippi State,1878,678,7,Dashawn Davis misses a 3-point jump shot from 24 feet out.,missed,FALSE,TRUE,Jump Shot,27.7,29.45,1325119,Dashawn Davis,NA,0,Mississippi State,Mississippi State,28
2023-24,2023-11-18,2587516,65,1,1,Washington State,Mississippi State,Cougars,Bulldogs,4,3,14,13,1,1686,Washington State,1875,675,3,Personal foul committed by Andrej Jakimovski.,NA,FALSE,FALSE,NA,NA,NA,NA,NA,NA,0,Mississippi State,Mississippi State,28
2023-24,2023-11-18,2587516,66,1,1,Washington State,Mississippi State,Cougars,Bulldogs,3,3,14,13,1,1686,Washington State,1875,675,0,Cougars take a full timeout.,NA,FALSE,FALSE,NA,NA,NA,NA,NA,NA,0,NA,NA,NA
2023-24,2023-11-18,2587516,67,1,1,Washington State,Mississippi State,Cougars,Bulldogs,3,3,14,13,1,1506,Mississippi State,1859,659,16,Cameron Matthews misses a 3-point jump shot from 24 feet out.,missed,FALSE,TRUE,Jump Shot,46,15.95,1232533,Cameron Matthews,NA,0,Mississippi State,Mississippi State,28
2023-24,2023-11-18,2587516,68,1,1,Washington State,Mississippi State,Cougars,Bulldogs,3,3,14,13,1,1686,Washington State,1859,659,0,Myles Rice with a defensive rebound.,NA,FALSE,FALSE,NA,NA,NA,NA,NA,NA,0,Mississippi State,Washington State,28
2023-24,2023-11-18,2587516,69,1,1,Washington State,Mississippi State,Cougars,Bulldogs,3,3,14,13,1,1686,Washington State,1851,651,8,Oscar Cluff misses a layup.,missed,FALSE,FALSE,Layup Shot,25,5.25,1482307,Oscar Cluff,NA,0,Washington State,Washington State,29
2023-24,2023-11-18,2587516,70,1,1,Washington State,Mississippi State,Cougars,Bulldogs,3,3,14,13,1,1506,Mississippi State,1851,651,0,Cameron Matthews with a defensive rebound.,NA,FALSE,FALSE,NA,NA,NA,NA,NA,NA,0,Washington State,Mississippi State,29
2023-24,2023-11-18,2587516,71,1,1,Washington State,Mississippi State,Cougars,Bulldogs,3,3,14,15,-1,1506,Mississippi State,1843,643,8,Cameron Matthews makes a layup.,made,FALSE,FALSE,Layup Shot,25,5.25,1232533,Cameron Matthews,NA,0,Mississippi State,Washington State,30
2023-24,2023-11-18,2587516,72,1,1,Washington State,Mississippi State,Cougars,Bulldogs,3,3,14,15,-1,1506,Mississippi State,1829,629,14,Shooting foul committed by Cameron Matthews.,NA,FALSE,FALSE,NA,NA,NA,NA,NA,NA,0,Washington State,Washington State,31
2023-24,2023-11-18,2587516,73,1,1,Washington State,Mississippi State,Cougars,Bulldogs,3,3,15,15,0,1686,Washington State,1829,629,0,Myles Rice makes free throw 1 of 2.,made,TRUE,FALSE,NA,NA,NA,NA,NA,NA,0,Washington State,Washington State,31
2023-24,2023-11-18,2587516,74,1,1,Washington State,Mississippi State,Cougars,Bulldogs,3,3,16,15,1,1686,Washington State,1829,629,0,Myles Rice makes free throw 2 of 2.,made,TRUE,FALSE,NA,NA,NA,NA,NA,NA,0,Washington State,Mississippi State,31
2023-24,2023-11-18,2587516,75,1,1,Washington State,Mississippi State,Cougars,Bulldogs,3,3,16,17,-1,1506,Mississippi State,1815,615,14,Dashawn Davis makes a jump shot from 6 feet out.,made,FALSE,FALSE,Jump Shot,24.2,11.45,1325119,Dashawn Davis,NA,0,Mississippi State,Washington State,32
2023-24,2023-11-18,2587516,76,1,1,Washington State,Mississippi State,Cougars,Bulldogs,3,3,16,17,-1,1506,Mississippi State,1800,600,15,Personal foul committed by Shawn Jones Jr..,NA,FALSE,FALSE,NA,NA,NA,NA,NA,NA,0,Washington State,Washington State,33
2023-24,2023-11-18,2587516,77,1,1,Washington State,Mississippi State,Cougars,Bulldogs,3,3,16,17,-1,1686,Washington State,1792,592,8,Jabe Mullins misses a 3-point jump shot from 23 feet out.,missed,FALSE,TRUE,Jump Shot,1.6000000000000014,6.150000000000006,1231554,Jabe Mullins,NA,0,Washington State,Washington State,33
2023-24,2023-11-18,2587516,78,1,1,Washington State,Mississippi State,Cougars,Bulldogs,3,3,16,17,-1,1686,Washington State,1792,592,0,Oscar Cluff with an offensive rebound.,NA,FALSE,FALSE,NA,NA,NA,NA,NA,NA,0,Washington State,Washington State,33
2023-24,2023-11-18,2587516,79,1,1,Washington State,Mississippi State,Cougars,Bulldogs,3,3,16,17,-1,1506,Mississippi State,1784,584,8,Shooting foul committed by Shakeel Moore.,NA,FALSE,FALSE,NA,NA,NA,NA,NA,NA,0,Washington State,Washington State,33
2023-24,2023-11-18,2587516,80,1,1,Washington State,Mississippi State,Cougars,Bulldogs,3,3,17,17,0,1686,Washington State,1784,584,0,Kymany Houinsou makes free throw 1 of 2.,made,TRUE,FALSE,NA,NA,NA,NA,NA,NA,0,Washington State,Washington State,33
2023-24,2023-11-18,2587516,81,1,1,Washington State,Mississippi State,Cougars,Bulldogs,3,3,17,17,0,1686,Washington State,1784,584,0,Kymany Houinsou misses free throw 2 of 2.,missed,TRUE,FALSE,NA,NA,NA,NA,NA,NA,0,Washington State,Washington State,33
2023-24,2023-11-18,2587516,82,1,1,Washington State,Mississippi State,Cougars,Bulldogs,3,3,17,17,0,1506,Mississippi State,1784,584,0,Jimmy Bell Jr. with a defensive rebound.,NA,FALSE,FALSE,NA,NA,NA,NA,NA,NA,0,Washington State,Mississippi State,33
2023-24,2023-11-18,2587516,83,1,1,Washington State,Mississippi State,Cougars,Bulldogs,3,3,17,17,0,1506,Mississippi State,1771,571,13,Jabe Mullins steals the ball from Dashawn Davis.,NA,FALSE,FALSE,NA,NA,NA,NA,NA,NA,0,Mississippi State,Washington State,34
2023-24,2023-11-18,2587516,84,1,1,Washington State,Mississippi State,Cougars,Bulldogs,3,3,17,17,0,1686,Washington State,1766,566,5,Dashawn Davis steals the ball from Myles Rice.,NA,FALSE,FALSE,NA,NA,NA,NA,NA,NA,0,Washington State,Mississippi State,35
2023-24,2023-11-18,2587516,85,1,1,Washington State,Mississippi State,Cougars,Bulldogs,3,3,17,19,-2,1506,Mississippi State,1756,556,10,Shakeel Moore makes a layup.,made,FALSE,FALSE,Layup Shot,26,6.25,1241399,Shakeel Moore,NA,0,Mississippi State,Washington State,36
2023-24,2023-11-18,2587516,86,1,1,Washington State,Mississippi State,Cougars,Bulldogs,3,3,17,19,-2,1686,Washington State,1741,541,15,Dashawn Davis steals the ball from Myles Rice.,NA,FALSE,FALSE,NA,NA,NA,NA,NA,NA,0,Washington State,Mississippi State,37
2023-24,2023-11-18,2587516,87,1,1,Washington State,Mississippi State,Cougars,Bulldogs,3,3,17,22,-5,1506,Mississippi State,1726,526,15,Shakeel Moore makes a 3-point jump shot from 24 feet out. Dashawn Davis with the assist.,made,FALSE,TRUE,Jump Shot,45.6,17.25,1241399,Shakeel Moore,Dashawn Davis,0,Mississippi State,Washington State,38
2023-24,2023-11-18,2587516,88,1,1,Washington State,Mississippi State,Cougars,Bulldogs,3,3,17,22,-5,1686,Washington State,1706,506,20,Jabe Mullins misses a 3-point jump shot from 26 feet out.,missed,FALSE,TRUE,Jump Shot,42,26.25,1231554,Jabe Mullins,NA,0,Washington State,Washington State,39
2023-24,2023-11-18,2587516,89,1,1,Washington State,Mississippi State,Cougars,Bulldogs,3,3,17,22,-5,1686,Washington State,1706,506,0,Isaac Jones with an offensive rebound.,NA,FALSE,FALSE,NA,NA,NA,NA,NA,NA,0,Washington State,Washington State,39
2023-24,2023-11-18,2587516,90,1,1,Washington State,Mississippi State,Cougars,Bulldogs,3,3,19,22,-3,1686,Washington State,1704,504,2,Isaac Jones makes a layup.,made,FALSE,FALSE,Layup Shot,26,6.25,1403624,Isaac Jones,NA,0,Washington State,Mississippi State,39
2023-24,2023-11-18,2587516,91,1,1,Washington State,Mississippi State,Cougars,Bulldogs,3,3,19,22,-3,1506,Mississippi State,1685,485,19,Trey Fort misses a 3-point jump shot from 23 feet out.,missed,FALSE,TRUE,Jump Shot,46,14.25,1234749,Trey Fort,NA,0,Mississippi State,Mississippi State,40
2023-24,2023-11-18,2587516,92,1,1,Washington State,Mississippi State,Cougars,Bulldogs,3,3,19,22,-3,1686,Washington State,1685,485,0,Oscar Cluff with a defensive rebound.,NA,FALSE,FALSE,NA,NA,NA,NA,NA,NA,0,Mississippi State,Washington State,40
2023-24,2023-11-18,2587516,93,1,1,Washington State,Mississippi State,Cougars,Bulldogs,3,3,19,22,-3,1686,Washington State,1666,466,19,Joseph Yesufu misses a jump shot from 7 feet out.,missed,FALSE,FALSE,Jump Shot,25.1,12.25,1180093,Joseph Yesufu,NA,0,Washington State,Mississippi State,41
2023-24,2023-11-18,2587516,95,1,1,Washington State,Mississippi State,Cougars,Bulldogs,3,3,19,22,-3,1686,Washington State,1664,464,2,Personal foul committed by Oscar Cluff.,NA,FALSE,FALSE,NA,NA,NA,NA,NA,NA,0,Mississippi State,Mississippi State,42
2023-24,2023-11-18,2587516,96,1,1,Washington State,Mississippi State,Cougars,Bulldogs,3,2,19,22,-3,1506,Mississippi State,1664,464,0,Bulldogs take a full timeout.,NA,FALSE,FALSE,NA,NA,NA,NA,NA,NA,0,NA,NA,NA
2023-24,2023-11-18,2587516,97,1,1,Washington State,Mississippi State,Cougars,Bulldogs,3,2,19,22,-3,1506,Mississippi State,1645,445,19,Josh Hubbard misses a layup.,missed,FALSE,FALSE,Layup Shot,26,6.25,1468440,Josh Hubbard,NA,0,Mississippi State,Mississippi State,42
2023-24,2023-11-18,2587516,98,1,1,Washington State,Mississippi State,Cougars,Bulldogs,3,2,19,22,-3,1686,Washington State,1645,445,0,Andrej Jakimovski with a defensive rebound.,NA,FALSE,FALSE,NA,NA,NA,NA,NA,NA,0,Mississippi State,Washington State,42
2023-24,2023-11-18,2587516,99,1,1,Washington State,Mississippi State,Cougars,Bulldogs,3,2,19,22,-3,1686,Washington State,1620,420,25,Myles Rice misses a jump shot from 9 feet out.,missed,FALSE,FALSE,Jump Shot,23.6,14.049999999999997,1325090,Myles Rice,NA,0,Washington State,Washington State,43
2023-24,2023-11-18,2587516,100,1,1,Washington State,Mississippi State,Cougars,Bulldogs,3,2,19,22,-3,1506,Mississippi State,1620,420,0,Shakeel Moore with a defensive rebound.,NA,FALSE,FALSE,NA,NA,NA,NA,NA,NA,0,Washington State,Mississippi State,43
2023-24,2023-11-18,2587516,101,1,1,Washington State,Mississippi State,Cougars,Bulldogs,3,2,19,22,-3,1506,Mississippi State,1601,401,19,Jimmy Bell Jr. misses a jump shot from 11 feet out.,missed,FALSE,FALSE,Jump Shot,23.6,16.15,1175055,Jimmy Bell Jr.,NA,0,Mississippi State,Mississippi State,44
2023-24,2023-11-18,2587516,102,1,1,Washington State,Mississippi State,Cougars,Bulldogs,3,2,19,22,-3,1686,Washington State,1601,401,0,Isaac Jones with a defensive rebound.,NA,FALSE,FALSE,NA,NA,NA,NA,NA,NA,0,Mississippi State,Washington State,44
2023-24,2023-11-18,2587516,103,1,1,Washington State,Mississippi State,Cougars,Bulldogs,3,2,21,22,-1,1686,Washington State,1588,388,13,Myles Rice makes a jump shot from 9 feet out.,made,FALSE,FALSE,Jump Shot,20.1,12.950000000000003,1325090,Myles Rice,NA,0,Washington State,Mississippi State,45
2023-24,2023-11-18,2587516,104,1,1,Washington State,Mississippi State,Cougars,Bulldogs,3,2,21,22,-1,1506,Mississippi State,1564,364,24,Shakeel Moore with a turnover - Traveling,NA,FALSE,FALSE,NA,NA,NA,NA,NA,NA,0,Mississippi State,Washington State,46
2023-24,2023-11-18,2587516,105,1,1,Washington State,Mississippi State,Cougars,Bulldogs,3,2,21,22,-1,1506,Mississippi State,1554,354,10,Shooting foul committed by Gai Chol.,NA,FALSE,FALSE,NA,NA,NA,NA,NA,NA,0,Washington State,Washington State,47
2023-24,2023-11-18,2587516,106,1,1,Washington State,Mississippi State,Cougars,Bulldogs,3,2,22,22,0,1686,Washington State,1554,354,0,Isaac Jones makes free throw 1 of 2.,made,TRUE,FALSE,NA,NA,NA,NA,NA,NA,0,Washington State,Washington State,47
2023-24,2023-11-18,2587516,107,1,1,Washington State,Mississippi State,Cougars,Bulldogs,3,2,23,22,1,1686,Washington State,1554,354,0,Isaac Jones makes free throw 2 of 2.,made,TRUE,FALSE,NA,NA,NA,NA,NA,NA,0,Washington State,Mississippi State,47
2023-24,2023-11-18,2587516,108,1,1,Washington State,Mississippi State,Cougars,Bulldogs,3,2,23,22,1,1686,Washington State,1530,330,24,Personal foul committed by Isaac Jones.,NA,FALSE,FALSE,NA,NA,NA,NA,NA,NA,0,Mississippi State,Mississippi State,48
2023-24,2023-11-18,2587516,109,1,1,Washington State,Mississippi State,Cougars,Bulldogs,3,2,23,23,0,1506,Mississippi State,1530,330,0,Gai Chol makes free throw 1 of 2.,made,TRUE,FALSE,NA,NA,NA,NA,NA,NA,0,Mississippi State,Mississippi State,48
2023-24,2023-11-18,2587516,110,1,1,Washington State,Mississippi State,Cougars,Bulldogs,3,2,23,24,-1,1506,Mississippi State,1530,330,0,Gai Chol makes free throw 2 of 2.,made,TRUE,FALSE,NA,NA,NA,NA,NA,NA,0,Mississippi State,Washington State,48
2023-24,2023-11-18,2587516,111,1,1,Washington State,Mississippi State,Cougars,Bulldogs,3,2,23,24,-1,1686,Washington State,1525,325,5,Jaylen Wells misses a 3-point jump shot from 24 feet out.,missed,FALSE,TRUE,Jump Shot,46,15.950000000000003,1423140,Jaylen Wells,NA,0,Washington State,Washington State,49
2023-24,2023-11-18,2587516,112,1,1,Washington State,Mississippi State,Cougars,Bulldogs,3,2,23,24,-1,1506,Mississippi State,1525,325,0,Dashawn Davis with a defensive rebound.,NA,FALSE,FALSE,NA,NA,NA,NA,NA,NA,0,Washington State,Mississippi State,49
2023-24,2023-11-18,2587516,113,1,1,Washington State,Mississippi State,Cougars,Bulldogs,3,2,23,24,-1,1686,Washington State,1518,318,7,Personal foul committed by Jaylen Wells.,NA,FALSE,FALSE,NA,NA,NA,NA,NA,NA,0,Mississippi State,Mississippi State,50
2023-24,2023-11-18,2587516,114,1,1,Washington State,Mississippi State,Cougars,Bulldogs,3,2,23,25,-2,1506,Mississippi State,1518,318,0,D.J. Jeffries makes free throw 1 of 2.,made,TRUE,FALSE,NA,NA,NA,NA,NA,NA,0,Mississippi State,Mississippi State,50
2023-24,2023-11-18,2587516,115,1,1,Washington State,Mississippi State,Cougars,Bulldogs,3,2,23,26,-3,1506,Mississippi State,1518,318,0,D.J. Jeffries makes free throw 2 of 2.,made,TRUE,FALSE,NA,NA,NA,NA,NA,NA,0,Mississippi State,Washington State,50
2023-24,2023-11-18,2587516,116,1,1,Washington State,Mississippi State,Cougars,Bulldogs,3,2,23,26,-3,1686,Washington State,1507,307,11,Isaac Jones misses a layup.,missed,FALSE,FALSE,Layup Shot,25,5.25,1403624,Isaac Jones,NA,0,Washington State,Washington State,51
2023-24,2023-11-18,2587516,117,1,1,Washington State,Mississippi State,Cougars,Bulldogs,3,2,23,26,-3,1506,Mississippi State,1507,307,0,D.J. Jeffries with a defensive rebound.,NA,FALSE,FALSE,NA,NA,NA,NA,NA,NA,0,Washington State,Mississippi State,51
2023-24,2023-11-18,2587516,118,1,1,Washington State,Mississippi State,Cougars,Bulldogs,3,2,23,28,-5,1506,Mississippi State,1489,289,18,Josh Hubbard makes a jump shot from 11 feet out.,made,FALSE,FALSE,Jump Shot,24,16.25,1468440,Josh Hubbard,NA,0,Mississippi State,Washington State,52
2023-24,2023-11-18,2587516,119,1,1,Washington State,Mississippi State,Cougars,Bulldogs,3,2,23,28,-5,1686,Washington State,1477,277,12,Dashawn Davis steals the ball from Joseph Yesufu.,NA,FALSE,FALSE,NA,NA,NA,NA,NA,NA,0,Washington State,Mississippi State,53
2023-24,2023-11-18,2587516,120,1,1,Washington State,Mississippi State,Cougars,Bulldogs,3,2,23,28,-5,1506,Mississippi State,1463,263,14,Josh Hubbard misses a 3-point jump shot from 24 feet out.,missed,FALSE,TRUE,Jump Shot,47.7,13.15,1468440,Josh Hubbard,NA,0,Mississippi State,Mississippi State,54
2023-24,2023-11-18,2587516,121,1,1,Washington State,Mississippi State,Cougars,Bulldogs,3,2,23,28,-5,1686,Washington State,1463,263,0,Isaac Jones with a defensive rebound.,NA,FALSE,FALSE,NA,NA,NA,NA,NA,NA,0,Mississippi State,Washington State,54
2023-24,2023-11-18,2587516,122,1,1,Washington State,Mississippi State,Cougars,Bulldogs,3,2,23,28,-5,1686,Washington State,1452,252,11,Jaylen Wells misses a 3-point jump shot from 26 feet out.,missed,FALSE,TRUE,Jump Shot,45,22.25,1423140,Jaylen Wells,NA,0,Washington State,Washington State,55
2023-24,2023-11-18,2587516,123,1,1,Washington State,Mississippi State,Cougars,Bulldogs,3,2,23,28,-5,1686,Washington State,1452,252,0,Kymany Houinsou with an offensive rebound.,NA,FALSE,FALSE,NA,NA,NA,NA,NA,NA,0,Washington State,Washington State,55
2023-24,2023-11-18,2587516,124,1,1,Washington State,Mississippi State,Cougars,Bulldogs,3,2,26,28,-2,1686,Washington State,1435,235,17,Joseph Yesufu makes a 3-point jump shot from 23 feet out. Kymany Houinsou with the assist.,made,FALSE,TRUE,Jump Shot,4,15.349999999999994,1180093,Joseph Yesufu,Kymany Houinsou,0,Washington State,Mississippi State,55
2023-24,2023-11-18,2587516,125,1,1,Washington State,Mississippi State,Cougars,Bulldogs,3,2,26,28,-2,1506,Mississippi State,1410,210,25,Dashawn Davis misses a jump shot from 12 feet out.,missed,FALSE,FALSE,Jump Shot,15.1,12.25,1325119,Dashawn Davis,NA,0,Mississippi State,Mississippi State,56
2023-24,2023-11-18,2587516,126,1,1,Washington State,Mississippi State,Cougars,Bulldogs,3,2,26,28,-2,1506,Mississippi State,1410,210,0,Gai Chol with an offensive rebound.,NA,FALSE,FALSE,NA,NA,NA,NA,NA,NA,0,Mississippi State,Mississippi State,56
2023-24,2023-11-18,2587516,127,1,1,Washington State,Mississippi State,Cougars,Bulldogs,3,2,26,28,-2,1506,Mississippi State,1405,205,5,Gai Chol misses a jump shot from 18 feet out.,missed,FALSE,FALSE,Jump Shot,37.3,17.95,1468442,Gai Chol,NA,0,Mississippi State,Mississippi State,56
2023-24,2023-11-18,2587516,129,1,1,Washington State,Mississippi State,Cougars,Bulldogs,3,1,26,28,-2,1506,Mississippi State,1405,205,0,Bulldogs take a full timeout.,NA,FALSE,FALSE,NA,NA,NA,NA,NA,NA,0,NA,NA,NA
2023-24,2023-11-18,2587516,130,1,1,Washington State,Mississippi State,Cougars,Bulldogs,3,1,26,28,-2,1686,Washington State,1405,205,0,Shooting foul committed by Andrej Jakimovski.,NA,FALSE,FALSE,NA,NA,NA,NA,NA,NA,0,Mississippi State,Mississippi State,56
2023-24,2023-11-18,2587516,131,1,1,Washington State,Mississippi State,Cougars,Bulldogs,3,1,26,28,-2,1506,Mississippi State,1405,205,0,Shakeel Moore misses free throw 1 of 2.,missed,TRUE,FALSE,NA,NA,NA,NA,NA,NA,0,Mississippi State,Mississippi State,56
2023-24,2023-11-18,2587516,133,1,1,Washington State,Mississippi State,Cougars,Bulldogs,3,1,26,29,-3,1506,Mississippi State,1405,205,0,Shakeel Moore makes free throw 2 of 2.,made,TRUE,FALSE,NA,NA,NA,NA,NA,NA,0,Mississippi State,Washington State,56
2023-24,2023-11-18,2587516,134,1,1,Washington State,Mississippi State,Cougars,Bulldogs,3,1,28,29,-1,1686,Washington State,1379,179,26,Isaac Jones makes a jump shot from 6 feet out. Kymany Houinsou with the assist.,made,FALSE,FALSE,Jump Shot,23.6,11.450000000000003,1403624,Isaac Jones,Kymany Houinsou,0,Washington State,Mississippi State,57
2023-24,2023-11-18,2587516,135,1,1,Washington State,Mississippi State,Cougars,Bulldogs,3,1,28,29,-1,1686,Washington State,1358,158,21,Shooting foul committed by Myles Rice.,NA,FALSE,FALSE,NA,NA,NA,NA,NA,NA,0,Mississippi State,Mississippi State,58
2023-24,2023-11-18,2587516,136,1,1,Washington State,Mississippi State,Cougars,Bulldogs,3,1,28,29,-1,1506,Mississippi State,1358,158,0,Josh Hubbard misses free throw 1 of 2.,missed,TRUE,FALSE,NA,NA,NA,NA,NA,NA,0,Mississippi State,Mississippi State,58
2023-24,2023-11-18,2587516,138,1,1,Washington State,Mississippi State,Cougars,Bulldogs,3,1,28,30,-2,1506,Mississippi State,1358,158,0,Josh Hubbard makes free throw 2 of 2.,made,TRUE,FALSE,NA,NA,NA,NA,NA,NA,0,Mississippi State,Washington State,58
2023-24,2023-11-18,2587516,139,1,1,Washington State,Mississippi State,Cougars,Bulldogs,3,1,28,30,-2,1686,Washington State,1336,136,22,Myles Rice misses a 3-point jump shot from 22 feet out.,missed,FALSE,TRUE,Jump Shot,3.200000000000003,10.950000000000003,1325090,Myles Rice,NA,0,Washington State,Washington State,59
2023-24,2023-11-18,2587516,140,1,1,Washington State,Mississippi State,Cougars,Bulldogs,3,1,28,30,-2,1506,Mississippi State,1336,136,0,D.J. Jeffries with a defensive rebound.,NA,FALSE,FALSE,NA,NA,NA,NA,NA,NA,0,Washington State,Mississippi State,59
2023-24,2023-11-18,2587516,141,1,1,Washington State,Mississippi State,Cougars,Bulldogs,3,1,28,30,-2,1506,Mississippi State,1326,126,10,Josh Hubbard misses a jump shot from 18 feet out.,missed,FALSE,FALSE,Jump Shot,37.5,18.35,1468440,Josh Hubbard,NA,0,Mississippi State,Mississippi State,60
2023-24,2023-11-18,2587516,142,1,1,Washington State,Mississippi State,Cougars,Bulldogs,3,1,28,30,-2,1686,Washington State,1326,126,0,Myles Rice with a defensive rebound.,NA,FALSE,FALSE,NA,NA,NA,NA,NA,NA,0,Mississippi State,Washington State,60
2023-24,2023-11-18,2587516,143,1,1,Washington State,Mississippi State,Cougars,Bulldogs,3,1,30,30,0,1686,Washington State,1321,121,5,Myles Rice makes a layup.,made,FALSE,FALSE,Layup Shot,25,5.25,1325090,Myles Rice,NA,0,Washington State,Mississippi State,61
2023-24,2023-11-18,2587516,144,1,1,Washington State,Mississippi State,Cougars,Bulldogs,3,1,30,32,-2,1506,Mississippi State,1299,99,22,Jimmy Bell Jr. makes a jump shot from 10 feet out.,made,FALSE,FALSE,Jump Shot,23.2,14.65,1175055,Jimmy Bell Jr.,NA,0,Mississippi State,Washington State,62
2023-24,2023-11-18,2587516,145,1,1,Washington State,Mississippi State,Cougars,Bulldogs,3,0,30,32,-2,1506,Mississippi State,1299,99,0,Bulldogs take a 30-second timeout.,NA,FALSE,FALSE,NA,NA,NA,NA,NA,NA,0,NA,NA,NA
2023-24,2023-11-18,2587516,146,1,1,Washington State,Mississippi State,Cougars,Bulldogs,3,0,30,32,-2,1686,Washington State,1278,78,21,Myles Rice misses a jump shot from 13 feet out.,missed,FALSE,FALSE,Jump Shot,22.9,17.950000000000003,1325090,Myles Rice,NA,0,Washington State,Washington State,63
2023-24,2023-11-18,2587516,147,1,1,Washington State,Mississippi State,Cougars,Bulldogs,3,0,30,32,-2,1506,Mississippi State,1278,78,0,Jimmy Bell Jr. with a defensive rebound.,NA,FALSE,FALSE,NA,NA,NA,NA,NA,NA,0,Washington State,Mississippi State,63
2023-24,2023-11-18,2587516,148,1,1,Washington State,Mississippi State,Cougars,Bulldogs,3,0,30,32,-2,1506,Mississippi State,1276,76,2,Myles Rice steals the ball from Jimmy Bell Jr..,NA,FALSE,FALSE,NA,NA,NA,NA,NA,NA,0,Mississippi State,Washington State,64
2023-24,2023-11-18,2587516,149,1,1,Washington State,Mississippi State,Cougars,Bulldogs,3,0,30,32,-2,1506,Mississippi State,1273,73,3,Personal foul committed by Jimmy Bell Jr..,NA,FALSE,FALSE,NA,NA,NA,NA,NA,NA,0,Washington State,Washington State,65
2023-24,2023-11-18,2587516,150,1,1,Washington State,Mississippi State,Cougars,Bulldogs,3,0,30,32,-2,1686,Washington State,1273,73,0,Myles Rice misses free throw 1 of 1.,missed,TRUE,FALSE,NA,NA,NA,NA,NA,NA,0,Washington State,Washington State,65
2023-24,2023-11-18,2587516,151,1,1,Washington State,Mississippi State,Cougars,Bulldogs,3,0,30,32,-2,1506,Mississippi State,1273,73,0,D.J. Jeffries with a defensive rebound.,NA,FALSE,FALSE,NA,NA,NA,NA,NA,NA,0,Washington State,Mississippi State,65
2023-24,2023-11-18,2587516,152,1,1,Washington State,Mississippi State,Cougars,Bulldogs,3,0,30,34,-4,1506,Mississippi State,1245,45,28,Shakeel Moore makes a layup.,made,FALSE,FALSE,Layup Shot,26,6.25,1241399,Shakeel Moore,NA,0,Mississippi State,Washington State,66
2023-24,2023-11-18,2587516,153,1,1,Washington State,Mississippi State,Cougars,Bulldogs,3,0,30,34,-4,1686,Washington State,1215,15,30,Jimmy Bell Jr. blocks a Joseph Yesufu layup.,missed,FALSE,FALSE,Layup Shot,26,6.25,1180093,Joseph Yesufu,NA,0,Washington State,Washington State,67
2023-24,2023-11-18,2587516,154,1,1,Washington State,Mississippi State,Cougars,Bulldogs,3,0,30,34,-4,1506,Mississippi State,1215,15,0,D.J. Jeffries with a defensive rebound.,NA,FALSE,FALSE,NA,NA,NA,NA,NA,NA,0,Washington State,Mississippi State,67
2023-24,2023-11-18,2587516,155,1,1,Washington State,Mississippi State,Cougars,Bulldogs,3,0,30,36,-6,1506,Mississippi State,1201,1,14,Dashawn Davis makes a layup.,made,FALSE,FALSE,Layup Shot,26,6.25,1325119,Dashawn Davis,NA,0,Mississippi State,Washington State,68
2023-24,2023-11-18,2587516,156,1,1,Washington State,Mississippi State,Cougars,Bulldogs,3,0,30,36,-6,NA,NA,1200,0,1,End of the 1st Half,NA,FALSE,FALSE,NA,NA,NA,NA,NA,NA,0,NA,NA,NA
2023-24,2023-11-18,2587516,157,1,2,Washington State,Mississippi State,Cougars,Bulldogs,4,4,30,36,-6,NA,NA,1200,1200,0,Start of the 2nd Half,NA,FALSE,FALSE,NA,NA,NA,NA,NA,NA,0,NA,Mississippi State,69
2023-24,2023-11-18,2587516,158,1,2,Washington State,Mississippi State,Cougars,Bulldogs,4,4,30,36,-6,1506,Mississippi State,1188,1188,12,Andrej Jakimovski steals the ball from Jimmy Bell Jr..,NA,FALSE,FALSE,NA,NA,NA,NA,NA,NA,0,Mississippi State,Washington State,70
2023-24,2023-11-18,2587516,159,1,2,Washington State,Mississippi State,Cougars,Bulldogs,4,4,32,36,-4,1686,Washington State,1169,1169,19,Oscar Cluff makes a jump shot from 6 feet out. Isaac Jones with the assist.,made,FALSE,FALSE,Jump Shot,25.3,11.349999999999994,1482307,Oscar Cluff,Isaac Jones,0,Washington State,Mississippi State,71
2023-24,2023-11-18,2587516,160,1,2,Washington State,Mississippi State,Cougars,Bulldogs,4,4,32,36,-4,1506,Mississippi State,1151,1151,18,Oscar Cluff steals the ball from Jimmy Bell Jr..,NA,FALSE,FALSE,NA,NA,NA,NA,NA,NA,0,Mississippi State,Washington State,72
2023-24,2023-11-18,2587516,161,1,2,Washington State,Mississippi State,Cougars,Bulldogs,4,4,32,36,-4,1686,Washington State,1136,1136,15,Andrej Jakimovski misses a jump shot from 7 feet out.,missed,FALSE,FALSE,Jump Shot,25.1,12.049999999999997,1231425,Andrej Jakimovski,NA,0,Washington State,Washington State,73
2023-24,2023-11-18,2587516,162,1,2,Washington State,Mississippi State,Cougars,Bulldogs,4,4,32,36,-4,1506,Mississippi State,1136,1136,0,Jimmy Bell Jr. with a defensive rebound.,NA,FALSE,FALSE,NA,NA,NA,NA,NA,NA,0,Washington State,Mississippi State,73
2023-24,2023-11-18,2587516,163,1,2,Washington State,Mississippi State,Cougars,Bulldogs,4,4,32,38,-6,1506,Mississippi State,1122,1122,14,Dashawn Davis makes a jump shot from 10 feet out.,made,FALSE,FALSE,Jump Shot,18.6,13.15,1325119,Dashawn Davis,NA,0,Mississippi State,Washington State,74
2023-24,2023-11-18,2587516,164,1,2,Washington State,Mississippi State,Cougars,Bulldogs,4,4,32,38,-6,1686,Washington State,1103,1103,19,Myles Rice misses a 3-point jump shot from 24 feet out.,missed,FALSE,TRUE,Jump Shot,46.4,16.849999999999994,1325090,Myles Rice,NA,0,Washington State,Washington State,75
2023-24,2023-11-18,2587516,165,1,2,Washington State,Mississippi State,Cougars,Bulldogs,4,4,32,38,-6,1506,Mississippi State,1103,1103,0,Cameron Matthews with a defensive rebound.,NA,FALSE,FALSE,NA,NA,NA,NA,NA,NA,0,Washington State,Mississippi State,75
2023-24,2023-11-18,2587516,166,1,2,Washington State,Mississippi State,Cougars,Bulldogs,4,4,32,40,-8,1506,Mississippi State,1091,1091,12,Cameron Matthews makes a layup.,made,FALSE,FALSE,Layup Shot,25,5.25,1232533,Cameron Matthews,NA,0,Mississippi State,Washington State,76
2023-24,2023-11-18,2587516,167,1,2,Washington State,Mississippi State,Cougars,Bulldogs,4,4,34,40,-6,1686,Washington State,1075,1075,16,Isaac Jones dunks. Joseph Yesufu with the assist.,made,FALSE,FALSE,Dunk Shot,25,5.25,1403624,Isaac Jones,Joseph Yesufu,0,Washington State,Mississippi State,77
2023-24,2023-11-18,2587516,168,1,2,Washington State,Mississippi State,Cougars,Bulldogs,4,4,34,40,-6,1506,Mississippi State,1043,1043,32,Jimmy Bell Jr. misses a layup.,missed,FALSE,FALSE,Layup Shot,26,6.25,1175055,Jimmy Bell Jr.,NA,0,Mississippi State,Mississippi State,78
2023-24,2023-11-18,2587516,169,1,2,Washington State,Mississippi State,Cougars,Bulldogs,4,4,34,40,-6,1686,Washington State,1043,1043,0,Isaac Jones with a defensive rebound.,NA,FALSE,FALSE,NA,NA,NA,NA,NA,NA,0,Mississippi State,Washington State,78
2023-24,2023-11-18,2587516,170,1,2,Washington State,Mississippi State,Cougars,Bulldogs,4,4,37,40,-3,1686,Washington State,1018,1018,25,Myles Rice makes a 3-point jump shot from 24 feet out. Joseph Yesufu with the assist.,made,FALSE,TRUE,Jump Shot,43.4,20.150000000000006,1325090,Myles Rice,Joseph Yesufu,0,Washington State,Mississippi State,79
2023-24,2023-11-18,2587516,171,1,2,Washington State,Mississippi State,Cougars,Bulldogs,4,4,37,40,-3,1686,Washington State,992,992,26,Personal foul committed by Joseph Yesufu.,NA,FALSE,FALSE,NA,NA,NA,NA,NA,NA,0,Mississippi State,Mississippi State,80
2023-24,2023-11-18,2587516,172,1,2,Washington State,Mississippi State,Cougars,Bulldogs,4,4,37,40,-3,1686,Washington State,975,975,17,Shooting foul committed by Rueben Chinyelu.,NA,FALSE,FALSE,NA,NA,NA,NA,NA,NA,0,Mississippi State,Mississippi State,80
2023-24,2023-11-18,2587516,173,1,2,Washington State,Mississippi State,Cougars,Bulldogs,4,4,37,41,-4,1506,Mississippi State,975,975,0,Jimmy Bell Jr. makes free throw 1 of 2.,made,TRUE,FALSE,NA,NA,NA,NA,NA,NA,0,Mississippi State,Mississippi State,80
2023-24,2023-11-18,2587516,174,1,2,Washington State,Mississippi State,Cougars,Bulldogs,4,4,37,42,-5,1506,Mississippi State,975,975,0,Jimmy Bell Jr. makes free throw 2 of 2.,made,TRUE,FALSE,NA,NA,NA,NA,NA,NA,0,Mississippi State,Washington State,80
2023-24,2023-11-18,2587516,175,1,2,Washington State,Mississippi State,Cougars,Bulldogs,4,4,37,42,-5,1686,Washington State,964,964,11,Jimmy Bell Jr. steals the ball from Myles Rice.,NA,FALSE,FALSE,NA,NA,NA,NA,NA,NA,0,Washington State,Mississippi State,81
2023-24,2023-11-18,2587516,176,1,2,Washington State,Mississippi State,Cougars,Bulldogs,4,4,37,45,-8,1506,Mississippi State,955,955,9,D.J. Jeffries makes a 3-point jump shot from 23 feet out.,made,FALSE,TRUE,Jump Shot,42.9,20.05,1175092,D.J. Jeffries,NA,0,Mississippi State,Washington State,82
2023-24,2023-11-18,2587516,177,1,2,Washington State,Mississippi State,Cougars,Bulldogs,4,4,37,45,-8,1686,Washington State,939,939,16,Jimmy Bell Jr. steals the ball from Isaac Jones.,NA,FALSE,FALSE,NA,NA,NA,NA,NA,NA,0,Washington State,Mississippi State,83
2023-24,2023-11-18,2587516,178,1,2,Washington State,Mississippi State,Cougars,Bulldogs,4,4,37,47,-10,1506,Mississippi State,932,932,7,Josh Hubbard makes a layup.,made,FALSE,FALSE,Layup Shot,25,5.25,1468440,Josh Hubbard,NA,0,Mississippi State,Washington State,84
2023-24,2023-11-18,2587516,179,1,2,Washington State,Mississippi State,Cougars,Bulldogs,3,4,37,47,-10,1686,Washington State,931,931,1,Cougars take a 30-second timeout.,NA,FALSE,FALSE,NA,NA,NA,NA,NA,NA,0,NA,NA,NA
2023-24,2023-11-18,2587516,180,1,2,Washington State,Mississippi State,Cougars,Bulldogs,3,4,37,47,-10,1506,Mississippi State,913,913,18,Personal foul committed by Shawn Jones Jr..,NA,FALSE,FALSE,NA,NA,NA,NA,NA,NA,0,Washington State,Washington State,85
2023-24,2023-11-18,2587516,181,1,2,Washington State,Mississippi State,Cougars,Bulldogs,3,3,37,47,-10,1506,Mississippi State,913,913,0,Bulldogs take a full timeout.,NA,FALSE,FALSE,NA,NA,NA,NA,NA,NA,0,NA,NA,NA
2023-24,2023-11-18,2587516,182,1,2,Washington State,Mississippi State,Cougars,Bulldogs,3,3,37,47,-10,1686,Washington State,904,904,9,Oscar Cluff misses a jump shot from 6 feet out.,missed,FALSE,FALSE,Jump Shot,23.4,11.450000000000003,1482307,Oscar Cluff,NA,0,Washington State,Washington State,85
2023-24,2023-11-18,2587516,183,1,2,Washington State,Mississippi State,Cougars,Bulldogs,3,3,37,47,-10,1506,Mississippi State,904,904,0,Jimmy Bell Jr. with a defensive rebound.,NA,FALSE,FALSE,NA,NA,NA,NA,NA,NA,0,Washington State,Mississippi State,85
2023-24,2023-11-18,2587516,184,1,2,Washington State,Mississippi State,Cougars,Bulldogs,3,3,37,47,-10,1506,Mississippi State,872,872,32,Jimmy Bell Jr. misses a jump shot from 9 feet out.,missed,FALSE,FALSE,Jump Shot,18.6,11.15,1175055,Jimmy Bell Jr.,NA,0,Mississippi State,Mississippi State,86
2023-24,2023-11-18,2587516,185,1,2,Washington State,Mississippi State,Cougars,Bulldogs,3,3,37,47,-10,1686,Washington State,872,872,0,Kymany Houinsou with a defensive rebound.,NA,FALSE,FALSE,NA,NA,NA,NA,NA,NA,0,Mississippi State,Washington State,86
2023-24,2023-11-18,2587516,186,1,2,Washington State,Mississippi State,Cougars,Bulldogs,3,3,40,47,-7,1686,Washington State,861,861,11,Joseph Yesufu makes a 3-point jump shot from 23 feet out. Kymany Houinsou with the assist.,made,FALSE,TRUE,Jump Shot,2.8999999999999986,12.75,1180093,Joseph Yesufu,Kymany Houinsou,0,Washington State,Mississippi State,87
2023-24,2023-11-18,2587516,187,1,2,Washington State,Mississippi State,Cougars,Bulldogs,3,3,40,49,-9,1506,Mississippi State,843,843,18,Josh Hubbard makes a layup.,made,FALSE,FALSE,Layup Shot,25,5.25,1468440,Josh Hubbard,NA,0,Mississippi State,Washington State,88
2023-24,2023-11-18,2587516,188,1,2,Washington State,Mississippi State,Cougars,Bulldogs,3,3,40,49,-9,1686,Washington State,826,826,17,Cameron Matthews steals the ball from Myles Rice.,NA,FALSE,FALSE,NA,NA,NA,NA,NA,NA,0,Washington State,Mississippi State,89
2023-24,2023-11-18,2587516,189,1,2,Washington State,Mississippi State,Cougars,Bulldogs,3,3,40,49,-9,1506,Mississippi State,818,818,8,D.J. Jeffries misses a 3-point jump shot from 25 feet out.,missed,FALSE,TRUE,Jump Shot,46.8,16.85,1175092,D.J. Jeffries,NA,0,Mississippi State,Mississippi State,90
2023-24,2023-11-18,2587516,190,1,2,Washington State,Mississippi State,Cougars,Bulldogs,3,3,40,49,-9,1686,Washington State,818,818,0,Joseph Yesufu with a defensive rebound.,NA,FALSE,FALSE,NA,NA,NA,NA,NA,NA,0,Mississippi State,Washington State,90
2023-24,2023-11-18,2587516,191,1,2,Washington State,Mississippi State,Cougars,Bulldogs,3,3,40,49,-9,1686,Washington State,813,813,5,Andrej Jakimovski misses a 3-point jump shot from 22 feet out.,missed,FALSE,TRUE,Jump Shot,26.2,27.650000000000006,1231425,Andrej Jakimovski,NA,0,Washington State,Mississippi State,91
2023-24,2023-11-18,2587516,193,1,2,Washington State,Mississippi State,Cougars,Bulldogs,3,3,40,49,-9,1506,Mississippi State,795,795,18,Cameron Matthews misses a 3-point jump shot from 24 feet out.,missed,FALSE,TRUE,Jump Shot,9.2,22.75,1232533,Cameron Matthews,NA,0,Mississippi State,Mississippi State,92
2023-24,2023-11-18,2587516,194,1,2,Washington State,Mississippi State,Cougars,Bulldogs,3,3,40,49,-9,1686,Washington State,795,795,0,Joseph Yesufu with a defensive rebound.,NA,FALSE,FALSE,NA,NA,NA,NA,NA,NA,0,Mississippi State,Washington State,92
2023-24,2023-11-18,2587516,195,1,2,Washington State,Mississippi State,Cougars,Bulldogs,3,3,42,49,-7,1686,Washington State,789,789,6,Myles Rice makes a layup.,made,FALSE,FALSE,Layup Shot,25,5.25,1325090,Myles Rice,NA,0,Washington State,Mississippi State,93
2023-24,2023-11-18,2587516,196,1,2,Washington State,Mississippi State,Cougars,Bulldogs,3,3,42,49,-7,1506,Mississippi State,772,772,17,Oscar Cluff blocks a Shakeel Moore jump shot from 11 feet out.,missed,FALSE,FALSE,Jump Shot,31.2,14.65,1241399,Shakeel Moore,NA,0,Mississippi State,Mississippi State,94
2023-24,2023-11-18,2587516,197,1,2,Washington State,Mississippi State,Cougars,Bulldogs,3,3,42,49,-7,1686,Washington State,772,772,0,Kymany Houinsou with a defensive rebound.,NA,FALSE,FALSE,NA,NA,NA,NA,NA,NA,0,Mississippi State,Washington State,94
2023-24,2023-11-18,2587516,198,1,2,Washington State,Mississippi State,Cougars,Bulldogs,3,3,42,49,-7,1686,Washington State,766,766,6,Joseph Yesufu misses a 3-point jump shot from 22 feet out.,missed,FALSE,TRUE,Jump Shot,5.799999999999997,16.150000000000006,1180093,Joseph Yesufu,NA,0,Washington State,Washington State,95
2023-24,2023-11-18,2587516,199,1,2,Washington State,Mississippi State,Cougars,Bulldogs,3,3,42,49,-7,1506,Mississippi State,766,766,0,Trey Fort with a defensive rebound.,NA,FALSE,FALSE,NA,NA,NA,NA,NA,NA,0,Washington State,Mississippi State,95
2023-24,2023-11-18,2587516,200,1,2,Washington State,Mississippi State,Cougars,Bulldogs,3,3,42,49,-7,1506,Mississippi State,758,758,8,Trey Fort misses a jump shot from 13 feet out.,missed,FALSE,FALSE,Jump Shot,14.7,12.45,1234749,Trey Fort,NA,0,Mississippi State,Mississippi State,96
2023-24,2023-11-18,2587516,201,1,2,Washington State,Mississippi State,Cougars,Bulldogs,3,3,42,49,-7,1686,Washington State,758,758,0,Myles Rice with a defensive rebound.,NA,FALSE,FALSE,NA,NA,NA,NA,NA,NA,0,Mississippi State,Washington State,96
2023-24,2023-11-18,2587516,202,1,2,Washington State,Mississippi State,Cougars,Bulldogs,3,3,45,49,-4,1686,Washington State,737,737,21,Myles Rice makes a 3-point jump shot from 23 feet out. Kymany Houinsou with the assist.,made,FALSE,TRUE,Jump Shot,43.6,17.950000000000003,1325090,Myles Rice,Kymany Houinsou,0,Washington State,Mississippi State,97
2023-24,2023-11-18,2587516,203,1,2,Washington State,Mississippi State,Cougars,Bulldogs,3,3,45,51,-6,1506,Mississippi State,721,721,16,Cameron Matthews makes a layup. Dashawn Davis with the assist.,made,FALSE,FALSE,Layup Shot,26,6.25,1232533,Cameron Matthews,Dashawn Davis,0,Mississippi State,Washington State,98
2023-24,2023-11-18,2587516,204,1,2,Washington State,Mississippi State,Cougars,Bulldogs,3,3,45,51,-6,1686,Washington State,697,697,24,Cameron Matthews steals the ball from Joseph Yesufu.,NA,FALSE,FALSE,NA,NA,NA,NA,NA,NA,0,Washington State,Mississippi State,99
2023-24,2023-11-18,2587516,205,1,2,Washington State,Mississippi State,Cougars,Bulldogs,3,3,45,51,-6,1506,Mississippi State,692,692,5,Dashawn Davis misses a 3-point jump shot from 23 feet out.,missed,FALSE,TRUE,Jump Shot,2.6999999999999993,9.25,1325119,Dashawn Davis,NA,0,Mississippi State,Mississippi State,100
2023-24,2023-11-18,2587516,206,1,2,Washington State,Mississippi State,Cougars,Bulldogs,3,3,45,51,-6,1686,Washington State,692,692,0,Rueben Chinyelu with a defensive rebound.,NA,FALSE,FALSE,NA,NA,NA,NA,NA,NA,0,Mississippi State,Washington State,100
2023-24,2023-11-18,2587516,207,1,2,Washington State,Mississippi State,Cougars,Bulldogs,3,3,45,51,-6,1506,Mississippi State,681,681,11,Shooting foul committed by Cameron Matthews.,NA,FALSE,FALSE,NA,NA,NA,NA,NA,NA,0,Washington State,Washington State,101
2023-24,2023-11-18,2587516,208,1,2,Washington State,Mississippi State,Cougars,Bulldogs,3,2,45,51,-6,1506,Mississippi State,681,681,0,Bulldogs take a full timeout.,NA,FALSE,FALSE,NA,NA,NA,NA,NA,NA,0,NA,NA,NA
2023-24,2023-11-18,2587516,209,1,2,Washington State,Mississippi State,Cougars,Bulldogs,3,2,46,51,-5,1686,Washington State,681,681,0,Isaac Jones makes free throw 1 of 2.,made,TRUE,FALSE,NA,NA,NA,NA,NA,NA,0,Washington State,Washington State,101
2023-24,2023-11-18,2587516,210,1,2,Washington State,Mississippi State,Cougars,Bulldogs,3,2,47,51,-4,1686,Washington State,681,681,0,Isaac Jones makes free throw 2 of 2.,made,TRUE,FALSE,NA,NA,NA,NA,NA,NA,0,Washington State,Mississippi State,101
2023-24,2023-11-18,2587516,211,1,2,Washington State,Mississippi State,Cougars,Bulldogs,3,2,47,51,-4,1686,Washington State,653,653,28,Personal foul committed by Rueben Chinyelu.,NA,FALSE,FALSE,NA,NA,NA,NA,NA,NA,0,Mississippi State,Mississippi State,102
2023-24,2023-11-18,2587516,212,1,2,Washington State,Mississippi State,Cougars,Bulldogs,3,2,47,52,-5,1506,Mississippi State,653,653,0,Jimmy Bell Jr. makes free throw 1 of 2.,made,TRUE,FALSE,NA,NA,NA,NA,NA,NA,0,Mississippi State,Mississippi State,102
2023-24,2023-11-18,2587516,213,1,2,Washington State,Mississippi State,Cougars,Bulldogs,3,2,47,53,-6,1506,Mississippi State,653,653,0,Jimmy Bell Jr. makes free throw 2 of 2.,made,TRUE,FALSE,NA,NA,NA,NA,NA,NA,0,Mississippi State,Washington State,102
2023-24,2023-11-18,2587516,214,1,2,Washington State,Mississippi State,Cougars,Bulldogs,3,2,47,53,-6,1686,Washington State,640,640,13,Oscar Cluff misses a jump shot from 11 feet out.,missed,FALSE,FALSE,Jump Shot,28.4,15.950000000000003,1482307,Oscar Cluff,NA,0,Washington State,Washington State,103
2023-24,2023-11-18,2587516,215,1,2,Washington State,Mississippi State,Cougars,Bulldogs,3,2,47,53,-6,1506,Mississippi State,640,640,0,Dashawn Davis with a defensive rebound.,NA,FALSE,FALSE,NA,NA,NA,NA,NA,NA,0,Washington State,Mississippi State,103
2023-24,2023-11-18,2587516,216,1,2,Washington State,Mississippi State,Cougars,Bulldogs,3,2,47,55,-8,1506,Mississippi State,623,623,17,Jimmy Bell Jr. makes a jump shot from 13 feet out. Shakeel Moore with the assist.,made,FALSE,FALSE,Jump Shot,13.6,11.65,1175055,Jimmy Bell Jr.,Shakeel Moore,0,Mississippi State,Washington State,104
2023-24,2023-11-18,2587516,217,1,2,Washington State,Mississippi State,Cougars,Bulldogs,3,2,47,55,-8,1686,Washington State,605,605,18,Myles Rice misses a jump shot from 6 feet out.,missed,FALSE,FALSE,Jump Shot,21.9,10.150000000000006,1325090,Myles Rice,NA,0,Washington State,Washington State,105
2023-24,2023-11-18,2587516,218,1,2,Washington State,Mississippi State,Cougars,Bulldogs,3,2,47,55,-8,1506,Mississippi State,605,605,0,Trey Fort with a defensive rebound.,NA,FALSE,FALSE,NA,NA,NA,NA,NA,NA,0,Washington State,Mississippi State,105
2023-24,2023-11-18,2587516,219,1,2,Washington State,Mississippi State,Cougars,Bulldogs,3,2,47,55,-8,1506,Mississippi State,585,585,20,D.J. Jeffries with a turnover - Bad Pass,NA,FALSE,FALSE,NA,NA,NA,NA,NA,NA,0,Mississippi State,Washington State,106
2023-24,2023-11-18,2587516,220,1,2,Washington State,Mississippi State,Cougars,Bulldogs,3,2,49,55,-6,1686,Washington State,562,562,23,Andrej Jakimovski makes a layup. Joseph Yesufu with the assist.,made,FALSE,FALSE,Layup Shot,25,5.25,1231425,Andrej Jakimovski,Joseph Yesufu,0,Washington State,Mississippi State,107
2023-24,2023-11-18,2587516,221,1,2,Washington State,Mississippi State,Cougars,Bulldogs,3,2,49,55,-6,1506,Mississippi State,525,525,37,D.J. Jeffries misses a 3-point jump shot from 22 feet out.,missed,FALSE,TRUE,Jump Shot,46.2,12.45,1175092,D.J. Jeffries,NA,0,Mississippi State,Mississippi State,108
2023-24,2023-11-18,2587516,222,1,2,Washington State,Mississippi State,Cougars,Bulldogs,3,2,49,55,-6,1686,Washington State,525,525,0,Andrej Jakimovski with a defensive rebound.,NA,FALSE,FALSE,NA,NA,NA,NA,NA,NA,0,Mississippi State,Washington State,108
2023-24,2023-11-18,2587516,223,1,2,Washington State,Mississippi State,Cougars,Bulldogs,3,2,49,55,-6,1506,Mississippi State,511,511,14,Shooting foul committed by D.J. Jeffries.,NA,FALSE,FALSE,NA,NA,NA,NA,NA,NA,0,Washington State,Washington State,109
2023-24,2023-11-18,2587516,224,1,2,Washington State,Mississippi State,Cougars,Bulldogs,3,2,50,55,-5,1686,Washington State,511,511,0,Joseph Yesufu makes free throw 1 of 2.,made,TRUE,FALSE,NA,NA,NA,NA,NA,NA,0,Washington State,Washington State,109
2023-24,2023-11-18,2587516,225,1,2,Washington State,Mississippi State,Cougars,Bulldogs,3,2,50,55,-5,1686,Washington State,511,511,0,Joseph Yesufu misses free throw 2 of 2.,missed,TRUE,FALSE,NA,NA,NA,NA,NA,NA,0,Washington State,Washington State,109
2023-24,2023-11-18,2587516,226,1,2,Washington State,Mississippi State,Cougars,Bulldogs,3,2,50,55,-5,1506,Mississippi State,511,511,0,Jimmy Bell Jr. with a defensive rebound.,NA,FALSE,FALSE,NA,NA,NA,NA,NA,NA,0,Washington State,Mississippi State,109
2023-24,2023-11-18,2587516,227,1,2,Washington State,Mississippi State,Cougars,Bulldogs,3,2,50,55,-5,1506,Mississippi State,495,495,16,Cameron Matthews misses a layup.,missed,FALSE,FALSE,Layup Shot,26,6.25,1232533,Cameron Matthews,NA,0,Mississippi State,Mississippi State,110
2023-24,2023-11-18,2587516,228,1,2,Washington State,Mississippi State,Cougars,Bulldogs,3,2,50,55,-5,1686,Washington State,495,495,0,Kymany Houinsou with a defensive rebound.,NA,FALSE,FALSE,NA,NA,NA,NA,NA,NA,0,Mississippi State,Washington State,110
2023-24,2023-11-18,2587516,229,1,2,Washington State,Mississippi State,Cougars,Bulldogs,3,2,50,55,-5,1686,Washington State,486,486,9,Jimmy Bell Jr. steals the ball from Kymany Houinsou.,NA,FALSE,FALSE,NA,NA,NA,NA,NA,NA,0,Washington State,Mississippi State,111
2023-24,2023-11-18,2587516,230,1,2,Washington State,Mississippi State,Cougars,Bulldogs,3,2,50,57,-7,1506,Mississippi State,483,483,3,Shawn Jones Jr. makes a layup.,made,FALSE,FALSE,Layup Shot,26,6.25,1408261,Shawn Jones Jr.,NA,0,Mississippi State,Mississippi State,112
2023-24,2023-11-18,2587516,231,1,2,Washington State,Mississippi State,Cougars,Bulldogs,3,2,50,57,-7,1686,Washington State,483,483,0,Shooting foul committed by Joseph Yesufu.,NA,FALSE,FALSE,NA,NA,NA,NA,NA,NA,0,Mississippi State,Mississippi State,112
2023-24,2023-11-18,2587516,232,1,2,Washington State,Mississippi State,Cougars,Bulldogs,3,2,50,58,-8,1506,Mississippi State,483,483,0,Shawn Jones Jr. makes free throw 1 of 1.,made,TRUE,FALSE,NA,NA,NA,NA,NA,NA,0,Mississippi State,Washington State,112
2023-24,2023-11-18,2587516,233,1,2,Washington State,Mississippi State,Cougars,Bulldogs,3,2,50,58,-8,1686,Washington State,466,466,17,Myles Rice with a turnover - Out of Bounds,NA,FALSE,FALSE,NA,NA,NA,NA,NA,NA,0,Washington State,Mississippi State,113
2023-24,2023-11-18,2587516,234,1,2,Washington State,Mississippi State,Cougars,Bulldogs,3,1,50,58,-8,1506,Mississippi State,466,466,0,Bulldogs take a full timeout.,NA,FALSE,FALSE,NA,NA,NA,NA,NA,NA,0,NA,NA,NA
2023-24,2023-11-18,2587516,235,1,2,Washington State,Mississippi State,Cougars,Bulldogs,3,1,50,58,-8,1506,Mississippi State,449,449,17,Oscar Cluff blocks a Cameron Matthews layup.,missed,FALSE,FALSE,Layup Shot,26,6.25,1232533,Cameron Matthews,NA,0,Mississippi State,Mississippi State,114
2023-24,2023-11-18,2587516,237,1,2,Washington State,Mississippi State,Cougars,Bulldogs,3,1,50,58,-8,1506,Mississippi State,439,439,10,Cameron Matthews misses a layup.,missed,FALSE,FALSE,Layup Shot,26,6.25,1232533,Cameron Matthews,NA,0,Mississippi State,Mississippi State,114
2023-24,2023-11-18,2587516,238,1,2,Washington State,Mississippi State,Cougars,Bulldogs,3,1,50,58,-8,1506,Mississippi State,439,439,0,Shawn Jones Jr. with an offensive rebound.,NA,FALSE,FALSE,NA,NA,NA,NA,NA,NA,0,Mississippi State,Mississippi State,114
2023-24,2023-11-18,2587516,239,1,2,Washington State,Mississippi State,Cougars,Bulldogs,3,1,50,58,-8,1686,Washington State,439,439,0,Shooting foul committed by Andrej Jakimovski.,NA,FALSE,FALSE,NA,NA,NA,NA,NA,NA,0,Mississippi State,Mississippi State,114
2023-24,2023-11-18,2587516,240,1,2,Washington State,Mississippi State,Cougars,Bulldogs,3,1,50,59,-9,1506,Mississippi State,439,439,0,Shawn Jones Jr. makes free throw 1 of 2.,made,TRUE,FALSE,NA,NA,NA,NA,NA,NA,0,Mississippi State,Mississippi State,114
2023-24,2023-11-18,2587516,241,1,2,Washington State,Mississippi State,Cougars,Bulldogs,3,1,50,60,-10,1506,Mississippi State,439,439,0,Shawn Jones Jr. makes free throw 2 of 2.,made,TRUE,FALSE,NA,NA,NA,NA,NA,NA,0,Mississippi State,Washington State,114
2023-24,2023-11-18,2587516,242,1,2,Washington State,Mississippi State,Cougars,Bulldogs,3,1,52,60,-8,1686,Washington State,421,421,18,Oscar Cluff makes a layup. Joseph Yesufu with the assist.,made,FALSE,FALSE,Layup Shot,25,5.25,1482307,Oscar Cluff,Joseph Yesufu,0,Washington State,Mississippi State,115
2023-24,2023-11-18,2587516,243,1,2,Washington State,Mississippi State,Cougars,Bulldogs,3,1,52,62,-10,1506,Mississippi State,402,402,19,Dashawn Davis makes a jump shot from 7 feet out.,made,FALSE,FALSE,Jump Shot,21.8,11.45,1325119,Dashawn Davis,NA,0,Mississippi State,Washington State,116
2023-24,2023-11-18,2587516,244,1,2,Washington State,Mississippi State,Cougars,Bulldogs,3,1,52,62,-10,1686,Washington State,391,391,11,Andrej Jakimovski misses a 3-point jump shot from 25 feet out.,missed,FALSE,TRUE,Jump Shot,1.7999999999999972,13.950000000000003,1231425,Andrej Jakimovski,NA,0,Washington State,Washington State,117
2023-24,2023-11-18,2587516,245,1,2,Washington State,Mississippi State,Cougars,Bulldogs,3,1,52,62,-10,1506,Mississippi State,391,391,0,Jimmy Bell Jr. with a defensive rebound.,NA,FALSE,FALSE,NA,NA,NA,NA,NA,NA,0,Washington State,Mississippi State,117
2023-24,2023-11-18,2587516,246,1,2,Washington State,Mississippi State,Cougars,Bulldogs,3,1,52,62,-10,1506,Mississippi State,378,378,13,Isaac Jones blocks a Josh Hubbard jump shot from 14 feet out.,missed,FALSE,FALSE,Jump Shot,29.2,18.15,1468440,Josh Hubbard,NA,0,Mississippi State,Mississippi State,118
2023-24,2023-11-18,2587516,247,1,2,Washington State,Mississippi State,Cougars,Bulldogs,3,1,52,62,-10,1506,Mississippi State,378,378,0,Shawn Jones Jr. with an offensive rebound.,NA,FALSE,FALSE,NA,NA,NA,NA,NA,NA,0,Mississippi State,Mississippi State,118
2023-24,2023-11-18,2587516,248,1,2,Washington State,Mississippi State,Cougars,Bulldogs,3,1,52,62,-10,1506,Mississippi State,359,359,19,Jimmy Bell Jr. misses a jump shot from 11 feet out.,missed,FALSE,FALSE,Jump Shot,14.9,9.45,1175055,Jimmy Bell Jr.,NA,0,Mississippi State,Mississippi State,118
2023-24,2023-11-18,2587516,249,1,2,Washington State,Mississippi State,Cougars,Bulldogs,3,1,52,62,-10,1686,Washington State,359,359,0,Andrej Jakimovski with a defensive rebound.,NA,FALSE,FALSE,NA,NA,NA,NA,NA,NA,0,Mississippi State,Washington State,118
2023-24,2023-11-18,2587516,250,1,2,Washington State,Mississippi State,Cougars,Bulldogs,3,1,55,62,-7,1686,Washington State,350,350,9,Joseph Yesufu makes a 3-point jump shot from 25 feet out.,made,FALSE,TRUE,Jump Shot,47.5,17.049999999999997,1180093,Joseph Yesufu,NA,0,Washington State,Mississippi State,119
2023-24,2023-11-18,2587516,251,1,2,Washington State,Mississippi State,Cougars,Bulldogs,3,0,55,62,-7,1506,Mississippi State,339,339,11,Bulldogs take a 30-second timeout.,NA,FALSE,FALSE,NA,NA,NA,NA,NA,NA,0,NA,NA,NA
2023-24,2023-11-18,2587516,252,1,2,Washington State,Mississippi State,Cougars,Bulldogs,3,0,55,64,-9,1506,Mississippi State,324,324,15,Gai Chol makes a jump shot from 13 feet out. Dashawn Davis with the assist.,made,FALSE,FALSE,Jump Shot,32.1,16.45,1468442,Gai Chol,Dashawn Davis,0,Mississippi State,Washington State,120
2023-24,2023-11-18,2587516,253,1,2,Washington State,Mississippi State,Cougars,Bulldogs,3,0,55,64,-9,1686,Washington State,306,306,18,Joseph Yesufu misses a jump shot from 18 feet out.,missed,FALSE,FALSE,Jump Shot,36,19.450000000000003,1180093,Joseph Yesufu,NA,0,Washington State,Washington State,121
2023-24,2023-11-18,2587516,254,1,2,Washington State,Mississippi State,Cougars,Bulldogs,3,0,55,64,-9,1506,Mississippi State,306,306,0,Gai Chol with a defensive rebound.,NA,FALSE,FALSE,NA,NA,NA,NA,NA,NA,0,Washington State,Mississippi State,121
2023-24,2023-11-18,2587516,255,1,2,Washington State,Mississippi State,Cougars,Bulldogs,3,0,55,64,-9,1686,Washington State,286,286,20,Shooting foul committed by Joseph Yesufu.,NA,FALSE,FALSE,NA,NA,NA,NA,NA,NA,0,Mississippi State,Mississippi State,122
2023-24,2023-11-18,2587516,256,1,2,Washington State,Mississippi State,Cougars,Bulldogs,3,0,55,65,-10,1506,Mississippi State,286,286,0,Dashawn Davis makes free throw 1 of 2.,made,TRUE,FALSE,NA,NA,NA,NA,NA,NA,0,Mississippi State,Mississippi State,122
2023-24,2023-11-18,2587516,257,1,2,Washington State,Mississippi State,Cougars,Bulldogs,3,0,55,66,-11,1506,Mississippi State,286,286,0,Dashawn Davis makes free throw 2 of 2.,made,TRUE,FALSE,NA,NA,NA,NA,NA,NA,0,Mississippi State,Washington State,122
2023-24,2023-11-18,2587516,258,1,2,Washington State,Mississippi State,Cougars,Bulldogs,3,0,55,66,-11,1506,Mississippi State,275,275,11,Personal foul committed by Gai Chol.,NA,FALSE,FALSE,NA,NA,NA,NA,NA,NA,0,Washington State,Washington State,123
2023-24,2023-11-18,2587516,259,1,2,Washington State,Mississippi State,Cougars,Bulldogs,3,0,55,66,-11,1686,Washington State,267,267,8,Myles Rice misses a 3-point jump shot from 22 feet out.,missed,FALSE,TRUE,Jump Shot,47.3,7.75,1325090,Myles Rice,NA,0,Washington State,Mississippi State,123
2023-24,2023-11-18,2587516,261,1,2,Washington State,Mississippi State,Cougars,Bulldogs,3,0,55,66,-11,1686,Washington State,266,266,1,Personal foul committed by Oscar Cluff.,NA,FALSE,FALSE,NA,NA,NA,NA,NA,NA,0,Mississippi State,Mississippi State,124
2023-24,2023-11-18,2587516,262,1,2,Washington State,Mississippi State,Cougars,Bulldogs,3,0,55,67,-12,1506,Mississippi State,266,266,0,Cameron Matthews makes free throw 1 of 2.,made,TRUE,FALSE,NA,NA,NA,NA,NA,NA,0,Mississippi State,Mississippi State,124
2023-24,2023-11-18,2587516,263,1,2,Washington State,Mississippi State,Cougars,Bulldogs,3,0,55,68,-13,1506,Mississippi State,266,266,0,Cameron Matthews makes free throw 2 of 2.,made,TRUE,FALSE,NA,NA,NA,NA,NA,NA,0,Mississippi State,Washington State,124
2023-24,2023-11-18,2587516,264,1,2,Washington State,Mississippi State,Cougars,Bulldogs,3,0,55,68,-13,1506,Mississippi State,256,256,10,Personal foul committed by Gai Chol.,NA,FALSE,FALSE,NA,NA,NA,NA,NA,NA,0,Washington State,Washington State,125
2023-24,2023-11-18,2587516,265,1,2,Washington State,Mississippi State,Cougars,Bulldogs,3,0,57,68,-11,1686,Washington State,249,249,7,Myles Rice makes a jump shot from 9 feet out. Andrej Jakimovski with the assist.,made,FALSE,FALSE,Jump Shot,25.5,14.049999999999997,1325090,Myles Rice,Andrej Jakimovski,0,Washington State,Mississippi State,125
2023-24,2023-11-18,2587516,266,1,2,Washington State,Mississippi State,Cougars,Bulldogs,3,0,57,68,-11,1506,Mississippi State,234,234,15,Josh Hubbard misses a 3-point jump shot from 22 feet out.,missed,FALSE,TRUE,Jump Shot,44.7,15.95,1468440,Josh Hubbard,NA,0,Mississippi State,Washington State,126
2023-24,2023-11-18,2587516,268,1,2,Washington State,Mississippi State,Cougars,Bulldogs,3,0,57,68,-11,1506,Mississippi State,232,232,2,Personal foul committed by Shawn Jones Jr..,NA,FALSE,FALSE,NA,NA,NA,NA,NA,NA,0,Washington State,Washington State,127
2023-24,2023-11-18,2587516,269,1,2,Washington State,Mississippi State,Cougars,Bulldogs,3,-1,57,68,-11,1506,Mississippi State,232,232,0,Bulldogs take a full timeout.,NA,FALSE,FALSE,NA,NA,NA,NA,NA,NA,0,NA,NA,NA
2023-24,2023-11-18,2587516,270,1,2,Washington State,Mississippi State,Cougars,Bulldogs,3,-1,57,68,-11,1686,Washington State,213,213,19,Shawn Jones Jr. steals the ball from Isaac Jones.,NA,FALSE,FALSE,NA,NA,NA,NA,NA,NA,0,Washington State,Mississippi State,127
2023-24,2023-11-18,2587516,271,1,2,Washington State,Mississippi State,Cougars,Bulldogs,3,-1,57,68,-11,1686,Washington State,207,207,6,Personal foul committed by Myles Rice.,NA,FALSE,FALSE,NA,NA,NA,NA,NA,NA,0,Mississippi State,Mississippi State,128
2023-24,2023-11-18,2587516,272,1,2,Washington State,Mississippi State,Cougars,Bulldogs,3,-1,57,68,-11,1506,Mississippi State,207,207,0,Shakeel Moore misses free throw 1 of 1.,missed,TRUE,FALSE,NA,NA,NA,NA,NA,NA,0,Mississippi State,Mississippi State,128
2023-24,2023-11-18,2587516,273,1,2,Washington State,Mississippi State,Cougars,Bulldogs,3,-1,57,68,-11,1686,Washington State,207,207,0,Isaac Jones with a defensive rebound.,NA,FALSE,FALSE,NA,NA,NA,NA,NA,NA,0,Mississippi State,Washington State,128
2023-24,2023-11-18,2587516,274,1,2,Washington State,Mississippi State,Cougars,Bulldogs,3,-1,57,68,-11,1686,Washington State,198,198,9,Myles Rice misses a 3-point jump shot from 24 feet out.,missed,FALSE,TRUE,Jump Shot,45.3,18.549999999999997,1325090,Myles Rice,NA,0,Washington State,Washington State,129
2023-24,2023-11-18,2587516,275,1,2,Washington State,Mississippi State,Cougars,Bulldogs,3,-1,57,68,-11,1686,Washington State,198,198,0,Rueben Chinyelu with an offensive rebound.,NA,FALSE,FALSE,NA,NA,NA,NA,NA,NA,0,Washington State,Washington State,129
2023-24,2023-11-18,2587516,276,1,2,Washington State,Mississippi State,Cougars,Bulldogs,3,-1,59,68,-9,1686,Washington State,192,192,6,Rueben Chinyelu makes a jump shot from 14 feet out. Joseph Yesufu with the assist.,made,FALSE,FALSE,Jump Shot,21,19.25,1461371,Rueben Chinyelu,Joseph Yesufu,0,Washington State,Mississippi State,129
2023-24,2023-11-18,2587516,277,1,2,Washington State,Mississippi State,Cougars,Bulldogs,3,-1,59,68,-9,1506,Mississippi State,172,172,20,Shakeel Moore misses a 3-point jump shot from 23 feet out.,missed,FALSE,TRUE,Jump Shot,47.5,6.35,1241399,Shakeel Moore,NA,0,Mississippi State,Mississippi State,130
2023-24,2023-11-18,2587516,278,1,2,Washington State,Mississippi State,Cougars,Bulldogs,3,-1,59,68,-9,1686,Washington State,172,172,0,Andrej Jakimovski with a defensive rebound.,NA,FALSE,FALSE,NA,NA,NA,NA,NA,NA,0,Mississippi State,Washington State,130
2023-24,2023-11-18,2587516,279,1,2,Washington State,Mississippi State,Cougars,Bulldogs,3,-1,61,68,-7,1686,Washington State,161,161,11,Myles Rice makes a layup.,made,FALSE,FALSE,Layup Shot,25,5.25,1325090,Myles Rice,NA,0,Washington State,Mississippi State,131
2023-24,2023-11-18,2587516,280,1,2,Washington State,Mississippi State,Cougars,Bulldogs,2,-1,61,68,-7,1686,Washington State,160,160,1,Cougars take a full timeout.,NA,FALSE,FALSE,NA,NA,NA,NA,NA,NA,0,NA,NA,NA
2023-24,2023-11-18,2587516,281,1,2,Washington State,Mississippi State,Cougars,Bulldogs,2,-1,61,71,-10,1506,Mississippi State,142,142,18,Josh Hubbard makes a 3-point jump shot from 23 feet out. Cameron Matthews with the assist.,made,FALSE,TRUE,Jump Shot,47.3,11.35,1468440,Josh Hubbard,Cameron Matthews,0,Mississippi State,Washington State,132
2023-24,2023-11-18,2587516,282,1,2,Washington State,Mississippi State,Cougars,Bulldogs,2,-1,61,71,-10,1686,Washington State,122,122,20,Cameron Matthews blocks a Isaac Jones layup.,missed,FALSE,FALSE,Layup Shot,26,6.25,1403624,Isaac Jones,NA,0,Washington State,Washington State,133
2023-24,2023-11-18,2587516,283,1,2,Washington State,Mississippi State,Cougars,Bulldogs,2,-1,61,71,-10,1506,Mississippi State,122,122,0,Cameron Matthews with a defensive rebound.,NA,FALSE,FALSE,NA,NA,NA,NA,NA,NA,0,Washington State,Mississippi State,133
2023-24,2023-11-18,2587516,284,1,2,Washington State,Mississippi State,Cougars,Bulldogs,2,-1,61,71,-10,1506,Mississippi State,98,98,24,Shawn Jones Jr. misses a jump shot from 11 feet out.,missed,FALSE,FALSE,Jump Shot,32.9,13.15,1408261,Shawn Jones Jr.,NA,0,Mississippi State,Mississippi State,134
2023-24,2023-11-18,2587516,285,1,2,Washington State,Mississippi State,Cougars,Bulldogs,2,-1,61,71,-10,1686,Washington State,98,98,0,Oscar Cluff with a defensive rebound.,NA,FALSE,FALSE,NA,NA,NA,NA,NA,NA,0,Mississippi State,Washington State,134
2023-24,2023-11-18,2587516,286,1,2,Washington State,Mississippi State,Cougars,Bulldogs,2,-1,64,71,-7,1686,Washington State,85,85,13,Joseph Yesufu makes a 3-point jump shot from 23 feet out. Oscar Cluff with the assist.,made,FALSE,TRUE,Jump Shot,44.2,18.75,1180093,Joseph Yesufu,Oscar Cluff,0,Washington State,Mississippi State,135
2023-24,2023-11-18,2587516,287,1,2,Washington State,Mississippi State,Cougars,Bulldogs,2,-1,64,71,-7,1506,Mississippi State,56,56,29,Dashawn Davis misses a jump shot from 7 feet out.,missed,FALSE,FALSE,Jump Shot,24.9,12.65,1325119,Dashawn Davis,NA,0,Mississippi State,Mississippi State,136
2023-24,2023-11-18,2587516,288,1,2,Washington State,Mississippi State,Cougars,Bulldogs,2,-1,64,71,-7,1686,Washington State,56,56,0,Andrej Jakimovski with a defensive rebound.,NA,FALSE,FALSE,NA,NA,NA,NA,NA,NA,0,Mississippi State,Washington State,136
2023-24,2023-11-18,2587516,289,1,2,Washington State,Mississippi State,Cougars,Bulldogs,2,-1,64,71,-7,1686,Washington State,47,47,9,Kymany Houinsou misses a jump shot from 9 feet out.,missed,FALSE,FALSE,Jump Shot,19.9,12.450000000000003,1417492,Kymany Houinsou,NA,0,Washington State,Washington State,137
2023-24,2023-11-18,2587516,290,1,2,Washington State,Mississippi State,Cougars,Bulldogs,2,-1,64,71,-7,1506,Mississippi State,47,47,0,Jimmy Bell Jr. with a defensive rebound.,NA,FALSE,FALSE,NA,NA,NA,NA,NA,NA,0,Washington State,Mississippi State,137
2023-24,2023-11-18,2587516,291,1,2,Washington State,Mississippi State,Cougars,Bulldogs,2,-1,64,71,-7,1686,Washington State,45,45,2,Personal foul committed by Isaac Jones.,NA,FALSE,FALSE,NA,NA,NA,NA,NA,NA,0,Mississippi State,Mississippi State,138
2023-24,2023-11-18,2587516,292,1,2,Washington State,Mississippi State,Cougars,Bulldogs,2,-1,64,72,-8,1506,Mississippi State,45,45,0,Jimmy Bell Jr. makes free throw 1 of 2.,made,TRUE,FALSE,NA,NA,NA,NA,NA,NA,0,Mississippi State,Mississippi State,138
2023-24,2023-11-18,2587516,293,1,2,Washington State,Mississippi State,Cougars,Bulldogs,2,-1,64,73,-9,1506,Mississippi State,45,45,0,Jimmy Bell Jr. makes free throw 2 of 2.,made,TRUE,FALSE,NA,NA,NA,NA,NA,NA,0,Mississippi State,Washington State,138
2023-24,2023-11-18,2587516,294,1,2,Washington State,Mississippi State,Cougars,Bulldogs,2,-1,64,73,-9,1686,Washington State,38,38,7,Myles Rice with a turnover - Lost Ball,NA,FALSE,FALSE,NA,NA,NA,NA,NA,NA,0,Washington State,Mississippi State,139
2023-24,2023-11-18,2587516,295,1,2,Washington State,Mississippi State,Cougars,Bulldogs,2,-1,64,76,-12,1506,Mississippi State,8,8,30,Josh Hubbard makes a 3-point jump shot from 23 feet out.,made,FALSE,TRUE,Jump Shot,44.9,15.95,1468440,Josh Hubbard,NA,0,Mississippi State,Washington State,140
2023-24,2023-11-18,2587516,296,1,2,Washington State,Mississippi State,Cougars,Bulldogs,2,-1,64,76,-12,1686,Washington State,1,1,7,Isaac Jones misses a 3-point jump shot from 24 feet out.,missed,FALSE,TRUE,Jump Shot,45.6,16.450000000000003,1403624,Isaac Jones,NA,0,Washington State,Washington State,141
2023-24,2023-11-18,2587516,297,1,2,Washington State,Mississippi State,Cougars,Bulldogs,2,-1,64,76,-12,1506,Mississippi State,1,1,0,D.J. Jeffries with a defensive rebound.,NA,FALSE,FALSE,NA,NA,NA,NA,NA,NA,0,Washington State,Mississippi State,141
2023-24,2023-11-18,2587516,298,1,2,Washington State,Mississippi State,Cougars,Bulldogs,2,-1,64,76,-12,NA,NA,0,0,1,End of the 2nd Half,NA,FALSE,FALSE,NA,NA,NA,NA,NA,NA,0,NA,NA,NA
2023-24,2023-11-18,2587516,299,1,2,Washington State,Mississippi State,Cougars,Bulldogs,2,-1,64,76,-12,NA,NA,0,0,0,End of the Game,NA,FALSE,FALSE,NA,NA,NA,NA,NA,NA,0,Mississippi State,Mississippi State,NA
